1000 1000
1000 1000
1000 1000
1000 1000
1000 1000
1000 1000
1000 1000
1000 1000
1000 1000
1000 1000
1000 1000
1000 1000
1000 1000
1000 1000
1000 1000
1000 1000
1000 1000
1000 1000
1000 1000
1000 1000
1000 1000
1000 1000
1000 1000
1000 1000
1000 1000
1000 1000
1000 1000
1000 1000
1000 1000
1000 1000
1000 1000
1000 1000
1000 1000
1000 1000
1000 1000
1000 1000
1000 1000
1000 1000
1000 1000
1000 1000
1000 1000
1000 1000
1000 1000
1000 1000
1000 1000
1000 1000
1000 1000
1000 1000
1000 1000
1000 1000
1000 1000
1000 1000
1000 1000
1000 1000
1000 1000
1000 1000
1000 1000
1000 1000
1000 1000
1000 1000
1000 1000
1000 1000
1000 1000
1000 1000
1000 1000
1000 1000
1000 1000
1000 1000
1000 1000
1000 1000
1000 1000
1000 1000
1000 1000
1000 1000
1000 1000
1000 1000
1000 1000
1000 1000
1000 1000
1000 1000
1000 1000
1000 1000
1000 1000
1000 1000
1000 1000
1000 1000
1000 1000
1000 1000
1000 1000
1000 1000
1000 1000
1000 1000
1000 1000
1000 1000
1000 1000
1000 1000
1000 1000
1000 1000
1000 1000
1000 1000
1000 1000
1000 1000
1000 1000
1000 1000
1000 1000
1000 1000
1000 1000
1000 1000
1000 1000
1000 1000
1000 1000
1000 1000
1000 1000
1000 1000
1000 1000
1000 1000
1000 1000
1000 1000
1000 1000
1000 1000
1000 1000
1000 1000
1000 1000
1000 1000
1000 1000
1000 1000
1000 1000
1000 1000
1000 1000
1000 1000
1000 1000
1000 1000
1000 1000
1000 1000
1000 1000
1000 1000
1000 1000
1000 1000
1000 1000
1000 1000
1000 1000
1000 1000
1000 1000
1000 1000
1000 1000
1000 1000
1000 1000
1000 1000
1000 1000
1000 1000
1000 1000
1000 1000
1000 1000
1000 1000
1000 1000
1000 1000
1000 1000
1000 1000
1000 1000
1000 1000
1000 1000
1000 1000
1000 1000
1000 1000
1000 1000
1000 1000
1000 1000
1000 1000
1000 1000
1000 1000
1000 1000
1000 1000
1000 1000
1000 1000
1000 1000
1000 1000
1000 1000
1000 1000
1000 1000
1000 1000
1000 1000
1000 1000
1000 1000
1000 1000
1000 1000
1000 1000
1000 1000
1000 1000
1000 1000
1000 1000
1000 1000
1000 1000
1000 1000
1000 1000
1000 1000
1000 1000
1000 1000
1000 1000
1000 1000
1000 1000
1000 1000
1000 1000
1000 1000
1000 1000
1000 1000
1000 1000
1000 1000
1000 1000
1000 1000
1000 1000
1000 1000
1000 1000
1000 1000
1000 1000
1000 1000
1000 1000
1000 1000
1000 1000
1000 1000
1000 1000
1000 1000
1000 1000
1000 1000
1000 1000
1000 1000
1000 1000
1000 1000
1000 1000
1000 1000
1000 1000
1000 1000
1000 1000
1000 1000
1000 1000
1000 1000
1000 1000
1000 1000
1000 1000
1000 1000
1000 1000
1000 1000
1000 1000
1000 1000
1000 1000
1000 1000
1000 1000
1000 1000
1000 1000
1000 1000
1000 1000
1000 1000
1000 1000
1000 1000
1000 1000
1000 1000
1000 1000
1000 1000
1000 1000
1000 1000
1000 1000
1000 1000
1000 1000
1000 1000
1000 1000
1000 1000
1000 1000
1000 1000
1000 1000
1000 1000
1000 1000
1000 1000
1000 1000
1000 1000
1000 1000
1000 1000
1000 1000
1000 1000
1000 1000
1000 1000
1000 1000
1000 1000
1000 1000
1000 1000
1000 1000
1000 1000
1000 1000
1000 1000
1000 1000
1000 1000
1000 1000
1000 1000
1000 1000
1000 1000
1000 1000
1000 1000
1000 1000
1000 1000
1000 1000
1000 1000
1000 1000
1000 1000
1000 1000
1000 1000
1000 1000
1000 1000
1000 1000
1000 1000
1000 1000
1000 1000
1000 1000
1000 1000
1000 1000
1000 1000
1000 1000
1000 1000
1000 1000
1000 1000
1000 1000
1000 1000
1000 1000
1000 1000
1000 1000
1000 1000
1000 1000
1000 1000
1000 1000
1000 1000
1000 1000
1000 1000
1000 1000
1000 1000
1000 1000
1000 1000
1000 1000
1000 1000
1000 1000
1000 1000
1000 1000
1000 1000
1000 1000
1000 1000
1000 1000
1000 1000
1000 1000
1000 1000
1000 1000
1000 1000
1000 1000
1000 1000
1000 1000
1000 1000
1000 1000
1000 1000
1000 1000
1000 1000
1000 1000
1000 1000
1000 1000
1000 1000
1000 1000
1000 1000
1000 1000
1000 1000
1000 1000
1000 1000
1000 1000
1000 1000
1000 1000
1000 1000
1000 1000
1000 1000
1000 1000
1000 1000
1000 1000
1000 1000
1000 1000
1000 1000
1000 1000
1000 1000
1000 1000
1000 1000
1000 1000
1000 1000
1000 1000
1000 1000
1000 1000
1000 1000
1000 1000
1000 1000
1000 1000
1000 1000
1000 1000
1000 1000
1000 1000
1000 1000
1000 1000
1000 1000
1000 1000
1000 1000
1000 1000
1000 1000
1000 1000
1000 1000
1000 1000
1000 1000
1000 1000
1000 1000
1000 1000
1000 1000
1000 1000
1000 1000
1000 1000
1000 1000
1000 1000
1000 1000
1000 1000
1000 1000
1000 1000
1000 1000
1000 1000
1000 1000
1000 1000
1000 1000
1000 1000
1000 1000
1000 1000
1000 1000
1000 1000
1000 1000
1000 1000
1000 1000
1000 1000
1000 1000
1000 1000
1000 1000
1000 1000
1000 1000
1000 1000
1000 1000
1000 1000
1000 1000
1000 1000
1000 1000
1000 1000
1000 1000
1000 1000
1000 1000
1000 1000
1000 1000
1000 1000
1000 1000
1000 1000
1000 1000
1000 1000
1000 1000
1000 1000
1000 1000
1000 1000
1000 1000
1000 1000
1000 1000
1000 1000
1000 1000
1000 1000
1000 1000
1000 1000
1000 1000
1000 1000
1000 1000
1000 1000
1000 1000
1000 1000
1000 1000
1000 1000
1000 1000
1000 1000
1000 1000
1000 1000
1000 1000
1000 1000
1000 1000
1000 1000
1000 1000
1000 1000
1000 1000
1000 1000
1000 1000
1000 1000
1000 1000
1000 1000
999.9958 999.2
999.9507 997.6008
999.7524 995.2092
999.5873 993.6177
999.5873 993.6177
999.5873 993.6177
999.5873 993.6177
999.5873 993.6177
999.5873 993.6177
999.5873 993.6177
999.5873 993.6177
999.5873 993.6177
999.5873 993.6177
999.5873 993.6177
999.5873 993.6177
999.5873 993.6177
999.5873 993.6177
999.5873 993.6177
999.5873 993.6177
999.5873 993.6177
999.5873 993.6177
999.5873 993.6177
999.5873 993.6177
999.4987 992.8227
999.2222 992.0804
998.7491 992.0795
998.5717 992.0794
998.5717 992.0794
998.5717 992.0794
998.5717 992.0794
998.5717 992.0794
998.5717 992.0794
998.5717 992.0794
998.5717 992.0794
998.5717 992.0794
998.5717 992.0794
998.5717 992.0794
998.5717 992.0794
998.5717 992.0794
998.5717 992.0794
998.5717 992.0794
998.5717 992.0794
998.2949 992.0792
997.7724 992.0781
996.9806 992.0764
996.2569 992.0759
996.2569 992.0759
996.1092 992.0758
995.3322 992.0745
994.3097 992.0735
993.5963 992.0727
992.4001 992.0691
991.2438 992.0653
989.7501 992.0634
987.878 992.0584
986.0724 992.0501
984.0383 992.039
981.821 992.0266
979.4829 992.0138
977.0892 992.0084
974.7072 992.2778
972.8157 993.1046
970.7664 994.6861
968.553 996.3939
966.8949 998.1273
965.3826 999.9907
964.8938 1000.624
964.8938 1000.624
964.8938 1000.624
964.8938 1000.624
964.8938 1000.624
964.8938 1000.624
964.8938 1000.624
964.8938 1000.624
963.4717 1002.557
962.21 1004.597
961.1472 1005.286
960.4879 1005.286
960.4879 1005.286
959.7054 1005.286
959.0046 1005.286
958.47 1005.286
957.7258 1005.286
957.1801 1005.286
956.9664 1005.286
957.1509 1005.286
957.7315 1005.286
958.6918 1005.287
960.005 1005.294
961.6343 1005.303
963.5266 1005.312
965.5754 1005.318
968.0378 1005.32
968.0378 1005.32
968.0378 1005.32
968.0378 1005.32
968.0378 1005.32
968.0378 1005.32
968.0378 1005.32
968.0378 1005.32
968.0378 1005.32
968.0378 1005.32
968.0378 1005.32
968.0378 1005.32
968.0378 1005.32
968.0378 1005.32
968.0378 1005.32
968.0378 1005.32
968.0378 1005.32
968.0378 1005.32
968.0378 1005.32
968.0378 1005.32
968.0378 1005.32
968.0378 1005.32
968.0378 1005.32
968.0378 1005.32
968.0378 1005.32
968.0378 1005.32
968.0378 1005.32
968.0378 1005.32
968.0378 1005.32
968.0378 1005.32
968.0378 1005.32
968.0378 1005.32
968.0378 1005.32
968.0378 1005.32
968.0378 1005.32
968.0378 1005.32
968.0378 1005.32
968.0378 1005.32
968.0378 1005.32
968.0378 1005.32
968.0378 1005.32
968.0378 1005.32
968.0378 1005.32
968.0378 1005.32
968.0378 1005.32
968.0378 1005.32
968.0378 1005.32
968.0378 1005.32
968.0378 1005.32
968.0378 1005.32
968.0378 1005.32
968.0378 1005.32
968.0378 1005.32
968.0378 1005.32
968.0378 1005.32
968.0378 1005.32
966.6361 1004.548
964.9337 1003.5
962.7485 1001.755
961.1675 999.9526
959.9092 998.0708
958.8956 998.0708
958.4309 998.0708
958.2338 998.0708
958.1655 998.0708
958.1578 998.0708
958.154 998.0708
958.2523 998.0708
958.7419 998.0708
959.5711 998.0708
960.7574 998.0665
962.2822 998.0562
964.2198 996.9932
966.2668 995.7454
968.4932 994.8566
970.8367 994.4256
973.2316 994.3184
975.6108 994.6121
978.278 995.4498
980.7316 996.7896
982.3013 998.0264
984.1779 1000.099
985.4399 1002.137
986.3442 1004.357
986.8657 1005.28
986.9897 1005.28
986.7126 1005.28
986.0424 1005.282
984.9976 1005.288
983.6077 1005.296
981.6022 1005.307
979.6093 1005.318
977.4221 1005.33
974.7067 1005.345
972.3136 1005.352
969.9305 1005.091
967.6242 1004.437
965.4594 1003.408
963.1929 1001.771
961.7906 1000.347
960.1885 998.0692
959.1856 998.066
958.5666 998.066
958.3442 998.066
958.588 998.066
959.226 998.066
960.2314 998.0707
961.5919 998.0625
963.3989 997.6375
965.3342 996.2228
967.4785 995.1508
969.7714 994.4514
972.5504 994.2889
974.9423 994.4493
977.652 995.1368
979.8311 996.1361
981.4988 997.2372
983.5422 999.1451
984.9703 1001.071
986.0573 1003.207
986.7727 1005.28
987.0966 1005.28
987.0198 1005.28
986.5444 1005.28
985.6839 1005.285
984.4623 1005.292
982.9138 1005.3
981.0818 1005.31
978.655 1005.324
976.0048 1005.339
973.6318 1005.352
971.2353 1005.271
968.8824 1004.813
966.6389 1003.968
964.5677 1002.76
962.727 1001.225
961.168 999.4037
959.9346 998.0692
959.0613 998.0692
958.5726 998.0692
958.506 998.0692
958.959 998.0692
959.6245 998.0692
960.3888 998.0718
960.3888 998.0718
960.3888 998.0718
960.9296 998.0731
961.524 998.0731
962.6076 998.0094
963.1238 997.8262
963.1238 997.8262
963.1238 997.8262
963.1238 997.8262
963.1238 997.8262
963.6829 997.4546
964.5522 996.1563
965.8309 994.4778
967.376 994.4641
969.2029 994.4525
971.6466 994.1656
973.9056 993.3633
976.2668 992.949
979.0641 992.886
981.4584 993.0485
982.6534 993.1575
982.6534 993.1575
982.6534 993.1575
982.6534 993.1575
982.6534 993.1575
982.6534 993.1575
982.6534 993.1575
982.6534 993.1575
982.6534 993.1575
982.6534 993.1575
982.8374 992.0811
982.9847 992.0811
983.2061 992.0811
983.3908 992.0811
983.5806 992.0801
983.8058 992.0793
983.9532 992.0793
984.1743 992.0793
984.3586 992.0793
984.5428 992.0793
984.7639 992.0793
984.9481 992.0793
985.1323 992.0793
985.3535 992.0793
986.3961 992.0416
988.7695 992.2872
991.0682 992.9694
993.2256 994.0146
995.1786 995.4049
996.8723 997.1014
998.4579 999.4039
999.301 1001.216
1000.127 1003.889
1000.634 1005.279
1000.864 1005.279
1000.864 1005.279
1000.864 1005.279
1000.864 1005.279
1000.864 1005.279
1000.864 1005.279
1003.22 1004.824
1004.791 1004.52
1007.148 1004.065
1009.111 1003.685
1011.075 1003.305
1013.431 1002.85
1015.002 1002.546
1017.359 1002.091
1017.751 1002.015
1019.715 1001.635
1022.071 1001.18
1022.464 1001.104
1024.82 1000.648
1026.391 1000.345
1028.355 999.9653
1030.319 999.5857
1031.497 999.358
1033.46 998.9784
1035.817 998.5229
1038.173 998.0674
1039.744 998.0152
1040.53 998.0151
1040.53 998.0151
1040.289 998.0151
1039.807 998.012
1039.019 998.012
1037.89 998.012
1036.371 997.9518
1034.174 996.3831
1033.021 993.8854
1031.7 992.0422
1031.7 992.0422
1031.7 992.0422
1033.407 993.0852
1034.477 994.218
1034.56 996.1153
1035.818 998.0803
1036.962 1000.187
1037.74 1002.455
1038.169 1004.815
1038.368 1007.206
1038.456 1009.204
1038.456 1009.204
1038.456 1009.204
1038.456 1009.204
1039.256 1009.17
1041.254 1009.087
1043.252 1009.004
1045.65 1008.904
1046.05 1008.888
1046.512 1006.998
1047.467 1005.241
1048.504 1003.078
1049.493 1000.463
1049.954 997.7061
1049.917 995.3091
1049.48 992.952
1048.656 990.7006
1048.085 988.6201
1048.085 986.4814
1048.087 984.9072
1048.087 984.241
1048.088 984.1323
1048.096 984.5389
1048.096 984.5389
1048.096 984.5389
1048.096 984.5389
1048.096 984.5389
1048.096 984.5389
1049.218 984.1131
1051.111 983.4673
1053.442 982.9047
1055.715 982.219
1056.331 979.5367
1056.173 977.1419
1056.015 974.7471
1055.883 972.7515
1055.751 970.7558
1055.593 968.361
1055.435 965.9662
1055.33 964.3697
1055.171 961.9749
1055.013 959.5801
1054.881 957.5845
1054.75 955.5889
1054.591 953.194
1054.46 951.1984
1054.328 949.2028
1054.17 946.808
1054.038 944.8123
1053.906 942.8167
1053.748 940.4219
1053.616 938.4263
1053.484 936.4306
1053.352 934.4349
1053.221 932.4393
1053.062 930.0445
1052.931 928.0488
1052.799 926.0532
1052.641 923.6584
1052.535 922.0619
1052.377 919.6671
1052.271 918.0706
1052.113 915.6758
1051.982 913.6802
1051.823 911.2854
1051.692 909.2897
1051.586 907.6932
1051.428 905.2984
1051.296 903.3028
1051.164 901.3071
1051.138 900.908
1051.138 900.908
1051.138 900.908
1051.138 900.908
1051.138 900.908
1051.138 900.908
1051.138 900.908
1051.006 898.9124
1050.874 896.9167
1050.743 894.921
1050.663 893.7236
1050.505 891.3289
1050.4 889.7324
1050.242 887.3376
1050.242 887.3376
1050.162 886.1402
1050.031 884.1445
1049.978 883.3463
1049.978 883.3463
1049.978 883.3463
1049.978 883.3463
1049.978 883.3463
1049.978 883.3463
1049.978 883.3463
1049.82 880.9515
1049.714 879.355
1049.556 876.9601
1049.777 875.4102
1052.007 874.8028
1054.399 874.9799
1056.738 875.5054
1059.001 876.303
1060.181 877.235
1060.223 875.032
1060.223 873.9305
1060.223 873.9305
1060.223 873.9305
1060.223 873.9305
1060.223 873.9305
1058.746 873.3146
1057.248 872.7557
1054.537 872.0646
1052.147 871.8815
1049.758 872.087
1047.407 872.5656
1045.084 873.17
1045.084 873.17
1045.084 873.17
1045.084 873.17
1045.084 873.17
1045.084 873.17
1045.084 873.17
1045.084 873.17
1047.022 872.6751
1048.587 872.3418
1050.967 872.0402
1053.364 871.9444
1055.754 872.1383
1058.105 872.6197
1060.178 873.3495
1060.178 873.3495
1060.178 873.3495
1060.178 873.3495
1060.178 873.3495
1060.178 873.3495
1060.178 873.3495
1060.178 873.3495
1058.634 872.9313
1056.684 872.4879
1053.921 872.0338
1053.921 872.0338
1053.921 872.0338
1053.921 872.0338
1053.921 872.0338
1053.921 872.0338
1053.921 872.0338
1053.921 872.0338
1053.921 872.0338
1053.921 872.0338
1053.921 872.0338
1053.921 872.0338
1053.921 872.0338
1053.921 872.0338
1054.156 870.451
1054.449 868.4727
1054.801 866.0986
1054.918 865.3073
1054.918 865.3073
1054.918 865.3073
1054.918 865.3073
1053.333 865.0919
1051.341 864.9124
1049.344 864.8177
1049.344 864.8177
1049.344 864.8177
1049.344 864.8177
1049.344 864.8177
1049.344 864.8177
1049.344 864.8177
1049.344 864.8177
1049.344 864.8177
1049.344 864.8177
1049.344 864.8177
1049.344 864.8177
1049.344 864.8177
1049.344 864.8177
1049.344 864.8177
1049.344 864.8177
1049.344 864.8177
1049.344 864.8177
1049.344 864.8177
1049.404 863.2188
1049.479 861.2202
1049.554 859.2216
1049.554 859.2216
1049.554 859.2216
1049.554 859.2216
1049.554 859.2216
1049.554 859.2216
1049.554 859.2216
1049.554 859.2216
1049.554 859.2216
1049.554 859.2216
1049.554 859.2216
1049.554 859.2216
1049.554 859.2216
1049.554 859.2216
1049.554 859.2216
1049.554 859.2216
1049.554 859.2216
1049.554 859.2216
1049.554 859.2216
1049.554 859.2216
1049.554 859.2216
1049.554 859.2216
1049.554 859.2216
1049.554 859.2216
1049.554 859.2216
1049.554 859.2216
1049.554 859.2216
1049.554 859.2216
1049.554 859.2216
1049.554 859.2216
1049.554 859.2216
1049.554 859.2216
1049.554 859.2216
1049.554 859.2216
1049.554 859.2216
1049.599 858.0225
1049.674 856.0239
1049.734 854.425
1049.734 854.425
1049.779 853.2258
1049.854 851.2272
1049.884 850.4278
1049.884 850.4278
1049.884 850.4278
1049.884 850.4278
1049.884 850.4278
1049.899 850.0281
1049.974 848.0295
1050.064 845.6312
1050.064 845.6312
1050.124 844.0323
1050.184 842.4335
1050.274 840.0352
1050.289 839.6354
1050.289 839.6354
1050.289 839.6354
1051.488 839.6891
1053.88 839.8821
1056.237 840.3239
1058.497 841.1232
1060.489 842.2319
1060.317 842.6291
1060.204 844.106
1060.215 846.0999
1060.227 848.2878
1060.24 850.6085
1060.25 852.9931
1060.254 855.3922
1060.24 856.9922
1060.24 856.9922
1060.24 856.9922
1060.24 856.9922
1060.24 856.9922
1060.24 856.9922
1060.24 856.9922
1060.24 856.9922
1060.226 857.7921
1060.162 859.3907
1059.894 861.7743
1059.29 864.0945
1058.311 866.2828
1056.981 868.2772
1055.337 870.0219
1053.431 871.4772
1051.367 872.7
1049.238 873.8071
1049.238 873.8071
1049.238 873.8071
1049.238 873.8071
1049.238 873.8071
1049.238 873.8071
1049.238 873.8071
1049.238 873.8071
1049.238 873.8071
1049.238 873.8071
1049.601 874.52
1050.327 875.9458
1051.416 878.0845
1052.142 879.5103
1053.231 881.649
1054.138 883.4313
1055.046 885.2135
1056.135 887.3522
1055.904 888.8881
1053.756 889.942
1051.449 890.5959
1049.067 890.8675
1046.671 890.7586
1044.823 890.3979
1044.823 890.014
1044.823 890.014
1044.823 890.014
1044.823 890.014
1044.823 890.014
1044.823 890.014
1044.823 890.014
1044.823 890.014
1044.823 890.014
1044.823 890.014
1044.823 890.014
1044.823 890.014
1044.823 890.014
1044.823 890.014
1044.76 890.406
1044.76 892.366
1044.76 894.326
1044.76 896.6781
1044.76 898.2462
1044.76 900.5981
1044.76 902.5582
1044.76 904.5182
1044.76 906.8703
1044.76 908.4383
1045.545 909.3776
1047.121 909.6522
1049.907 909.9074
1052.3 909.7563
1054.634 909.2095
1056.844 908.2809
1059.232 906.822
1060.191 905.4055
1060.191 905.4055
1058.243 906.8072
1056.889 907.6587
1054.728 908.6966
1052.033 909.4406
1049.25 909.7346
1046.851 909.7874
1045.651 909.7905
1045.651 909.7905
1045.653 911.7905
1045.655 913.7905
1045.658 916.1905
1045.659 917.7905
1045.981 920.1539
1046.706 921.5768
1047.459 923.8472
1047.813 927.0276
1048.281 928.9608
1049.275 930.6875
1050.081 932.933
1050.462 934.8964
1050.462 934.8964
1050.462 934.8964
1050.92 937.2524
1051.301 939.2158
1051.682 941.1791
1051.682 941.1791
1051.682 941.1791
1051.834 941.9644
1052.292 944.3204
1052.673 946.2838
1053.054 948.2471
1053.435 950.2104
1053.817 952.1738
1054.274 954.5298
1054.655 956.4932
1055.036 958.4565
1055.072 960.7971
1053.459 961.7667
1050.665 961.8925
1048.279 961.6453
1045.92 961.2014
1045.529 961.1176
1045.529 961.1176
1045.529 961.1176
1045.529 961.1176
1045.529 961.1176
1047.098 961.4332
1049.075 961.7335
1051.47 961.8653
1054.269 961.8088
1054.359 964.2072
1054.45 966.6055
1054.54 969.0037
1054.6 970.6026
1054.691 973.0009
1054.781 975.3992
1054.841 976.9981
1054.887 978.1972
1054.887 978.1972
1054.887 978.1972
1054.887 978.1972
1054.887 978.1972
1054.962 980.1958
1055.037 982.1944
1055.127 984.5927
1055.218 986.991
1055.293 988.9896
1055.368 990.9882
1055.459 993.3865
1055.549 995.7847
1055.609 997.3836
1055.7 999.7819
1055.79 1002.18
1055.865 1004.179
1055.941 1006.177
1056.031 1008.576
1056.121 1010.974
1056.197 1012.973
1056.272 1014.971
1056.362 1017.369
1056.453 1019.768
1056.543 1022.166
1056.633 1024.564
1056.709 1026.563
1056.784 1028.562
1056.874 1030.96
1056.965 1033.358
1057.055 1035.756
1057.13 1037.755
1057.221 1040.153
1057.296 1042.152
1057.386 1044.55
1057.477 1046.948
1057.567 1049.347
1057.657 1051.745
1057.718 1053.344
1057.808 1055.742
1057.868 1057.341
1057.959 1059.739
1058.049 1062.138
1058.124 1064.136
1058.215 1066.535
1058.29 1068.533
1058.38 1070.931
1058.471 1073.33
1058.561 1075.728
1058.636 1077.727
1057.964 1079.888
1056.073 1080.393
1053.287 1080.117
1052.1 1079.945
1052.1 1079.945
1052.1 1079.945
1052.1 1079.945
1052.495 1080.003
1054.877 1080.297
1057.272 1080.456
1058.47 1080.522
1060.175 1080.577
1060.176 1080.343
1060.176 1079.988
1060.176 1079.925
1060.176 1079.925
1060.176 1079.925
1057.799 1080.254
1055.404 1080.41
1053.005 1080.417
1053.005 1080.417
1050.208 1080.289
1047.822 1080.029
1047.028 1079.93
1047.028 1079.93
1047.028 1079.93
1047.028 1079.93
1047.028 1079.93
1047.028 1079.93
1046.879 1081.121
1046.531 1083.899
1046.282 1085.883
1045.983 1088.265
1045.802 1091.043
1045.802 1093.027
1045.731 1095.807
1045.432 1098.188
1045.134 1100.57
1045.118 1102.953
1046.575 1104.817
1048.853 1105.245
1050.844 1105.053
1050.844 1105.053
1053.22 1104.722
1055.568 1104.225
1057.511 1103.751
1057.511 1103.751
1054.774 1104.339
1054.774 1104.339
1053.594 1104.557
1051.216 1104.877
1048.818 1104.981
1047.219 1104.966
1047.219 1104.966
1047.219 1104.966
1047.219 1104.966
1047.219 1104.966
1047.219 1104.966
1047.219 1104.966
1047.219 1104.966
1047.219 1104.966
1047.203 1105.766
1047.156 1108.165
1047.109 1110.565
1047.062 1112.964
1047.014 1115.364
1046.967 1117.764
1046.92 1120.163
1046.873 1122.563
1046.826 1124.962
1046.779 1127.362
1046.74 1129.361
1046.693 1131.761
1047.294 1134.073
1048.682 1136.019
1050.874 1137.538
1050.874 1138.416
1050.874 1138.953
1050.874 1138.946
1050.874 1138.528
1050.874 1137.846
1050.874 1137.042
1050.874 1137.042
1050.874 1137.042
1050.874 1137.042
1049.815 1139.196
1048.615 1141.274
1047.341 1143.307
1045.966 1145.274
1044.799 1147.078
1044.751 1149.75
1046.15 1152.151
1047.638 1154.035
1049.125 1155.918
1050.612 1157.802
1052.348 1159.999
1053.835 1161.883
1055.322 1163.766
1056.81 1165.65
1058.297 1167.533
1060.187 1169.585
1062.376 1170.558
1064.755 1170.724
1067.484 1170.117
1070.043 1168.991
1072.027 1167.645
1074.307 1165.405
1075.809 1163.865
1076.29 1163.865
1076.29 1163.865
1076.496 1165.451
1076.663 1167.845
1076.494 1171.038
1076.303 1172.627
1076.303 1172.627
1076.303 1172.627
1077.89 1172.832
1080.27 1173.14
1082.65 1173.448
1082.65 1173.448
1082.65 1173.448
1082.65 1173.448
1082.65 1173.448
1082.65 1173.448
1082.65 1173.448
1082.65 1173.448
1082.65 1173.448
1083.047 1173.499
1085.427 1173.807
1088.204 1174.166
1090.584 1174.474
1093.361 1174.833
1095.741 1175.141
1098.122 1175.449
1100.502 1175.756
1102.882 1176.064
1105.262 1176.372
1107.642 1176.68
1110.022 1176.988
1112.524 1175.912
1113.156 1173.229
1113.076 1171.231
1114.674 1171.158
1117.072 1171.049
1119.07 1170.958
1119.07 1170.958
1119.07 1170.958
1119.07 1170.958
1119.07 1170.958
1119.07 1170.958
1119.07 1170.958
1121.467 1170.85
1123.865 1170.741
1126.262 1170.632
1128.66 1170.523
1131.057 1170.414
1133.455 1170.305
1135.852 1170.196
1138.25 1170.087
1140.647 1169.978
1142.645 1169.887
1142.645 1169.887
1142.645 1169.887
1142.645 1169.887
1142.645 1169.887
1142.645 1169.887
1142.645 1169.887
1145.043 1169.778
1147.84 1169.651
1149.838 1169.56
1152.635 1169.433
1155.432 1169.306
1157.83 1169.197
1160.227 1169.088
1162.625 1168.979
1165.022 1168.87
1165.821 1168.834
1165.821 1168.834
1165.754 1167.636
1165.563 1165.646
1164.848 1163.877
1163.881 1163.872
1162.561 1163.865
1160.401 1163.857
1158.638 1163.855
1158.044 1163.855
1158.044 1163.855
1158.044 1163.855
1158.044 1163.855
1158.044 1163.855
1159.382 1163.855
1160.988 1163.855
1162.594 1163.855
1164.2 1163.855
1165.805 1163.855
1167.539 1163.604
1169.23 1161.961
1170.836 1160.177
1172.442 1158.393
1174.048 1156.609
1175.653 1154.826
1177.259 1153.042
1178.885 1151.278
1180.58 1149.584
1182.274 1147.889
1183.404 1146.759
1185.099 1145.064
1186.794 1143.37
1188.488 1141.675
1190.183 1139.98
1191.818 1138.226
1193.424 1136.443
1195.03 1134.659
1196.636 1132.875
1198.241 1131.092
1199.847 1129.308
1201.453 1127.524
1203.059 1125.74
1204.138 1123.823
1204.161 1121.533
1203.906 1119.155
1203.053 1116.916
1201.342 1114.219
1199.689 1112.483
1197.556 1111.392
1195.222 1110.872
1193.53 1111.635
1193.53 1111.775
1195.42 1111.121
1197.737 1110.498
1200.512 1110.162
1203.309 1110.268
1204.097 1110.546
1204.097 1110.648
1204.097 1110.648
1204.32 1107.871
1204.535 1105.491
1204.535 1105.491
1204.535 1105.491
1204.535 1105.491
1204.535 1105.491
1204.535 1105.491
1202.148 1105.234
1199.75 1105.167
1197.353 1105.273
1197.353 1105.273
1197.353 1105.273
1197.353 1105.273
1197.353 1105.273
1197.353 1105.273
1197.353 1105.273
1197.353 1105.273
1197.234 1103.276
1197.091 1100.88
1196.948 1098.485
1196.805 1096.089
1196.662 1093.693
1196.52 1091.298
1196.401 1089.301
1196.258 1086.905
1196.139 1084.909
1195.996 1082.513
1195.853 1080.117
1195.71 1077.722
1196.414 1076.081
1198.413 1076.028
1201.212 1076.075
1201.212 1076.075
1201.27 1073.676
1201.328 1071.277
1201.386 1068.877
1201.445 1066.478
1201.493 1064.479
1201.551 1062.079
1201.599 1060.08
1201.657 1057.681
1201.716 1055.281
1201.774 1052.882
1201.832 1050.483
1201.89 1048.083
1201.938 1046.084
1201.987 1044.085
1202.045 1041.685
1202.103 1039.286
1202.161 1036.887
1202.219 1034.487
1202.248 1033.288
1202.248 1033.288
1202.248 1033.288
1202.248 1033.288
1202.248 1033.288
1202.248 1033.288
1202.296 1031.288
1202.354 1028.889
1201.595 1027.235
1199.197 1027.26
1196.817 1027.557
1194.976 1028.176
1194.974 1028.991
1194.97 1030.202
1194.967 1031.683
1194.966 1032.584
1194.966 1032.584
1194.966 1032.584
1194.966 1032.584
1194.966 1032.584
1194.966 1032.584
1195.627 1032.134
1197.66 1030.859
1200.156 1029.592
1201.248 1029.094
1200.429 1027.27
1199.447 1025.08
1198.464 1022.891
1197.481 1020.701
1196.499 1018.511
1195.516 1016.322
1194.533 1014.132
1194.61 1012.349
1196.834 1011.448
1199.108 1010.68
1199.87 1010.436
1201.016 1010.083
1203.343 1009.497
1204.466 1009.183
1204.466 1009.238
1204.466 1009.682
1204.53 1007.976
1204.011 1006.351
1203.616 1003.916
1203.617 1001.557
1203.617 998.8047
1203.617 996.4459
1203.617 994.0869
1203.617 991.728
1203.617 989.3691
1203.617 987.0102
1203.764 984.6512
1204.206 982.2924
1204.53 979.9335
1204.53 977.5745
1204.53 975.2156
1204.53 972.4636
1204.53 969.7115
1204.539 967.7321
1203.703 965.0696
1202.182 963.2318
1200.278 961.7739
1198.074 960.4011
1198.074 959.6377
1198.074 959.0685
1198.074 958.2856
1198.058 956.3024
1198.058 955.4722
1198.058 955.4722
1198.617 954.8997
1200.35 953.2405
1202.227 951.7469
1204.208 950.3914
1204.208 950.3914
1202.888 948.3864
1201.569 946.3815
1200.25 944.3765
1198.931 942.3716
1197.832 940.7007
1196.732 939.03
1195.413 937.025
1194.094 935.0201
1193.615 932.8918
1195.286 931.3369
1197.457 930.3173
1199.758 929.645
1202.135 929.3227
1204.465 929.2255
1204.465 929.2197
1204.465 929.2197
1204.465 929.2197
1204.465 929.2197
1204.465 929.2197
1204.465 929.2197
1204.465 929.2197
1204.465 927.2197
1204.415 926.8826
1204.26 926.8712
1203.889 926.8045
1203.083 926.4377
1202.184 925.3212
1202.013 923.3751
1202.013 920.9751
1202.013 918.5751
1202.014 916.1751
1202.014 913.7751
1202.014 912.9751
1202.014 912.9751
1202.014 912.9751
1202.014 912.9751
1202.014 912.9751
1202.014 912.9751
1202.014 911.7751
1202.014 909.3751
1202.014 906.9751
1202.014 904.9751
1202.014 902.5751
1202.014 900.5751
1202.014 898.1751
1202.014 896.1751
1202.014 894.1751
1202.014 891.7751
1202.014 889.7751
1201.456 888.2249
1201.267 885.8895
1201.268 883.8895
1201.268 881.8895
1201.268 881.0895
1201.268 881.0895
1201.268 881.0895
1201.208 880.3635
1200.496 879.3712
1200.393 877.0067
1198.945 876.153
1196.949 876.2762
1194.585 876.6763
1191.95 877.6115
1189.548 879.0406
1187.703 880.5739
1186.601 881.9687
1186.6 882.6913
1186.6 882.6913
1186.6 882.6913
1186.6 882.6913
1186.6 882.6913
1186.6 882.6913
1187.443 881.8367
1188.891 880.4583
1190.776 878.9749
1192.798 877.6825
1194.87 876.4727
1194.267 875.4352
1193.062 873.3602
1191.856 871.2852
1190.851 869.556
1189.846 867.8268
1189.042 866.4435
1187.836 864.3685
1186.831 862.6393
1186.585 860.9102
1186.04 859.1367
1185.035 857.4075
1183.829 855.3325
1183.025 853.9492
1181.819 851.8741
1181.016 850.4908
1179.81 848.4158
1179.005 847.0325
1177.8 844.9575
1176.795 843.2283
1175.79 841.4991
1174.584 839.4241
1173.78 838.0408
1172.348 836.1295
1170.237 835.0566
1167.841 835.1728
1165.452 835.3924
1163.125 835.9672
1160.926 836.9221
1158.917 838.2302
1157.029 839.7106
1155.152 841.2047
1153.329 841.9514
1153.037 841.621
1153.037 841.621
1153.037 841.621
1152.861 839.6288
1152.783 837.2305
1152.782 836.0305
1152.782 836.0305
1150.782 836.0243
1149.182 836.0193
1146.782 836.0118
1144.783 836.0056
1142.783 835.9993
1140.783 835.9931
1138.783 835.9869
1136.783 835.9806
1134.783 835.9744
1132.383 835.9669
1130.783 835.9619
1128.383 835.9544
1126.783 835.9494
1124.383 835.942
1122.783 835.937
1120.383 835.9294
1118.783 835.9244
1116.383 835.917
1114.783 835.912
1112.383 835.9045
1110.383 835.8983
1108.383 835.892
1106.383 835.8858
1104.383 835.8795
1101.983 835.8721
1100.383 835.8671
1097.983 835.8596
1095.583 835.8521
1093.983 835.8471
1091.583 835.8396
1091.583 835.8396
1091.583 835.8396
1091.583 835.8396
1091.583 835.8396
1091.583 835.8396
1091.583 835.8396
1090.783 835.8371
1088.783 835.8309
1086.783 835.8246
1084.783 835.8184
1082.783 835.8121
1080.783 835.8059
1078.783 835.7997
1076.783 835.7935
1074.783 835.7872
1072.783 835.7809
1070.783 835.7747
1068.383 835.7672
1066.783 835.7623
1065.183 835.7573
1064.383 835.7548
1061.983 835.7473
1060.383 835.7422
1057.983 835.7348
1056.383 835.7298
1053.983 835.7223
1052.383 835.7173
1049.983 835.7098
1048.383 835.7048
1045.983 835.6973
1043.983 835.6911
1041.983 835.6849
1039.583 835.6774
1037.983 835.6724
1035.583 835.6649
1033.183 835.6574
1031.583 835.6524
1029.183 835.645
1027.183 835.6387
1025.183 835.6324
1022.783 835.625
1020.783 835.6187
1018.783 835.6125
1016.383 835.605
1014.383 835.5988
1012.383 835.5925
1009.983 835.585
1008.383 835.5801
1005.983 835.5726
1003.983 835.5663
1001.983 835.5601
1000.383 835.5551
1000.383 835.5551
1000.383 835.5551
1000.383 835.5551
998.3832 835.5489
995.9833 835.5414
993.9833 835.5352
991.9833 835.5289
989.9833 835.5226
987.9833 835.5164
985.5833 835.5089
983.5833 835.5027
981.5833 835.4965
979.1833 835.489
977.5834 835.4839
975.1833 835.4765
973.1833 835.4702
971.1834 835.464
971.1834 835.464
971.1834 835.464
971.1834 835.464
971.1834 835.464
971.1834 835.464
971.1834 835.464
969.9834 835.4603
968.3834 835.4553
965.9834 835.4478
963.9834 835.4415
961.9835 835.4353
959.5834 835.4278
957.5834 835.4216
955.5834 835.4153
953.1835 835.4078
953.1835 835.4078
953.1835 835.4078
953.1835 835.4078
953.1835 835.4078
950.7835 835.4004
948.3835 835.3929
946.7835 835.3879
945.9835 835.3854
945.9835 835.3854
945.9835 835.3854
945.5835 835.3842
943.5835 835.3779
941.5836 835.3716
939.1835 835.3642
937.1835 835.3579
935.1835 835.3517
932.7836 835.3442
930.7836 835.338
928.7836 835.3317
926.3836 835.3242
924.3836 835.318
922.3836 835.3118
919.9836 835.3043
918.3837 835.2993
915.9836 835.2918
913.5837 835.2843
911.9837 835.2793
911.9837 835.2793
911.9837 835.2793
911.9837 835.2793
911.9837 835.2793
911.9837 835.2793
910.7837 835.2756
908.7837 835.2693
906.3837 835.2618
904.7837 835.2568
902.3837 835.2494
899.9838 835.2419
897.9838 835.2357
895.9838 835.2294
893.5837 835.2219
891.5838 835.2157
889.5838 835.2095
887.1838 835.202
884.7838 835.1945
882.7838 835.1882
880.7838 835.182
878.3839 835.1745
876.3839 835.1683
873.9839 835.1608
871.9839 835.1545
869.9839 835.1483
869.9839 835.1483
869.9839 835.1483
869.9839 835.1483
869.1839 835.1458
867.1839 835.1396
864.7839 835.1321
862.3839 835.1246
860.3839 835.1183
858.3839 835.1121
855.9839 835.1046
853.584 835.0972
851.184 835.0897
849.584 835.0847
847.184 835.0771
844.784 835.0697
843.184 835.0647
840.9209 835.7596
839.5341 837.6164
839.6501 839.9794
840.5795 842.1892
841.8644 842.5342
843.6995 842.541
845.7146 842.5442
845.7146 842.5442
845.7146 842.5442
845.7146 842.5442
845.7146 842.5442
844.6268 842.5442
842.9952 842.5442
841.3635 842.5442
840.0038 842.5442
838.3721 842.5442
837.0124 842.5442
835.3807 842.5442
834.021 842.5442
832.5798 842.6938
830.8308 844.2228
829.1992 845.9828
827.8394 847.4495
826.4797 848.9161
824.848 850.6761
823.4883 852.1429
821.8567 853.9029
820.4969 855.3696
818.8653 857.1296
817.7775 858.1414
816.079 858.2591
814.5839 859.4384
813.2242 860.905
811.5925 862.665
810.2328 864.1317
808.8731 865.5984
807.2414 867.3584
806.1536 868.5318
805.0326 870.6411
804.7642 873.0082
805.3519 875.3294
806.3688 877.5003
807.7336 879.4711
809.3815 881.2139
810.9598 882.7054
812.1089 882.7067
812.7157 882.7067
813.2512 882.7067
813.7866 882.7067
814.2615 882.7062
814.2615 882.7062
814.2615 882.7062
814.2615 882.7062
814.2615 882.7062
814.2615 882.7062
814.2615 882.7062
814.2615 882.7062
814.2615 882.7062
814.2615 882.7062
814.2615 882.7062
814.2615 882.7062
814.2615 882.7062
814.2615 882.7062
813.9587 882.7062
812.3177 882.7399
809.9497 882.7453
807.5836 882.3605
805.3101 881.598
803.0143 881.0662
801.2362 883.1016
800.107 885.2194
799.166 886.9842
798.0368 889.1019
797.0958 890.8668
796.1548 892.6315
795.2139 894.3964
794.4927 896.1611
794.4927 898.2789
794.4677 900.2114
794.6934 902.185
795.6791 904.3603
797.2892 906.1226
799.3046 907.41
801.6068 907.9249
802.7982 907.7809
802.7982 907.7809
803.0918 910.1629
803.3854 912.5449
803.4832 913.3389
803.4832 913.3389
803.4832 913.3389
803.5811 914.1329
803.8257 916.1179
804.0704 918.1028
804.3151 920.0878
804.5598 922.0728
804.8533 924.4548
805.0491 926.0427
805.3427 928.4247
805.5351 930.0127
805.5351 932.3947
805.5351 934.3796
805.5351 936.3646
805.5351 936.7616
805.5351 937.9526
805.5351 939.9376
805.5351 941.9225
805.5351 944.3046
805.5351 945.8925
805.5351 948.2745
805.5351 949.8625
805.5351 951.8475
805.5351 953.8325
805.5352 955.0234
805.5352 955.0234
805.5352 955.8174
805.5352 957.8024
805.5352 960.1844
805.5352 961.7723
805.5352 962.5663
805.5352 962.5663
803.1478 962.8107
800.7496 962.86
798.3564 962.685
796.3683 962.4672
796.2341 963.6597
795.9656 966.0446
795.7419 968.032
795.5629 969.622
795.2945 972.007
795.1155 973.5969
794.847 975.9819
794.6681 977.5718
794.6681 977.5718
794.6681 977.5718
794.6681 977.5718
794.6681 977.5718
794.6681 977.5718
794.6681 977.5718
794.4891 979.1618
794.4641 980.7518
794.4641 983.1367
794.4641 984.7266
794.4641 987.1116
794.7273 988.6843
796.4106 990.3531
798.7681 990.5415
801.1229 990.0817
803.4506 989.4972
803.8377 989.3964
803.8377 989.3964
803.8377 989.3964
803.8377 989.3964
803.8377 989.3964
803.8377 989.3964
803.8377 989.3964
804.14 990.5578
804.6436 992.4933
805.1472 994.4289
805.5247 996.7515
805.5247 998.3
805.5247 1000.623
805.5247 1002.171
805.5247 1004.494
805.5247 1006.042
805.5247 1006.042
805.5247 1006.042
805.5247 1006.042
805.5247 1006.042
805.5247 1006.042
805.5247 1006.042
805.5247 1006.042
805.5247 1006.042
805.5247 1006.042
805.5247 1006.042
805.5247 1006.042
805.5247 1006.429
805.5247 1008.365
805.5247 1010.3
805.5247 1012.236
805.5247 1014.171
805.5247 1016.107
805.5247 1018.043
805.5247 1019.978
805.5247 1021.914
805.5247 1022.301
805.5247 1022.301
804.7495 1022.498
802.7991 1022.94
800.4246 1023.282
798.0307 1023.451
797.6313 1023.472
797.6313 1023.472
797.6313 1023.472
797.6313 1023.472
797.6313 1023.472
797.6313 1023.472
797.6313 1023.472
797.6313 1023.472
797.6313 1023.472
797.6313 1023.472
797.6313 1023.472
797.7153 1025.07
797.8412 1027.467
797.9252 1029.064
798.0512 1031.461
798.1142 1032.66
798.1142 1032.66
798.1142 1032.66
798.1142 1032.66
798.1142 1032.66
798.1142 1032.66
798.1142 1032.66
798.1142 1032.66
798.1142 1032.66
798.1142 1032.66
798.1142 1032.66
798.1142 1032.66
798.1982 1034.257
798.3032 1036.255
798.4081 1038.252
798.5341 1040.649
798.6181 1042.246
798.7441 1044.643
798.8281 1046.241
798.9541 1048.637
799.0381 1050.235
799.1641 1052.632
799.248 1054.23
799.374 1056.626
799.374 1056.626
799.374 1056.626
799.374 1056.626
799.374 1056.626
799.374 1056.626
799.395 1057.026
799.521 1059.423
799.626 1061.42
799.731 1063.417
799.8359 1065.414
799.9409 1067.411
800.067 1069.808
800.1509 1071.406
800.2769 1073.803
800.3819 1075.8
800.4869 1077.797
800.5919 1079.794
800.6968 1081.792
800.7808 1083.39
800.8858 1085.387
800.9908 1087.384
800.9908 1087.384
801.0328 1088.183
801.1168 1089.781
801.2427 1092.177
801.3058 1093.376
801.3058 1093.376
801.3058 1093.376
801.4108 1095.373
801.5367 1097.77
801.6207 1099.367
801.7467 1101.764
801.8307 1103.362
801.9567 1105.759
802.0616 1107.756
802.1666 1109.753
802.2716 1111.75
802.3766 1113.748
802.4816 1115.745
802.4816 1115.745
802.4816 1115.745
802.4816 1115.745
802.4816 1115.745
802.4816 1115.745
802.4816 1115.745
802.4816 1115.745
802.5026 1116.144
802.6076 1118.141
802.7126 1120.139
802.8176 1122.136
802.9225 1124.133
803.0485 1126.53
803.1325 1128.128
803.2585 1130.524
803.3425 1132.122
803.4684 1134.519
803.5734 1136.516
803.6784 1138.513
804.5401 1139.666
806.5327 1139.496
808.2933 1138.912
809.501 1137.449
811.1296 1135.839
812.8214 1134.169
814.2872 1132.467
814.2899 1130.651
814.2901 1130.309
814.2901 1130.309
814.2901 1130.309
814.2901 1130.309
814.2901 1130.309
814.2901 1130.309
814.2901 1130.309
814.2901 1131.078
814.2901 1132.105
814.2901 1133.575
814.2901 1133.575
814.2901 1133.575
814.2901 1133.575
814.2901 1133.575
814.2901 1133.575
814.2901 1133.575
814.2901 1133.575
814.2901 1133.575
814.2901 1133.575
814.2901 1133.575
814.2901 1133.575
814.2901 1133.575
814.2901 1133.575
814.2901 1133.575
814.2901 1133.575
814.2901 1133.575
814.2901 1133.575
814.2901 1133.575
814.2901 1133.575
814.2901 1133.575
814.2901 1133.575
814.2901 1133.575
814.2901 1133.575
814.2901 1133.575
814.2901 1133.575
814.2925 1133.581
813.0706 1133.973
811.2859 1135.564
809.3149 1136.929
807.1446 1137.947
804.8403 1138.611
802.4774 1139.029
801.5582 1140.72
801.8603 1143.101
802.2523 1145.465
802.9038 1146.923
804.5573 1148.644
806.7023 1149.702
809.0172 1150.325
811.4036 1150.553
813.7946 1150.38
816.1647 1150.008
817.6732 1150.437
818.9052 1151.642
819.7002 1152.415
819.7002 1152.415
819.7002 1152.415
819.7002 1152.415
819.7002 1152.415
821.2679 1153.983
822.8357 1155.551
823.8809 1156.596
825.4486 1158.164
826.4938 1159.209
828.0615 1160.776
829.0027 1162.073
829.9438 1163.35
832.1363 1164.308
833.6146 1164.92
835.8322 1165.838
838.0496 1166.756
839.528 1167.368
841.7455 1168.286
842.1151 1168.439
842.1151 1168.439
843.5934 1169.051
845.4413 1169.816
847.2892 1170.581
849.5067 1171.499
851.3547 1172.264
853.2026 1173.029
855.42 1173.947
856.8984 1174.559
859.1159 1175.477
861.0544 1175.878
862.7899 1174.948
863.5557 1172.266
863.6968 1169.873
863.4369 1167.489
862.7203 1164.785
861.9119 1163.876
861.9119 1163.876
861.9119 1163.876
861.9119 1163.876
861.9119 1163.876
861.9119 1163.876
862.3243 1165.003
862.9424 1166.905
863.5093 1169.237
863.975 1171.591
863.975 1171.591
864.7604 1171.439
866.3311 1171.134
868.6873 1170.677
871.0433 1170.22
873.0068 1169.84
874.9702 1169.459
877.3264 1169.002
879.6825 1168.545
881.6459 1168.165
881.6459 1168.165
881.6459 1168.165
881.6459 1168.165
881.6459 1168.165
883.6093 1167.784
885.5728 1167.403
887.9289 1166.947
890.285 1166.49
892.2485 1166.109
894.6046 1165.652
896.2723 1166.159
896.7216 1168.505
896.769 1170.902
896.4279 1173.275
895.537 1175.925
894.228 1178.398
893.8739 1180.375
895.7045 1181.886
897.7037 1182.554
899.7029 1182.554
901.7849 1182.036
902.9989 1179.968
903.9331 1177.76
904.5187 1175.434
904.9088 1172.662
904.9896 1171.866
904.9896 1171.866
906.1838 1171.985
908.174 1172.182
910.1643 1172.379
912.5526 1172.616
913.7468 1172.734
914.1448 1172.773
916.5331 1173.01
918.9214 1173.246
921.3098 1173.483
923.3 1173.68
925.6884 1173.917
927.6786 1174.114
930.0669 1174.35
932.4552 1174.587
934.8435 1174.823
937.2319 1175.06
939.2221 1175.257
942.0085 1175.533
943.6007 1175.691
945.989 1175.927
948.3773 1176.164
950.7656 1176.401
953.1539 1176.637
955.5422 1176.874
957.9305 1177.11
959.9208 1177.307
961.9111 1177.505
964.2994 1177.741
966.6877 1177.978
969.076 1178.214
971.4644 1178.451
973.8527 1178.687
975.8429 1178.885
978.2312 1179.121
980.2215 1179.318
982.6098 1179.555
984.9981 1179.791
987.3864 1180.028
989.7747 1180.265
992.163 1180.501
993.7552 1180.659
996.1436 1180.895
998.5319 1181.132
1000.92 1181.368
1003.308 1181.605
1005.697 1181.842
1008.085 1182.078
1008.085 1182.078
1008.085 1182.078
1008.085 1182.078
1008.085 1182.078
1008.085 1182.078
1008.085 1182.078
1008.085 1182.078
1010.075 1182.275
1012.464 1182.512
1014.852 1182.591
1017.24 1182.591
1019.629 1182.591
1022.017 1182.591
1024.402 1182.481
1026.39 1181.269
1026.954 1179.024
1026.352 1176.295
1025.22 1173.739
1023.869 1171.758
1021.903 1169.771
1019.605 1168.175
1017.489 1167.045
1015.683 1166.185
1015.683 1166.185
1015.683 1166.185
1015.683 1166.185
1015.683 1166.185
1017.831 1167.256
1019.887 1168.491
1021.831 1169.898
1023.695 1168.813
1025.421 1166.608
1026.9 1164.718
1028.379 1163.864
1029.611 1163.864
1031.09 1163.864
1032.569 1163.864
1033.801 1163.864
1034.294 1163.864
1034.294 1163.864
1034.294 1163.864
1034.294 1163.864
1034.294 1163.864
1034.294 1163.864
1034.294 1163.864
1033.062 1165.44
1031.583 1167.33
1030.104 1169.22
1028.625 1171.11
1026.9 1173.315
1025.914 1174.575
1024.435 1176.466
1023.942 1177.096
1025.421 1175.206
1026.9 1173.315
1028.379 1171.425
1029.857 1169.535
1031.336 1167.645
1032.815 1165.755
1034.294 1163.864
1034.461 1163.864
1034.461 1163.864
1034.461 1163.864
1034.516 1165.15
1036.026 1167.261
1037.506 1169.147
1038.655 1171.251
1039.551 1173.901
1040.122 1176.641
1041.179 1178.089
1043.547 1177.698
1046.135 1175.831
1047.524 1173.892
1048.298 1171.626
1048.686 1168.456
1047.993 1166.179
1046.408 1164.435
1044.82 1163.344
1044.82 1162.904
1044.82 1162.653
1044.82 1162.513
1044.82 1162.513
1044.82 1162.513
1044.82 1162.513
1044.923 1161.317
1045.13 1158.926
1045.337 1156.535
1045.543 1154.144
1045.75 1151.753
1045.922 1149.76
1046.164 1146.971
1046.336 1144.978
1046.543 1142.587
1046.749 1140.196
1046.922 1138.203
1047.163 1135.414
1047.335 1133.421
1047.542 1131.03
1047.749 1128.639
1047.955 1126.248
1048.162 1123.857
1048.369 1121.466
1048.576 1119.075
1048.782 1116.684
1048.989 1114.293
1049.196 1111.902
1049.402 1109.51
1049.609 1107.119
1049.816 1104.728
1050.023 1102.337
1050.229 1099.946
1050.436 1097.555
1050.643 1095.164
1050.85 1092.773
1051.056 1090.382
1051.263 1087.991
1051.47 1085.6
1051.677 1083.209
1051.883 1080.818
1052.09 1078.427
1052.297 1076.035
1052.469 1074.043
1052.676 1071.652
1052.883 1069.261
1053.089 1066.87
1053.296 1064.479
1053.503 1062.087
1053.71 1059.696
1053.882 1057.704
1054.089 1055.313
1054.295 1052.922
1054.502 1050.531
1054.64 1048.937
1054.743 1047.741
1054.916 1045.748
1055.122 1043.357
1055.295 1041.365
1055.501 1038.974
1055.708 1036.583
1055.915 1034.192
1056.087 1032.199
1056.259 1030.206
1056.466 1027.815
1056.673 1025.424
1055.146 1024.515
1052.747 1024.485
1050.353 1024.659
1048.365 1024.875
1048.365 1024.875
1048.365 1024.875
1048.365 1024.875
1048.365 1024.875
1048.365 1024.875
1048.233 1023.682
1048.013 1021.695
1048.017 1019.419
1048.052 1017.051
1048.052 1015.063
1048.008 1013.075
1047.743 1010.69
1047.479 1008.305
1047.214 1005.919
1046.994 1003.931
1046.773 1001.944
1046.509 999.5582
1048.5 999.3735
1050.498 999.2972
1053.283 999.5495
1055.599 1000.171
1058.201 1001.204
1059.797 1000.614
1060.221 998.436
1060.221 996.2584
1060.221 994.0809
1059.022 992.5491
1057.151 991.8433
1054.442 991.1429
1051.683 990.6633
1050.892 990.5435
1048.508 990.2766
1047.739 990.8472
1047.053 991.5731
1047.053 991.5731
1047.053 991.5731
1047.053 991.5731
1047.053 991.5731
1047.053 991.5731
1047.807 990.6825
1048.064 988.7655
1048.115 986.366
1048.165 983.9666
1048.207 981.967
1048.249 979.9675
1048.3 977.568
1048.342 975.5684
1048.384 973.5688
1048.435 971.1694
1048.477 969.1699
1048.519 967.1703
1048.569 964.7708
1048.62 962.3713
1048.653 960.7717
1048.704 958.3723
1048.754 955.9728
1048.788 954.3731
1048.839 951.9736
1048.881 949.9741
1048.923 947.9745
1048.973 945.5751
1049.015 943.5755
1049.057 941.5759
1049.108 939.1765
1049.141 937.5768
1049.192 935.1774
1049.234 933.1778
1049.276 931.1783
1049.327 928.7788
1049.369 926.7792
1049.411 924.7797
1049.461 922.3802
1049.495 920.7806
1049.546 918.3811
1049.588 916.3815
1049.63 914.382
1049.68 911.9825
1049.714 910.3829
1049.764 907.9834
1049.798 906.3837
1049.849 903.9843
1049.891 901.9847
1049.933 899.9852
1049.983 897.5857
1050.017 895.986
1050.067 893.5866
1050.109 891.587
1050.151 889.5875
1050.202 887.188
1050.236 885.5884
1050.286 883.1889
1050.328 881.1893
1050.37 879.1898
1050.412 877.1902
1050.454 875.1907
1050.496 873.1911
1050.539 871.1915
1050.589 868.7921
1050.623 867.1924
1050.673 864.793
1050.707 863.1933
1050.757 860.7938
1050.783 859.5941
1050.783 859.5941
1050.783 859.5941
1050.783 859.5941
1050.783 859.5941
1050.783 859.5941
1050.783 859.5941
1050.783 859.5941
1050.783 859.5941
1050.783 859.5941
1050.799 858.7943
1050.842 856.7947
1050.884 854.7952
1050.926 852.7956
1050.968 850.7961
1051.01 848.7965
1051.052 846.7969
1050.966 844.8156
1049.543 843.5762
1046.755 843.8161
1044.54 844.3244
1044.391 844.0698
1044.335 843.9888
1044.518 844.2844
1044.81 845.419
1044.794 847.2792
1044.794 847.2792
1044.794 847.2792
1044.794 846.7787
1044.793 845.276
1044.341 844.0614
1043.053 842.4272
1041.833 841.0034
1040.272 839.7524
1038.4 838.2512
1037.152 837.2504
1035.279 835.7492
1033.719 834.4982
1031.846 832.997
1030.286 831.746
1028.725 830.495
1027.477 829.4942
1027.477 829.4942
1027.477 829.4942
1027.477 829.4942
1027.477 829.4942
1027.477 829.4942
1027.477 829.4942
1026.98 830.1212
1025.783 831.723
1024.705 833.407
1023.413 835.8904
1022.897 836.9737
1020.364 835.7792
1018.556 834.9261
1016.747 834.0729
1014.576 833.0491
1012.767 832.1959
1010.958 831.3427
1008.788 830.3189
1006.617 829.295
1004.808 828.4419
1002.999 827.5887
1000.828 826.5649
999.1964 826.637
998.4042 828.4732
997.6456 830.7486
997.1981 833.5083
997.2467 835.9051
997.6823 838.2631
998.3864 840.5229
996.7287 840.5692
994.4841 840.5705
992.2369 840.5705
990.7388 840.5705
988.4917 840.5705
986.6191 840.5705
986.6191 840.5705
986.6191 840.5705
986.0756 839.0657
985.4884 837.1542
985.0335 834.7997
984.8795 832.0056
984.9252 829.6062
982.1267 829.5148
979.728 829.4363
977.7291 829.371
975.7301 829.3057
973.3314 829.2274
971.3325 829.162
969.7333 829.1098
969.7333 829.1098
969.7333 829.1098
969.7333 829.1098
969.7333 829.1098
969.7333 829.1098
969.7333 829.1098
969.7005 831.5094
969.8421 833.9042
969.3 835.7849
966.9987 836.4069
964.625 836.761
962.6469 837.0562
962.6469 837.0562
962.6469 837.0562
962.6469 837.0562
962.6469 837.0562
962.6469 837.0562
962.6469 837.0562
960.6688 837.3513
958.6907 837.6464
956.317 838.0006
954.3389 838.2957
952.3608 838.5909
949.9871 838.945
948.0089 839.2402
946.0308 839.5353
943.6571 839.8895
941.679 840.1846
939.7009 840.4797
937.6235 840.8339
937.6234 841.1881
937.6234 841.4242
937.6234 841.7784
937.6234 842.0735
937.6234 842.3096
937.6234 842.3096
937.6234 842.3096
937.6234 842.3096
937.6234 842.3096
937.6234 842.3096
937.6234 842.3096
937.6234 842.3096
937.5549 841.1212
937.4155 838.731
937.4706 836.3337
937.9106 833.9771
938.5574 831.6732
938.3878 829.3172
936.9674 827.4501
934.9403 826.1652
933.5855 825.314
933.5855 825.314
932.5507 827.0253
931.6141 828.792
930.6292 831.4091
930.181 833.7648
930.004 836.1575
929.9733 837.7571
928.3734 837.7433
925.9735 837.7227
923.5736 837.702
921.9736 837.6882
919.5737 837.6675
917.1738 837.6469
915.5739 837.6331
914.3739 837.6227
912.374 837.6055
910.3741 837.5882
907.9742 837.5675
905.9742 837.5503
903.9743 837.533
901.5744 837.5123
899.5745 837.4951
897.5745 837.4778
895.1746 837.4572
892.7747 837.4365
890.7748 837.4193
888.7749 837.402
886.3749 837.3813
883.975 837.3607
882.3751 837.3469
879.9752 837.3262
877.9753 837.3089
875.9753 837.2917
873.5754 837.271
871.5755 837.2537
869.5756 837.2365
867.1757 837.2158
865.1757 837.1985
863.1758 837.1813
860.7759 837.1606
858.776 837.1434
856.7761 837.1262
854.3762 837.1055
851.9763 837.0848
851.5762 837.0814
851.5762 837.0814
851.5762 837.0814
851.5762 837.0814
851.5762 837.0814
851.5762 837.0814
851.1763 837.0779
848.7764 837.0572
847.1764 837.0434
844.7765 837.0227
842.3766 837.002
840.3766 836.9848
838.3768 836.9675
835.9768 836.9468
834.3769 836.9331
834.3769 836.9331
834.3769 836.9331
834.3757 837.3331
834.4346 839.732
834.7084 842.1148
835.3381 842.5231
836.3102 842.5271
837.4897 842.5298
838.1124 842.5304
838.1124 842.5304
838.1124 842.5304
838.1124 842.5304
838.1124 842.5304
837.4302 842.5568
835.7249 842.5568
833.6785 842.5568
831.9207 843.0823
830.2154 844.1272
828.169 845.3811
826.4637 846.4261
824.7584 847.471
822.712 848.7249
820.9905 850.3464
820.8052 851.9084
819.2053 854.1794
816.9874 855.8884
815.0863 857.3533
813.5021 858.5741
811.9178 859.7948
810.0168 861.2597
808.7494 862.2363
806.8483 863.7012
805.2641 864.922
803.6799 866.1427
801.7788 867.6076
800.1946 868.8284
798.6104 870.0491
796.7093 871.514
795.1251 872.7348
794.5185 873.9555
794.511 875.5034
794.4833 876.9271
794.9819 879.2339
796.6585 880.909
798.767 882.0496
801.0363 882.8227
803.8018 883.2317
806.1976 883.1485
808.4968 882.5641
810.7794 881.8251
811.9022 881.4017
811.9022 881.4017
811.9022 881.4017
811.9022 881.4017
811.9022 881.4017
811.9022 881.4017
811.9022 881.4017
811.9022 881.4017
811.9022 881.4017
811.9022 881.4017
811.1535 881.6836
809.2652 882.3421
807.3356 882.8654
804.96 883.1879
802.166 883.0728
799.8026 882.6594
798.0578 884.2144
797.4899 886.5463
796.9219 888.8781
796.4486 890.8213
795.8807 893.1531
795.5021 894.7076
795.0287 896.6508
795.0287 896.6508
795.0287 896.6508
794.6501 898.2054
794.4741 899.7599
794.4741 902.0918
794.4741 904.035
794.4741 905.9781
794.4741 907.9214
794.4741 909.8646
794.4741 912.1964
794.474 913.751
794.474 916.0828
794.474 917.6373
794.474 919.9692
794.474 921.5237
794.474 923.8555
794.474 925.4101
794.474 927.7419
794.474 929.2965
794.474 931.6284
794.474 933.5715
794.474 935.5147
794.474 937.4579
794.474 939.4011
794.474 941.3443
794.474 943.2875
794.474 945.6193
794.474 947.1739
794.474 949.5057
794.474 951.0603
794.474 953.3921
794.4739 954.9467
794.4739 957.2785
794.4739 959.2217
794.4739 961.1649
794.4739 963.1081
794.4739 965.0513
794.4739 966.9944
794.4739 968.9377
794.4739 970.8809
794.4739 972.824
794.4739 974.7672
794.4739 976.7104
794.4739 978.6536
794.476 980.6262
794.8834 982.9772
796.2122 984.9684
798.0239 986.5382
800.0721 987.7839
801.8118 988.7697
803.8958 989.9592
805.4316 991.7675
805.4316 991.7675
805.4316 991.7675
805.4316 991.7675
805.4316 991.7675
805.4316 991.7675
805.4316 991.7675
804.3678 992.3228
802.5629 993.1837
800.3071 993.999
797.988 994.6156
796.8206 994.8932
797.3702 997.2295
797.8281 999.1763
798.2861 1001.123
798.6525 1002.681
799.202 1005.017
799.5684 1006.574
800.118 1008.911
800.4844 1010.468
801.0339 1012.804
801.4003 1014.362
801.9499 1016.698
802.4079 1018.645
802.8658 1020.592
803.2322 1022.149
803.7818 1024.485
804.2398 1026.432
804.6978 1028.379
805.1558 1030.326
805.5266 1032.273
805.5266 1034.22
805.5266 1036.167
805.5266 1038.114
805.5266 1040.06
805.5266 1042.007
805.5266 1043.954
805.5266 1045.901
805.5266 1047.848
805.5266 1049.795
805.5266 1051.742
805.5266 1054.078
805.5266 1055.635
805.5266 1057.971
805.5266 1059.529
805.5266 1061.865
805.5266 1063.812
805.5266 1065.759
805.5266 1067.706
805.5266 1069.653
805.5266 1071.989
805.5266 1073.546
805.5266 1075.883
805.5266 1077.44
805.5266 1079.776
805.5266 1081.723
805.5266 1083.67
805.5266 1085.617
805.5266 1087.564
805.5266 1089.9
805.5266 1091.457
805.5266 1093.794
805.5266 1095.351
805.5266 1097.687
805.5266 1099.245
805.5266 1101.581
805.5266 1102.749
805.5266 1103.917
805.5266 1106.254
805.5266 1107.811
805.5266 1110.147
805.5266 1111.705
805.5266 1114.041
805.5266 1115.988
805.5266 1117.935
805.5266 1119.882
805.5266 1121.828
805.5266 1124.165
805.5266 1125.722
805.5294 1128.059
805.9874 1130.006
806.4454 1131.953
806.9949 1134.289
807.3613 1135.846
807.9109 1138.183
808.1594 1139.724
808.6432 1142.062
809.0096 1143.619
810.1243 1145.728
811.9203 1147.304
814.1696 1148.128
816.1523 1148.892
817.3409 1150.08
818.3112 1151.051
819.0361 1151.775
819.4952 1152.235
819.8619 1152.601
820.2224 1152.962
821.2946 1154.034
822.492 1155.231
823.6894 1156.429
824.6872 1157.427
825.685 1158.424
826.4833 1159.223
826.8824 1159.622
827.8802 1160.62
828.9507 1161.838
829.069 1162.249
829.8129 1163.282
831.5166 1163.807
833.5166 1163.803
835.9166 1163.802
837.9166 1163.802
839.9166 1163.802
842.3166 1163.802
843.9166 1163.802
846.3166 1163.802
848.7166 1163.802
850.7166 1163.802
852.7166 1163.802
855.1166 1163.802
857.1166 1163.802
859.5166 1163.879
861.5166 1163.875
863.9166 1163.869
865.9166 1163.865
868.7166 1163.859
871.1166 1163.853
872.7166 1163.85
875.1166 1163.845
877.1165 1163.84
879.1165 1163.836
881.5165 1163.831
883.9165 1163.825
885.9165 1163.821
887.4677 1164.294
889.6922 1164.678
892.0922 1164.672
894.0922 1164.668
896.0922 1164.664
898.4922 1164.658
900.8922 1164.653
903.2922 1164.648
905.6921 1164.643
908.0922 1164.637
910.0922 1164.633
912.4921 1164.628
914.4921 1164.623
916.8922 1164.618
919.2921 1164.613
921.6921 1164.608
924.0921 1164.602
924.0921 1164.602
924.0921 1164.602
924.0751 1163.881
923.9711 1163.881
923.6135 1163.88
922.5786 1163.875
921.4922 1163.872
922.6529 1163.841
924.7314 1163.841
927.5029 1163.841
929.235 1163.841
930.9672 1163.841
932.7375 1163.445
933.7769 1163.24
935.8898 1163.086
937.5482 1161.989
938.9458 1160.05
939.4936 1157.323
939.3188 1154.932
938.7479 1152.604
937.7966 1150.403
937.585 1148.08
937.585 1145.853
937.585 1143.894
937.5508 1141.964
937.5508 1141.964
937.5508 1141.964
937.5508 1141.964
937.5508 1141.964
937.5508 1141.964
937.5508 1141.166
937.5508 1139.173
937.5508 1136.781
937.5508 1134.788
937.5508 1132.396
937.5508 1130.004
937.5508 1127.612
937.5508 1125.22
937.5508 1123.227
937.5508 1121.234
937.5508 1118.842
937.5508 1116.45
937.5508 1114.058
938.4033 1112.715
938.6021 1110.472
938.438 1108.479
938.2739 1106.486
938.077 1104.094
937.8802 1101.702
937.7161 1099.709
937.5508 1097.317
937.5508 1095.323
937.5508 1092.932
937.5508 1090.938
937.5508 1088.945
937.5508 1086.553
937.5508 1084.161
937.5508 1082.168
937.5508 1080.175
937.5508 1079.377
937.5508 1079.377
937.5508 1079.377
937.5508 1076.985
937.5508 1074.594
938.0305 1073.156
940.4257 1073.025
942.8195 1073.17
945.1606 1073.686
947.3832 1074.584
949.4323 1075.83
951.9442 1077.811
952.5496 1078.333
950.7002 1076.804
948.728 1075.439
946.6152 1074.302
944.442 1073.284
944.442 1073.284
944.442 1073.284
944.442 1073.284
944.442 1073.284
945.1058 1071.828
945.9356 1070.008
946.9314 1067.825
946.5437 1065.641
944.6733 1064.934
942.3496 1064.342
939.5621 1064.119
937.6241 1064.224
937.6239 1064.378
937.6239 1064.378
937.6239 1064.378
937.6239 1064.378
937.6239 1064.378
937.6239 1064.378
937.6239 1064.378
937.6239 1064.378
937.5527 1062.389
937.5527 1060.002
937.5527 1057.615
937.5527 1056.024
937.5527 1053.638
937.5527 1051.251
937.5527 1049.66
937.5527 1047.273
937.5527 1044.886
937.5527 1044.091
937.5527 1044.091
937.5527 1044.091
937.5527 1044.091
937.5527 1044.091
937.5527 1044.091
937.5527 1044.091
937.5527 1044.091
937.5527 1042.5
937.5527 1040.909
937.5527 1038.522
937.5527 1036.533
937.5527 1034.544
937.5527 1032.157
937.5527 1030.168
937.5527 1028.179
937.5527 1025.793
937.5527 1024.997
939.545 1024.823
941.9438 1024.769
943.5435 1024.803
943.5435 1024.803
943.5435 1024.803
943.5435 1024.803
943.5435 1024.803
943.5435 1024.803
943.5435 1024.803
943.5435 1024.803
943.5435 1024.803
943.5874 1023.204
943.6423 1021.204
943.7081 1018.805
943.7629 1016.806
943.8178 1014.807
944.6393 1014.033
946.6013 1013.774
946.7233 1012.846
946.7233 1011.97
946.7233 1011.118
946.7233 1010.812
946.7233 1010.907
946.7233 1011.4
946.7233 1012.278
946.7295 1013.509
946.7344 1014.992
946.7368 1016.601
946.7369 1017.146
946.7369 1017.146
946.7369 1017.146
946.7369 1017.146
946.7369 1017.146
946.7369 1017.146
946.7369 1017.146
946.7369 1017.146
946.7369 1017.146
946.6385 1015.149
946.4352 1013.16
945.9225 1010.817
945.0427 1008.587
943.8528 1006.505
944.4355 1003.56
946.3379 1002.099
948.2715 1000.677
949.8829 999.4926
951.4942 998.3079
952.1387 997.8339
952.1387 997.8339
952.8442 998.8047
953.9686 1000.458
955.2876 1002.925
956.0466 1005.199
956.4218 1005.28
956.4955 1005.28
957.6329 1005.349
960.0291 1005.354
962.4271 1005.354
964.8251 1005.354
966.4238 1005.354
968.8218 1005.354
970.8203 1005.354
972.8186 1005.354
973.6179 1005.354
973.6179 1005.354
973.6179 1005.354
975.6163 1005.354
977.215 1005.354
979.613 1005.354
981.6115 1005.354
983.6098 1005.354
986.0079 1005.354
988.0062 1005.354
989.6049 1005.354
989.6049 1005.354
989.6049 1005.354
989.6049 1005.354
989.6049 1005.354
989.6049 1005.354
989.6049 1005.354
989.6049 1005.354
989.6049 1005.354
991.2036 1005.354
993.202 1005.354
995.6 1005.354
997.5984 1005.354
998.7974 1005.354
998.7974 1005.354
999.9965 1005.354
1002.394 1005.354
1002.394 1005.354
1002.394 1005.354
1002.394 1005.354
1002.394 1005.354
1002.394 1005.354
1002.394 1005.354
1002.394 1005.354
1002.394 1005.354
1002.394 1005.354
1002.394 1005.354
1002.394 1005.354
1002.394 1005.354
1002.394 1005.354
1002.394 1005.354
1002.394 1005.354
1002.394 1005.354
1002.394 1005.354
1002.394 1005.354
1002.394 1005.354
1002.394 1005.354
1002.394 1005.354
1002.409 1004.955
1002.439 1002.555
1002.314 1000.56
1001.74 997.8235
1000.884 995.5828
999.8298 993.4271
999.0859 992.0722
999.0859 992.0722
999.0859 992.0722
999.0859 992.0722
999.9862 993.858
1000.916 996.0693
1001.542 998.3835
1001.784 1000.769
1001.718 1003.167
1001.496 1005.278
1001.453 1005.278
1001.453 1005.278
1001.453 1005.278
1001.453 1005.278
1001.453 1005.278
1001.453 1005.278
1001.453 1005.278
1001.453 1005.278
1001.453 1005.278
1001.453 1005.278
1001.453 1005.278
1001.453 1005.278
1001.453 1005.278
1001.453 1005.278
1001.453 1005.278
1001.453 1005.278
1001.453 1005.278
1001.453 1005.278
1001.453 1005.278
1001.453 1005.278
1001.453 1005.278
1001.453 1005.278
1001.453 1005.278
1001.453 1005.278
1001.453 1005.278
1001.453 1005.278
1001.453 1005.278
1001.453 1005.278
1001.453 1005.278
1003.043 1005.349
1005.031 1005.349
1007.417 1005.349
1009.405 1005.349
1011.394 1005.566
1013.382 1005.783
1015.37 1006
1017.756 1006.261
1019.346 1006.435
1021.732 1006.695
1023.323 1006.869
1023.323 1006.869
1023.323 1006.869
1023.323 1006.869
1023.323 1006.869
1025.708 1007.13
1027.697 1007.347
1029.685 1007.564
1031.673 1007.781
1031.673 1007.781
1031.755 1006.986
1031.909 1004.591
1031.803 1002.195
1031.324 999.8464
1030.473 997.6047
1029.181 995.1216
1028.17 993.3961
1028.17 993.3961
1028.17 993.3961
1028.17 993.3961
1028.17 993.3961
1028.17 993.3961
1028.17 993.3961
1028.17 993.3961
1029.202 992.784
1030.922 992.0422
1032.986 992.0422
1034.461 992.0422
1034.461 992.0422
1034.461 992.0422
1034.461 992.0422
1034.461 992.0422
1034.461 992.0422
1034.461 992.0422
1034.461 992.0422
1034.461 992.0422
1034.461 992.0422
1034.461 992.0422
1034.461 992.0422
1034.461 992.0422
1034.461 992.0422
1034.461 992.0422
1034.461 992.0422
1034.461 992.0422
1034.461 992.0422
1034.461 992.0422
1034.462 992.0422
1034.479 992.7073
1034.513 994.8708
1034.908 997.5816
1035.136 999.9693
1035.839 1002.159
1038.213 1002.435
1040.612 1002.487
1043.012 1002.54
1045.411 1002.593
1047.411 1002.637
1047.411 1002.637
1047.411 1002.637
1047.411 1002.637
1047.411 1002.637
1047.411 1002.637
1047.422 1001.837
1047.369 999.4379
1047.151 997.4507
1046.419 994.7525
1045.385 992.59
1044.823 992.067
1045.031 992.067
1045.602 992.0544
1047.525 991.0896
1049.025 989.7659
1049.025 989.7659
1049.025 989.7659
1049.924 988.9717
1051.723 987.3832
1053.223 986.0595
1054.722 984.7358
1056.521 983.1474
1058.32 981.559
1059.819 980.2353
1060.195 978.9116
1060.205 977.2284
1060.244 975.3818
1059.313 973.2004
1056.965 971.684
1054.745 970.7789
1052.406 970.2567
1050.012 970.1321
1047.63 970.4084
1045.314 971.0306
1044.819 971.9914
1044.819 972.4331
1044.819 972.4331
1044.819 972.4331
1044.819 972.4331
1044.819 972.4331
1044.819 972.4331
1044.774 972.0614
1044.774 969.8311
1044.774 967.9725
1044.774 966.1138
1044.774 963.8835
1044.774 962.0249
1044.774 960.1663
1044.774 957.936
1044.774 956.4492
1044.774 954.2189
1044.774 951.9885
1044.774 950.5016
1044.75 948.1777
1045.143 946.6385
1047.42 945.0427
1049.807 944.8625
1052.59 945.1527
1054.946 945.6082
1054.946 945.6082
1054.946 945.6082
1054.946 945.6082
1054.946 945.6082
1054.946 945.6082
1054.946 945.6082
1054.946 945.6082
1054.946 945.6082
1054.946 945.6082
1055.279 944.0434
1055.696 942.0873
1056.113 940.1312
1056.613 937.7839
1056.947 936.2191
1057.447 933.8718
1057.947 931.5245
1058.281 929.9597
1058.551 927.6124
1058.551 925.2651
1058.551 923.309
1058.551 921.3529
1058.551 919.3969
1058.591 917.437
1059.091 915.0897
1059.424 913.5248
1059.925 911.1776
1060.238 909.2215
1060.238 906.8742
1060.238 904.9181
1060.238 902.962
1060.238 901.006
1060.25 898.6424
1059.926 896.6751
1058.989 894.918
1056.82 893.1839
1054.506 892.5881
1052.193 893.1765
1049.807 894.6374
1047.872 896.0573
1047.237 896.5436
1047.237 896.5436
1047.237 896.5436
1047.555 896.3012
1049.17 895.1215
1050.862 894.0556
1053.411 892.9086
1055.735 892.3179
1058.512 891.9612
1060.175 891.7855
1060.094 890.5883
1059.93 888.1938
1059.822 886.5975
1059.659 884.2031
1059.523 882.2077
1059.387 880.2123
1059.224 877.8179
1059.088 875.8224
1058.952 873.8271
1058.816 871.8317
1058.68 869.8364
1058.68 869.8364
1058.68 869.8364
1058.68 869.8364
1058.68 869.8364
1058.68 869.8364
1058.68 869.8364
1058.68 869.8364
1058.68 869.8364
1058.625 869.0382
1058.462 866.6437
1058.326 864.6484
1058.19 862.653
1058.054 860.6577
1057.919 858.6622
1057.783 856.6669
1057.647 854.6715
1057.484 852.277
1057.484 852.277
1057.484 852.277
1057.484 852.277
1057.484 852.277
1057.484 852.277
1057.484 852.277
1057.484 852.277
1057.484 852.277
1057.484 852.277
1057.484 852.277
1057.402 851.0798
1057.266 849.0845
1057.13 847.0891
1056.79 845.1277
1055.866 843.364
1054.062 841.7958
1051.876 840.8105
1049.557 840.2034
1046.769 839.9952
1044.386 840.2513
1042.078 840.9012
1040.449 840.5414
1038.484 840.5574
1036.775 840.5574
1035.37 840.5574
1034.257 840.5574
1033.335 840.5574
1032.768 840.5574
1032.768 840.5574
1032.768 840.5574
1032.768 840.5574
1032.768 840.5574
1032.768 840.5574
1032.768 840.5574
1031.311 840.5656
1029.489 840.5656
1027.668 840.5656
1025.482 840.5656
1023.661 840.5656
1021.839 840.5656
1020.018 840.5656
1018.197 840.5656
1016.011 840.5656
1014.554 840.5656
1012.368 840.5656
1010.182 840.5656
1008.725 840.5656
1006.54 840.5656
1004.718 840.5656
1002.897 840.5656
1000.711 840.5656
999.2539 840.5656
997.0682 840.5656
995.2468 840.5656
993.4254 840.5656
991.2396 840.5656
989.7825 840.5656
987.5968 840.5656
985.7754 840.5656
983.954 840.5656
981.7682 840.5656
979.9468 840.5656
978.1254 840.5656
975.9397 840.5656
974.1183 840.5656
972.2969 840.5656
970.4755 840.5656
968.6541 840.5656
966.4293 840.5762
964.4523 840.5876
962.626 839.8332
961.1799 837.457
961.08 835.0661
961.5947 832.3183
962.4391 830.0739
963.5339 827.9388
962.636 825.9687
960.5765 824.7366
958.3724 823.8168
955.9898 823.7379
953.7402 824.5266
951.6075 825.6145
949.4237 826.593
947.249 828.9228
945.9374 830.9321
944.6769 832.9741
943.1288 834.7777
942.8162 835.0271
942.8162 835.0271
942.4872 834.2979
941.8602 832.8259
941.0756 830.559
940.4079 827.8403
940.1592 826.6664
938.5932 826.9942
936.6356 827.4039
934.678 827.8137
932.3289 828.3054
929.9799 828.7971
928.4138 829.1249
926.0647 829.6165
923.7156 830.1082
921.758 830.518
919.8004 830.9277
917.4514 831.4194
915.4938 831.8292
913.5362 832.2389
911.1871 832.7306
909.2295 833.1403
907.2719 833.5501
904.9229 834.0417
902.9653 834.4515
901.0077 834.8613
898.6586 835.353
897.0925 835.6807
894.7434 836.1724
892.3943 836.6641
890.4368 837.0739
888.4792 837.4836
886.1301 837.9753
884.1725 838.3851
882.2149 838.7948
881.4319 838.9587
881.4319 838.9587
881.4319 838.9587
881.4319 838.9587
881.4319 838.9587
881.4319 838.9587
880.6489 839.1226
878.6913 839.5323
876.7337 839.9421
874.3846 840.4338
872.0355 840.9255
870.4695 841.2532
868.1204 841.7449
866.1628 842.1547
863.8137 842.5822
861.8561 842.5822
859.507 842.5822
857.5494 842.5822
855.5919 842.5822
853.2428 842.5822
853.2428 842.5822
853.2428 842.5822
853.2428 842.5822
855.5919 842.0905
857.5494 841.6808
859.507 841.271
861.8561 840.7793
863.8137 840.3696
866.1628 839.8779
868.1204 839.4681
870.4695 838.9764
872.8185 838.4847
874.3846 838.157
876.7337 837.6653
879.0828 837.1736
880.6489 836.8458
882.998 836.3541
885.347 835.8624
886.9131 835.5346
889.2622 835.0429
891.6113 834.5512
893.1774 834.2234
895.5265 833.7318
897.8755 833.2401
899.8331 832.8303
901.7907 832.4205
904.1398 831.9289
906.0974 831.5191
908.0549 831.1094
910.4041 830.6177
912.7532 830.126
914.3192 829.7982
916.6683 829.3065
918.6259 828.8968
920.5834 828.487
922.9326 827.9954
924.8901 827.5856
926.8477 827.1758
929.1968 826.6841
931.1544 826.2744
933.1119 825.8647
935.4611 825.373
937.8101 824.8813
939.7677 824.4716
941.7253 824.0618
944.0744 823.5701
946.4235 823.0784
948.381 822.6686
950.3386 822.2589
952.6877 821.8179
955.0368 821.8179
956.5938 822.1422
957.9646 824.0628
959.1033 826.6166
960.4537 828.5973
962.1156 830.325
964.3855 831.957
966.5474 832.9944
968.8191 833.7661
971.1318 834.4072
971.5181 834.5113
971.5181 834.5113
971.5181 834.5113
971.5181 834.5113
971.5181 834.5113
971.5181 834.5113
971.5181 834.5113
971.5181 834.5113
971.7262 833.7388
972.1424 832.1939
972.7668 829.8766
973.3912 827.5592
973.8074 826.9343
974.4257 826.9343
975.0501 826.9343
975.5704 826.9343
976.0907 826.9343
976.507 826.9343
976.507 826.9343
976.507 826.9343
976.611 826.9343
977.2354 826.9343
977.7557 826.9343
978.276 826.9343
978.9004 826.9343
979.427 826.9322
980.2557 826.7441
981.5922 825.425
981.5922 825.425
981.4054 825.7795
979.6249 826.8837
977.315 827.5309
974.9637 827.9998
972.5679 828.0834
970.187 827.7946
967.7276 828.7289
968.4437 830.8117
969.6995 832.3674
971.4988 833.9367
973.834 834.3284
976.2222 832.9071
977.4701 830.8715
978.6191 828.3181
979.6308 826.91
980.3358 826.7038
980.3358 826.7038
980.3358 826.7038
981.5573 825.4522
982.3781 823.6284
983.3629 821.8745
984.1837 821.8745
985.5455 821.8535
987.8505 821.9541
990.2159 822.3517
992.6109 822.4556
995.3799 822.0705
997.6556 821.8256
1000.107 821.8256
1001.967 821.8256
1003.56 821.8256
1004.932 821.8256
1005.979 821.8255
1005.979 821.8255
1005.979 821.8255
1005.979 821.8255
1005.979 821.8255
1005.979 821.8255
1005.979 821.8255
1006.322 822.0312
1008.381 823.2653
1010.096 824.2936
1011.811 825.322
1013.87 826.556
1015.585 827.5844
1017.301 828.6128
1019.359 829.8469
1021.417 831.0809
1023.133 832.1093
1024.848 833.1376
1026.563 834.166
1028.279 835.1944
1030.337 836.4285
1032.053 837.4568
1033.768 838.4852
1035.826 839.7192
1037.542 840.5574
1038.914 840.5575
1038.914 840.5575
1038.914 840.5575
1038.914 840.5575
1039.914 838.8255
1040.65 837.4049
1041.657 834.7958
1042.126 832.4448
1042.196 830.0486
1041.772 827.2853
1042.668 826.3091
1044.257 824.543
1046.331 823.356
1048.518 822.3672
1050.705 821.8345
1052.527 821.8345
1052.527 821.8345
1053.468 824.0418
1054.226 826.3178
1054.649 828.6777
1054.673 831.0748
1054.305 833.4441
1054.088 835.7626
1055.474 837.5275
1057.694 838.4319
1059.945 839.2637
1062.197 840.0955
1063.264 840.6212
1063.264 840.6212
1063.264 840.6212
1063.264 840.6212
1063.464 839.8552
1064.209 837.5741
1064.721 835.2309
1064.884 832.8385
1064.77 830.442
1065.397 828.306
1067.384 828.0779
1069.768 827.8041
1071.755 827.576
1073.742 827.3478
1075.729 827.1197
1077.716 826.8915
1079.703 826.6634
1081.69 826.4352
1083.677 826.2071
1085.664 825.9789
1087.651 825.7508
1090.035 825.477
1091.625 825.2945
1094.009 825.0208
1095.599 824.8382
1097.983 824.5645
1099.97 824.3363
1101.946 824.5766
1104.049 825.6957
1105.608 827.5123
1106.788 829.5989
1107.604 831.8531
1108.032 834.2118
1108.3 836.5963
1108.579 838.9794
1109.869 840.9035
1111.638 839.5957
1113.343 837.9084
1114.821 836.0205
1115.969 833.916
1115.683 832.3701
1115.6 830.1748
1115.6 828.7668
1115.6 828.7006
1115.6 828.8665
1115.6 829.0323
1115.6 829.0599
1115.6 829.0599
1115.6 829.1152
1115.6 829.2811
1115.6 829.3917
1115.6 829.5576
1115.6 829.6682
1115.6 829.834
1115.6 829.9722
1115.6 830.1105
1115.6 830.2487
1115.6 830.3869
1115.6 830.5251
1115.6 830.6634
1115.6 830.8016
1115.6 830.9398
1115.6 831.0781
1115.6 831.2162
1115.6 831.3545
1115.6 831.4927
1115.601 831.6779
1115.62 831.9073
1115.647 832.0818
1115.647 832.0818
1115.647 832.0818
1115.647 832.0818
1115.883 832.7804
1116.832 833.7756
1118.736 834.1202
1121.13 834.2861
1122.727 834.3967
1125.121 834.5625
1126.717 834.6731
1129.111 834.839
1131.106 834.9772
1133.102 835.1154
1135.097 835.2537
1137.092 835.3919
1139.486 835.5577
1141.083 835.6683
1143.477 835.8342
1145.073 835.9448
1147.467 836.1107
1149.063 836.2213
1151.458 836.3871
1153.453 836.5253
1155.448 836.6636
1157.443 836.8018
1159.838 836.9677
1161.833 837.1059
1163.828 837.2441
1164.626 837.2994
1164.626 837.2994
1164.46 839.2924
1164.115 841.6665
1163.075 842.4349
1162.668 842.5564
1162.677 842.5564
1162.703 842.5564
1162.329 842.5564
1161.565 842.5564
1160.519 842.5564
1159.36 842.5564
1158.541 842.5564
1158.67 842.5564
1158.67 842.5564
1158.67 842.5564
1158.67 842.5564
1158.67 842.5564
1158.67 842.5564
1158.67 842.5564
1158.67 842.5564
1158.67 842.5564
1158.929 842.5564
1159.101 842.5564
1159.36 842.5564
1159.576 842.5564
1159.791 842.5564
1160.007 842.5564
1160.222 842.5564
1160.481 842.5564
1160.653 842.5564
1160.912 842.5564
1161.128 842.5564
1161.343 842.5564
1161.602 842.5564
1161.774 842.5564
1162.033 842.5564
1162.205 842.5564
1162.464 842.5564
1162.68 842.5564
1162.895 842.5564
1162.935 842.5564
1162.935 842.5564
1162.935 842.5564
1162.935 842.5564
1162.949 842.5473
1163.665 842.191
1165.774 842.4811
1168.112 842.8472
1170.503 843.0338
1172.885 843.2896
1175.169 843.9893
1177.205 845.2484
1179.182 846.6097
1179.942 847.6191
1179.559 849.5372
1179.518 851.5366
1179.311 853.9266
1179.235 855.8805
1180.008 856.6539
1180.742 857.3876
1181.481 858.1434
1181.766 858.1434
1181.766 858.1434
1181.956 858.1434
1182.336 858.1434
1182.906 858.1434
1183.287 858.1434
1183.857 858.1434
1184.387 858.1611
1185.326 858.473
1186.391 859.7586
1186.867 861.7013
1187.342 863.644
1188.062 865.4144
1188.632 867.7457
1189.012 869.2999
1189.582 871.6311
1189.582 871.6311
1189.582 871.6311
1189.582 871.6311
1189.582 871.6311
1189.582 871.6311
1189.582 871.6311
1189.582 871.6311
1189.963 873.1853
1190.533 875.5165
1190.913 877.0707
1191.483 879.402
1191.958 881.3447
1192.479 883.2246
1193.5 885.1292
1193.975 887.0719
1194.45 889.0146
1195.021 891.3459
1195.496 893.2886
1195.971 895.2313
1196.541 897.5626
1197.017 899.5053
1197.587 901.8365
1198.062 903.7793
1198.632 906.1105
1199.108 908.0533
1199.583 909.996
1200.153 912.3273
1200.724 914.6585
1201.199 916.6013
1201.674 918.5439
1202.005 920.8752
1202.005 923.2065
1202.225 925.5421
1202.7 927.4848
1203.176 929.4275
1203.746 931.7588
1204.316 934.09
1204.526 935.2557
1204.526 937.1984
1204.526 939.1411
1204.526 941.0839
1204.526 941.0839
1204.526 941.0839
1204.526 941.0839
1204.526 941.0839
1204.526 941.0839
1204.526 941.0839
1204.526 942.2495
1204.526 944.5807
1204.526 946.912
1204.526 949.2432
1204.526 951.5745
1204.526 953.5172
1204.526 956.2371
1204.526 958.1797
1204.526 960.511
1204.526 962.8423
1204.526 965.5621
1204.526 967.8934
1204.526 970.2246
1204.526 972.5558
1204.526 974.8871
1204.526 977.9955
1204.526 979.5497
1204.526 981.8809
1204.314 983.8619
1203.6 985.3952
1203.612 987.7213
1203.612 990.4411
1203.612 992.7724
1203.612 995.4922
1203.612 997.8234
1203.612 1000.155
1203.612 1002.486
1203.612 1004.817
1204.088 1007.148
1204.526 1009.48
1204.526 1011.811
1204.526 1014.142
1204.526 1016.474
1204.526 1018.805
1204.526 1021.136
1204.526 1023.467
1204.526 1025.799
1204.526 1028.13
1204.526 1030.073
1204.526 1032.015
1204.526 1034.347
1204.526 1035.512
1204.526 1035.512
1204.526 1035.512
1204.526 1035.512
1204.526 1035.512
1204.526 1035.512
1204.526 1035.512
1204.526 1035.512
1204.526 1037.843
1204.526 1039.786
1204.526 1042.117
1204.526 1044.449
1204.526 1046.78
1204.526 1049.111
1204.526 1051.054
1204.526 1052.997
1204.526 1055.328
1204.526 1057.659
1204.526 1059.99
1204.526 1062.322
1204.526 1064.264
1204.526 1066.207
1204.526 1068.538
1204.526 1070.87
1204.526 1073.201
1204.526 1075.532
1204.526 1077.863
1204.526 1079.806
1204.526 1081.749
1204.526 1084.08
1204.526 1086.411
1204.526 1088.743
1204.526 1091.074
1204.526 1093.017
1204.526 1095.348
1204.526 1097.679
1204.526 1099.622
1204.526 1101.953
1204.526 1104.284
1204.526 1106.616
1204.186 1108.705
1204.157 1111.008
1204.157 1113.339
1204.157 1115.671
1204.156 1118.002
1204.157 1120.333
1203.536 1122.392
1201.904 1124.144
1200.254 1125.887
1197.786 1127.917
1195.69 1129.081
1193.429 1129.878
1190.668 1130.316
1187.872 1130.241
1186.624 1130.237
1186.624 1130.237
1187.549 1131.543
1189.315 1133.714
1191.063 1135.355
1193.054 1136.69
1196.002 1137.919
1198.351 1138.395
1201.147 1138.472
1203.503 1138.224
1203.573 1140.131
1203.573 1142.908
1202.381 1143.048
1199.988 1143.217
1197.592 1143.114
1195.232 1142.685
1192.533 1141.939
1191.384 1141.593
1191.384 1141.593
1191.384 1141.593
1191.384 1141.593
1191.384 1141.593
1191.384 1141.593
1191.384 1141.593
1191.037 1142.741
1190.227 1145.422
1189.649 1147.336
1188.839 1150.017
1188.145 1152.314
1187.451 1154.611
1186.757 1156.909
1186.063 1159.206
1185.368 1161.504
1184.674 1163.801
1183.98 1166.099
1183.286 1168.396
1182.592 1170.693
1181.898 1172.991
1180.495 1174.58
1178.263 1175.46
1175.233 1176.481
1172.875 1176.915
1170.08 1176.915
1167.337 1176.373
1165.108 1175.491
1162.737 1174.01
1160.699 1172.096
1159.273 1170.168
1157.76 1167.351
1156.767 1165.166
1156.442 1164.435
1156.442 1164.435
1156.442 1164.435
1156.022 1165.559
1155.289 1167.844
1154.816 1170.194
1154.728 1172.59
1155.131 1175.356
1155.961 1178.029
1156.853 1180.257
1157.316 1181.364
1156.867 1180.251
1156.072 1177.987
1155.459 1175.667
1155.276 1174.888
1155.276 1174.888
1155.276 1174.888
1154.107 1175.16
1151.77 1175.704
1149.042 1176.338
1146.705 1176.881
1144.367 1177.425
1141.64 1178.059
1139.302 1178.602
1136.965 1179.146
1134.627 1179.689
1132.289 1180.233
1129.952 1180.776
1128.783 1181.048
1126.056 1181.682
1123.718 1182.226
1121.38 1182.58
1119.043 1182.58
1116.705 1182.58
1113.978 1182.58
1111.25 1182.58
1108.902 1182.453
1107.93 1180.307
1107.679 1177.92
1107.55 1176.326
1107.55 1176.326
1107.55 1176.326
1107.55 1176.326
1107.55 1176.326
1107.55 1176.326
1107.55 1176.326
1105.157 1176.514
1102.366 1176.734
1099.973 1176.922
1097.182 1177.142
1094.789 1177.33
1092.397 1177.518
1089.605 1177.738
1086.814 1177.958
1084.421 1178.146
1083.624 1178.209
1083.624 1178.209
1082.425 1177.149
1080.728 1175.454
1079.259 1173.558
1077.963 1171.081
1077.078 1168.426
1076.495 1166.098
