1000 1000
1000 1000
1000 1000
1000 1000
1000 1000
1000 1000
1000 1000
1000 1000
1000 1000
1000 1000
1000 1000
1000 1000
1000 1000
1000 1000
1000 1000
1000 1000
1000 1000
1000 1000
1000 1000
1000 1000
1000 1000
1000 1000
1000 1000
1000 1000
1000 1000
1000 1000
1000 1000
1000 1000
1000 1000
1000 1000
1000 1000
1000 1000
1000 1000
1000 1000
1000 1000
1000 1000
1000 1000
1000.8 1000
1003.2 1000
1005.2 1000
1007.2 1000
1009.2 1000
1011.2 1000
1013.6 1000
1015.2 1000
1017.6 1000
1019.6 1000
1020.4 1000
1020.4 1000
1020.4 1000
1020.4 1000
1020.4 1000
1020.4 1000
1021.2 1000
1023.2 1000
1025.2 1000
1027.2 1000
1029.6 1000
1031.6 1000
1033.6 1000
1035.6 1000
1036.4 1000
1036.4 1000
1036.4 1000
1038.4 1000
1040.8 1000
1043.2 1000
1044.8 1000
1047.2 1000
1049.6 1000
1051.6 1000
1051.6 1000
1051.6 1000
1051.6 1000
1051.595 999.2
1051.525 997.2014
1051.06 994.0399
1050.289 991.7698
1049.151 989.6599
1048.094 987.7606
1048.098 986.0523
1048.098 984.7017
1048.098 984.7017
1048.098 984.7017
1048.098 984.7017
1048.098 984.7017
1048.098 984.7017
1048.098 984.7017
1048.098 984.7017
1048.098 984.7017
1048.098 984.7017
1048.098 984.7017
1048.098 984.7017
1048.098 984.7017
1048.098 984.7017
1047.7 982.947
1045.857 981.4614
1044.815 980.338
1044.815 979.5618
1044.815 979.0372
1044.815 978.6922
1044.815 978.6922
1044.815 978.6922
1044.815 978.6922
1044.815 978.6922
1044.815 978.6922
1044.815 978.6922
1044.815 978.6922
1044.815 978.6922
1044.815 978.6922
1044.815 978.6922
1044.815 978.6922
1044.815 978.6922
1044.815 978.6922
1044.815 978.6922
1044.815 978.6922
1044.815 978.6922
1044.815 978.6922
1044.815 978.6922
1044.815 978.6922
1044.815 978.6922
1044.815 978.6922
1044.815 978.6922
1044.815 978.6922
1044.815 978.6922
1044.815 978.6922
1044.815 978.6922
1044.815 978.6922
1044.815 978.6922
1044.815 978.6922
1044.815 978.6922
1044.815 978.6922
1044.815 978.6922
1044.815 978.6922
1044.815 978.6922
1044.815 978.6922
1044.815 978.6922
1044.815 978.6922
1044.815 978.6922
1044.815 978.6922
1044.815 978.6922
1046.78 979.0641
1048.336 979.4355
1051.321 980.5736
1053.032 981.6066
1055.15 983.4305
1056.666 985.2889
1057.949 987.3164
1059.124 989.4088
1059.124 989.4088
1059.124 989.4088
1059.124 989.4088
1060.063 991.1744
1060.223 992.9873
1060.237 995.6523
1060.25 998.0287
1060.16 1000.425
1059.794 1002.796
1059.377 1004.752
1059.377 1004.752
1059.377 1004.752
1059.377 1004.752
1059.377 1004.752
1059.377 1004.752
1059.377 1004.752
1059.377 1004.752
1059.377 1004.752
1059.377 1004.752
1059.377 1004.752
1057.427 1004.309
1055.086 1003.778
1052.746 1003.247
1050.795 1002.804
1048.455 1002.272
1046.505 1001.829
1044.164 1001.298
1042.214 1000.855
1040.263 1000.412
1037.923 999.8809
1035.583 999.3494
1033.632 998.9066
1031.682 998.4637
1029.732 998.0209
1027.781 997.5781
1025.441 997.0466
1023.49 996.6038
1021.54 996.1609
1019.2 995.6296
1017.639 995.2753
1015.299 994.7438
1013.349 994.301
1011.398 993.8582
1009.448 993.4153
1007.497 992.9725
1005.157 992.4411
1003.597 992.0868
1001.256 992.0192
999.306 992.0192
997.3556 992.0192
995.0152 992.0192
993.4549 992.0192
991.1145 992.0192
988.774 992.0192
986.8237 992.0192
984.8734 992.0192
983.7031 992.0192
983.7031 992.0192
983.7031 992.0192
983.7031 992.0192
983.7031 992.0192
983.7031 992.0192
983.7031 992.0192
983.7031 992.0192
983.7031 992.0192
983.7031 992.0192
983.7031 992.0192
983.7031 992.0192
983.7031 992.0192
983.7031 992.0192
983.7031 992.0192
983.7031 992.0192
983.7031 992.0192
983.7031 992.0192
983.7031 992.0192
983.7031 992.0192
983.7031 992.0192
983.7031 992.0192
983.7031 992.0192
983.7031 992.0192
983.7031 992.0192
983.7031 992.0192
983.7031 992.0192
983.7031 992.0192
983.7031 992.0192
983.7031 992.0192
983.7031 992.0192
983.7031 992.0192
983.7031 992.0192
983.7031 992.0192
983.7031 992.0192
983.7031 992.0192
983.522 992.7984
983.014 994.7325
982.2005 996.9888
981.0593 999.097
979.5825 1000.985
977.8115 1002.601
975.8089 1003.921
973.6772 1005.022
971.4925 1005.325
971.4925 1005.325
971.4925 1005.325
971.4925 1005.325
971.4925 1005.325
971.4925 1005.325
971.1264 1005.325
968.9085 1005.329
966.6223 1005.338
964.2556 1005.35
961.8583 1005.297
959.4979 1004.879
957.2402 1004.073
955.1221 1002.947
952.7807 1001.413
951.7942 1000.729
951.7942 1000.729
951.7942 1000.729
951.7942 1000.729
951.7942 1000.729
951.7942 1000.729
951.7942 1000.729
951.7942 1000.729
951.7942 1000.729
951.7942 1000.729
951.7942 1000.729
951.5659 1001.058
950.196 1003.029
949.2828 1004.342
948.1965 1005.531
947.1176 1006.5
946.7374 1008.042
946.7392 1009.334
946.7392 1009.622
946.7392 1009.419
946.7392 1009.111
946.7392 1009.111
946.7392 1009.111
946.7392 1009.111
946.7392 1009.111
946.7392 1009.111
946.7392 1009.111
946.7392 1009.111
946.7392 1009.111
946.7392 1009.111
946.782 1010.688
946.782 1013.054
946.782 1015.42
946.782 1017.391
946.782 1019.363
946.782 1021.334
946.782 1023.306
946.782 1025.671
946.782 1027.248
946.782 1029.614
946.782 1031.98
946.782 1033.557
946.782 1035.923
946.782 1037.894
946.782 1039.866
946.7817 1042.231
946.782 1044.203
946.6403 1046.193
946.3456 1048.552
946.544 1050.943
946.7723 1053.332
946.7879 1055.721
946.7879 1058.111
946.7879 1059.703
946.7879 1062.092
946.8259 1064.482
946.9781 1066.074
947.2064 1068.463
947.4346 1070.853
947.6629 1073.242
947.6063 1074.833
946.8263 1077.086
946.1709 1079.386
946.0338 1081.78
945.9492 1084.178
945.8644 1086.577
945.7797 1086.874
945.6951 1086.874
945.6245 1086.874
945.5539 1086.874
945.4692 1086.874
945.3845 1086.874
945.314 1086.874
945.2434 1086.874
945.1587 1086.874
945.074 1086.874
944.82 1086.875
943.9754 1086.884
942.2638 1086.904
939.7146 1087.883
937.6227 1088.521
937.6227 1088.765
937.6227 1089.017
937.6179 1089.651
937.5859 1091.052
937.7397 1093.233
939.095 1095.195
939.8075 1096.918
939.8075 1098.031
939.8088 1098.865
939.8088 1099.169
939.8088 1099.196
939.8088 1099.076
939.8088 1099.076
939.8088 1099.076
939.8088 1099.076
939.8088 1099.076
939.8088 1099.076
939.8088 1099.076
939.8088 1099.076
939.8642 1101.471
939.8642 1103.867
939.8642 1106.262
939.8642 1107.859
939.8923 1110.255
940.0395 1112.65
940.1867 1115.046
940.3094 1117.042
940.4321 1119.038
940.5793 1121.434
940.7265 1123.829
940.8737 1126.225
941.1436 1128.603
942.0311 1130.387
942.827 1132.639
943.2624 1135.405
943.6356 1137.776
944.0088 1140.147
944.382 1142.518
944.7551 1144.888
945.0661 1146.864
945.4393 1149.235
945.7503 1151.211
946.1235 1153.581
946.4966 1155.952
946.8698 1158.323
947.243 1160.694
947.554 1162.669
947.865 1164.645
948.0516 1165.831
948.0516 1165.831
948.4464 1165.767
950.8018 1165.308
953.1005 1164.625
954.2718 1163.595
954.2793 1162.219
954.292 1159.913
954.3019 1157.9
954.3084 1155.747
954.3091 1155.304
954.3091 1156.391
954.3091 1157.478
954.3091 1158.255
954.3091 1159.031
954.3091 1159.963
954.3091 1160.894
954.3091 1161.826
954.3091 1162.758
954.3091 1163.689
954.3091 1164.621
954.3757 1165.353
955.5172 1166.856
957.7492 1167.726
960.1353 1167.786
962.3599 1167.234
964.3296 1166.032
966.6429 1163.858
968.6626 1163.838
970.905 1163.82
973.2413 1163.82
975.5778 1163.82
977.9525 1164.081
980.0569 1165.183
981.7324 1166.894
983.7707 1168.811
986.2362 1170.127
988.5465 1170.777
991.2419 1171.535
993.1672 1172.077
995.4915 1172.645
997.8687 1172.46
1000.239 1172.453
1002.605 1172.855
1005.36 1173.35
1007.329 1173.704
1009.691 1174.129
1012.053 1174.554
1014.415 1174.979
1016.791 1175.025
1019.02 1174.176
1020.87 1172.661
1023.18 1171.086
1025.889 1170.398
1028.25 1169.964
1030.61 1169.529
1032.97 1169.095
1035.337 1168.744
1037.687 1169.152
1039.908 1170.036
1042.256 1170.467
1045.456 1170.451
1047.856 1170.439
1050.256 1170.427
1052.656 1170.416
1055.056 1170.404
1057.456 1170.392
1059.856 1170.38
1062.256 1170.368
1064.656 1170.356
1067.056 1170.345
1069.456 1170.333
1072.256 1170.319
1074.656 1170.307
1077.456 1170.293
1079.856 1170.281
1082.256 1170.27
1084.656 1170.258
1087.056 1170.246
1089.456 1170.234
1091.856 1170.222
1094.256 1170.21
1097.056 1170.197
1099.456 1170.185
1101.855 1170.173
1104.655 1170.159
1107.055 1170.147
1109.455 1170.135
1111.855 1170.124
1114.255 1170.112
1116.655 1170.1
1119.455 1170.086
1121.855 1170.074
1124.655 1170.061
1127.055 1170.049
1129.455 1170.037
1131.855 1170.025
1131.855 1170.025
1131.855 1170.025
1131.855 1170.025
1131.855 1170.025
1131.855 1170.025
1131.855 1170.025
1131.855 1170.025
1131.855 1170.025
1131.855 1170.025
1131.855 1170.025
1131.855 1170.025
1131.855 1170.025
1131.855 1170.025
1131.855 1170.025
1131.855 1170.025
1131.855 1170.025
1131.855 1170.025
1131.855 1170.025
1131.855 1170.025
1131.855 1170.025
1131.855 1170.025
1131.855 1170.025
1131.855 1170.025
1131.855 1170.025
1131.855 1170.025
1131.855 1170.025
1131.855 1170.025
1131.855 1170.025
1131.855 1170.025
1133.055 1170.019
1135.455 1170.007
1137.855 1169.995
1140.255 1169.984
1143.055 1169.97
1145.455 1169.958
1147.855 1169.946
1150.655 1169.932
1152.655 1169.922
1155.455 1169.909
1157.855 1169.897
1160.134 1169.163
1162.024 1167.719
1163.289 1165.689
1164.589 1163.873
1165.878 1163.862
1167.682 1163.495
1170.287 1161.635
1172.24 1160.24
1172.565 1160.008
1172.565 1160.008
1172.565 1160.008
1172.565 1160.008
1172.565 1160.008
1172.565 1160.008
1172.565 1160.008
1172.565 1160.008
1172.565 1160.008
1172.565 1160.008
1172.565 1160.008
1172.565 1160.008
1172.565 1160.008
1172.565 1160.008
1172.565 1160.008
1172.565 1160.008
1172.565 1160.008
1172.565 1160.008
1172.565 1160.008
1172.565 1160.008
1172.565 1160.008
1172.565 1160.008
1172.565 1160.008
1172.565 1160.008
1172.565 1160.008
1171.263 1160.938
1169.31 1162.332
1167.357 1163.727
1165.404 1165.122
1163.451 1166.517
1161.498 1167.911
1159.544 1169.306
1157.917 1170.468
1157.917 1170.468
1157.917 1170.468
1157.917 1170.468
1157.917 1170.468
1157.917 1170.468
1157.917 1170.468
1157.917 1170.468
1157.917 1170.468
1157.917 1170.468
1157.917 1170.468
1157.917 1170.468
1157.917 1170.468
1157.917 1170.468
1157.917 1170.468
1157.917 1170.468
1157.917 1170.468
1157.917 1170.468
1157.917 1170.468
1157.917 1170.468
1157.917 1170.468
1157.917 1170.468
1157.917 1170.468
1157.917 1170.468
1157.917 1170.468
1157.917 1170.468
1157.917 1170.468
1157.266 1170.933
1155.313 1172.328
1153.36 1173.723
1151.406 1175.117
1149.453 1176.512
1147.5 1177.907
1145.222 1179.534
1143.268 1180.929
1140.99 1182.552
1139.037 1182.552
1137.083 1182.552
1135.13 1182.552
1133.177 1182.552
1131.224 1182.552
1128.62 1182.552
1126.667 1182.552
1124.714 1182.552
1122.76 1182.552
1120.807 1182.552
1118.854 1182.552
1116.576 1182.552
1114.623 1182.552
1112.344 1182.552
1110.391 1182.552
1108.438 1182.552
1107.461 1182.552
1107.461 1182.552
1107.461 1182.552
1107.461 1182.552
1107.461 1182.552
1107.461 1182.552
1107.461 1182.552
1108.112 1182.087
1110.066 1180.692
1112.019 1179.298
1114.297 1177.671
1116.576 1176.043
1118.529 1174.649
1120.482 1173.254
1122.435 1171.859
1124.389 1170.464
1126.667 1168.837
1128.62 1167.443
1130.573 1166.048
1132.852 1164.421
1134.805 1163.848
1136.758 1163.848
1138.712 1163.848
1140.665 1163.848
1142.618 1163.848
1144.571 1163.848
1146.524 1163.848
1148.477 1163.848
1150.43 1163.848
1152.383 1163.848
1154.337 1163.848
1156.29 1163.848
1158.243 1163.848
1160.196 1163.848
1162.149 1163.848
1164.102 1163.848
1166.055 1163.848
1168.083 1163.219
1170.036 1161.824
1171.989 1160.429
1173.942 1159.035
1175.538 1156.746
1176.105 1154.426
1177.731 1152.464
1179.386 1150.782
1181.357 1148.812
1183.327 1146.842
1185.016 1145.153
1186.705 1143.464
1188.393 1141.775
1190.082 1140.086
1191.681 1138.306
1193.203 1136.45
1194.725 1134.595
1196.116 1132.652
1196.747 1130.356
1196.421 1127.991
1196.015 1125.635
1196.075 1122.841
1196.892 1120.163
1197.606 1117.871
1198.319 1115.58
1199.033 1113.288
1199.746 1110.997
1200.46 1108.705
1200.663 1106.334
1199.975 1104.05
1199.051 1101.842
1198.788 1099.069
1198.923 1096.273
1199.039 1093.875
1199.154 1091.478
1199.27 1089.081
1199.385 1086.684
1199.501 1084.286
1199.616 1081.889
1199.713 1079.891
1199.828 1077.494
1199.924 1075.497
1200.04 1073.099
1200.156 1070.702
1200.271 1068.305
1200.387 1065.908
1200.483 1063.91
1200.618 1061.113
1200.695 1059.515
1200.81 1057.118
1200.926 1054.721
1201.041 1052.323
1201.157 1049.926
1201.272 1047.529
1201.369 1045.531
1201.465 1043.534
1201.58 1041.136
1201.696 1038.739
1201.812 1036.342
1201.927 1033.945
1202.023 1031.947
1202.139 1029.55
1202.274 1026.753
1202.351 1025.155
1202.466 1022.758
1202.582 1020.361
1202.697 1017.963
1202.813 1015.566
1202.928 1013.169
1203.044 1010.772
1203.159 1008.375
1203.275 1005.977
1203.41 1003.181
1203.506 1001.183
1203.622 998.7856
1203.627 996.3884
1203.329 993.618
1202.197 991.5103
1201.456 988.8334
1201.174 986.4515
1200.891 983.666
1200.607 980.8804
1200.364 978.4927
1200.162 976.503
1199.919 974.1154
1199.676 971.7277
1199.392 968.9421
1199.189 966.9523
1198.946 964.5647
1198.703 962.1771
1198.46 959.7894
1198.217 957.4017
1198.008 955.014
1198.008 953.0244
1198.008 950.2387
1198.008 948.249
1198.008 945.8614
1197.806 943.4737
1197.562 941.0861
1197.319 938.6984
1197.076 936.3107
1196.833 933.9231
1196.631 931.9333
1196.388 929.5457
1196.185 927.556
1195.942 925.1683
1196.184 922.8014
1197.24 920.6612
1198.046 918.4055
1198.3 916.025
1198.48 913.6318
1198.66 911.2385
1198.84 908.8453
1198.862 906.8516
1198.265 904.9434
1198.125 902.1528
1198.141 899.3528
1198.151 897.7529
1198.165 895.3529
1198.179 892.9529
1198.19 890.9529
1198.202 888.953
1198.104 886.5602
1197.385 884.6956
1196.138 883.1429
1193.748 881.6951
1191.719 880.4149
1189.993 878.7561
1188.759 876.6989
1187.587 874.6048
1186.583 872.5107
1186.583 870.7657
1186.583 869.0206
1186.897 868.1751
1187.357 867.7144
1187.702 867.3215
1188.146 865.9025
1187.49 864.1175
1186.583 862.3724
1186.583 860.6274
1185.884 858.8417
1184.907 857.0967
1183.93 855.3517
1182.757 853.2576
1181.976 851.8616
1180.803 849.7675
1179.761 848.559
1177.829 847.1466
1176.157 845.4376
1174.759 843.4872
1173.593 841.8619
1173.593 841.8619
1173.593 841.8619
1173.593 841.8619
1173.593 841.8619
1172.946 842.3317
1171.354 843.5425
1169.569 845.1447
1169.197 845.8276
1169.62 846.2545
1170.229 846.8674
1170.923 847.5627
1170.923 847.5627
1170.923 847.5627
1170.923 847.5627
1170.923 847.5627
1169.611 846.3062
1169 845.2587
1168.929 844.4374
1167.837 842.9781
1166.356 842.3873
1164.104 841.5567
1162.228 840.8646
1160.351 840.1724
1158.023 839.6552
1156.425 839.6607
1154.105 839.0493
1151.422 838.2482
1149.506 837.676
1147.206 836.9894
1145.673 836.5317
1143.373 835.845
1141.84 835.3873
1139.541 834.7006
1137.984 834.342
1135.601 834.501
1133.35 835.3126
1131.007 835.7415
1128.613 835.5904
1126.221 835.3987
1124.227 835.2389
1122.234 835.0792
1120.24 834.9194
1118.246 834.7596
1115.854 834.5679
1113.86 834.4082
1111.867 834.2484
1109.873 834.0887
1107.88 833.9289
1105.886 833.7692
1103.892 833.6094
1101.899 833.4496
1099.935 833.7606
1097.601 834.2117
1095.202 834.2156
1092.802 834.1927
1090.802 834.1736
1090.802 834.1736
1090.802 834.1736
1090.802 834.1736
1090.802 834.1736
1090.802 834.1736
1090.802 834.1736
1090.802 834.1736
1089.602 834.1622
1087.602 834.1431
1085.603 834.124
1083.203 834.1011
1081.603 834.0859
1079.203 834.063
1077.603 834.0477
1075.203 834.0248
1073.603 834.0096
1071.203 833.9868
1069.203 833.9677
1067.24 834.231
1065.765 835.51
1064.992 837.7422
1064.992 837.7422
1064.992 837.7422
1064.992 837.7422
1064.992 837.7422
1064.992 837.7422
1064.992 837.7422
1064.992 837.7422
1064.992 837.7422
1064.992 837.7422
1064.992 837.7422
1064.889 836.5466
1064.768 834.1501
1064.86 831.7526
1065.095 829.3642
1065.095 829.3642
1065.095 829.3642
1063.107 829.1491
1061.118 828.9341
1059.13 828.7191
1057.141 828.504
1055.153 828.2889
1052.767 828.0309
1050.794 828.3068
1048.995 829.152
1046.988 830.4612
1044.746 831.2949
1042.367 831.6172
1039.989 831.9396
1037.611 832.262
1035.629 832.5306
1033.647 832.7992
1031.269 833.1215
1029.287 833.3901
1027.305 833.6588
1024.927 833.9811
1022.945 834.2497
1020.963 834.5183
1018.585 834.8407
1016.603 835.1093
1014.621 835.3779
1012.243 835.7003
1010.261 835.9689
1008.272 836.0231
1005.985 835.3494
1003.642 834.8459
1001.242 834.877
998.842 834.908
996.8421 834.9339
994.8423 834.9598
992.4425 834.9908
990.8427 835.0115
988.4428 835.0425
986.443 835.0684
984.4432 835.0943
982.0433 835.1254
979.6436 835.1564
978.0437 835.1771
975.6439 835.2081
973.644 835.234
971.6442 835.2599
969.2444 835.291
967.2446 835.3168
965.2448 835.3427
962.845 835.3738
960.8452 835.3996
958.8453 835.4255
956.4455 835.4565
954.8456 835.4772
952.4459 835.5083
950.046 835.5394
948.4462 835.5601
948.4462 835.5601
948.4462 835.5601
948.4462 835.5601
947.2463 835.5756
944.8465 835.6066
943.2466 835.6273
940.8468 835.6584
938.447 835.6894
936.8472 835.7101
934.4473 835.7411
932.0475 835.7722
930.4477 835.7929
928.0479 835.824
925.6481 835.855
923.2483 835.886
921.6484 835.9067
919.2486 835.9378
916.8488 835.9689
915.249 835.9896
912.8492 836.0206
910.8493 836.0465
908.8495 836.0723
906.4497 836.1034
904.4498 836.1293
902.45 836.1552
900.0502 836.1862
898.0504 836.2121
896.0505 836.238
893.6508 836.269
891.251 836.3
889.2511 836.3259
887.2513 836.3518
884.8515 836.3829
882.8517 836.4087
880.8518 836.4346
878.452 836.4656
876.4522 836.4915
874.0524 836.5226
872.0526 836.5485
869.6528 836.5795
867.653 836.6053
865.6531 836.6312
863.2533 836.6623
861.2535 836.6882
859.2537 836.7141
856.8538 836.7451
854.454 836.7761
852.4542 836.802
850.4543 836.8279
848.0546 836.8589
846.0547 836.8848
844.0549 836.9107
841.6907 837.2407
839.6297 838.4322
838.1312 840.2878
837.1303 842.4662
836.2809 842.5268
835.1006 842.5314
833.3836 842.5486
831.08 843.7557
829.1895 845.2343
827.6141 846.4665
825.7238 847.9451
824.1484 849.1772
822.573 850.4094
820.6826 851.888
818.7921 853.3666
817.5319 854.3524
815.6414 855.8309
814.1481 857.6801
813.525 859.1465
812.8806 862.2749
812.0438 864.0853
810.3455 866.3115
808.8899 868.2197
807.9194 869.4918
806.4638 871.4
805.0082 873.3081
804.0378 874.5803
802.6282 876.5187
801.9615 878.393
802.0051 880.7814
802.8201 883.038
803.4116 885.7687
803.2515 888.1509
802.7482 890.4975
802.3287 892.453
801.9093 894.4086
801.406 896.7552
800.9866 898.7107
800.5671 900.6663
800.0638 903.0129
799.7283 904.5773
799.5021 906.9542
799.7903 908.9307
799.5032 911.313
799.1024 914.0842
798.8734 915.6677
798.5298 918.043
798.2435 920.0225
797.9572 922.0018
797.6708 923.9813
797.5778 925.9709
798.0823 927.8964
799.475 929.8388
800.8239 931.8214
801.4966 933.6995
801.8867 936.0676
802.2767 938.4357
802.6667 940.8038
802.9918 942.7772
803.3168 944.7506
803.5768 946.3293
803.3469 948.7041
802.7866 951.0298
802.8035 953.026
802.9435 955.4219
803.0601 957.4185
803.2001 959.8144
803.2934 961.4117
803.4333 963.8076
803.5267 965.4048
803.5644 967.8002
803.1496 969.3421
802.4003 971.6081
802.2076 973.9968
802.1072 976.3947
802.0236 978.3929
801.9399 980.3911
801.8563 982.3894
801.7726 984.3876
801.689 986.3859
801.6053 988.3842
801.5049 990.782
801.4379 992.3806
801.3376 994.7786
801.2706 996.3771
801.1702 998.775
801.1033 1000.374
801.0029 1002.772
800.936 1004.37
800.8356 1006.768
800.7687 1008.367
800.6683 1010.765
800.6014 1012.363
800.501 1014.761
800.434 1016.36
800.3336 1018.758
800.25 1020.756
800.1663 1022.754
800.0826 1024.752
799.999 1026.75
799.9153 1028.749
799.8317 1030.747
799.7313 1033.145
799.6644 1034.744
799.564 1037.141
799.4971 1038.74
799.3967 1041.138
799.313 1043.136
799.2293 1045.134
799.1457 1047.133
799.062 1049.131
798.9783 1051.129
798.8947 1053.127
798.811 1055.126
798.7274 1057.124
798.627 1059.522
798.5601 1061.12
798.4597 1063.518
798.376 1065.517
798.5016 1067.503
799.2492 1069.347
799.9167 1071.645
800.0797 1074.039
800.2698 1076.833
800.3785 1078.429
800.5414 1080.823
800.6501 1082.42
800.8131 1084.814
800.9218 1086.41
801.0848 1088.805
801.2206 1090.8
801.3564 1092.796
801.4922 1094.791
801.6281 1096.786
801.7911 1099.181
801.8997 1100.777
802.0627 1103.172
802.1714 1104.768
802.3344 1107.162
802.4702 1109.158
802.606 1111.153
802.7418 1113.149
802.8777 1115.144
803.0406 1117.538
803.1493 1119.135
803.3123 1121.529
803.421 1123.125
803.584 1125.52
803.7469 1127.914
804.1669 1129.457
805.5255 1131.414
807.0173 1132.743
808.5257 1135.087
809.3404 1137.343
808.6938 1138.215
808.1658 1139.489
808.5745 1141.377
809.3502 1143.648
809.8674 1145.162
810.6431 1147.433
811.1603 1148.948
811.936 1151.219
812.4532 1152.733
813.7509 1154.739
815.6798 1156.136
817.9277 1156.974
819.99 1158.196
821.646 1159.922
823.1601 1161.784
824.4219 1163.336
825.6837 1164.888
827.1978 1166.75
828.2072 1167.991
830.0955 1169.452
832.4016 1170.032
834.7847 1169.84
837.082 1169.154
839.3547 1168.392
841.7192 1168.043
844.0943 1168.333
846.4429 1168.827
848.7916 1169.321
851.1402 1169.815
853.0974 1170.226
855.0546 1170.638
857.4033 1171.132
859.3604 1171.543
861.3176 1171.955
863.6663 1172.449
865.6235 1172.86
867.5807 1173.272
869.9293 1173.766
871.8865 1174.177
874.2351 1174.671
876.1923 1175.083
878.558 1175.409
880.5201 1175.077
882.9017 1174.893
885.6841 1175.207
888.069 1175.476
890.4539 1175.745
892.4413 1175.969
894.4287 1176.193
896.8136 1176.462
899.1985 1176.73
901.1859 1176.954
903.1556 1176.655
905.553 1176.64
907.948 1176.795
910.7421 1176.975
912.7379 1177.105
915.1329 1177.26
917.5279 1177.415
919.9229 1177.57
922.3179 1177.725
924.7133 1177.783
926.6874 1177.494
929.486 1177.583
931.8848 1177.66
933.0842 1177.698
933.0842 1177.698
933.0842 1177.698
933.0842 1177.698
933.0842 1177.698
933.0842 1177.698
935.0832 1177.762
937.0822 1177.825
939.8807 1177.914
941.4799 1177.965
943.8787 1178.042
946.2775 1178.118
948.6763 1178.195
951.0751 1178.271
952.6743 1178.322
955.0731 1178.398
957.4719 1178.475
959.8706 1178.551
962.2694 1178.627
964.6682 1178.704
966.6567 1178.567
968.9906 1178.059
970.9902 1178.016
974.1896 1177.96
976.1893 1177.924
976.1893 1177.924
976.1893 1177.924
976.1893 1177.924
976.1893 1177.924
976.1893 1177.924
976.1893 1177.924
976.1893 1177.924
976.1893 1177.924
976.1893 1177.924
976.1893 1177.924
976.1893 1177.924
976.1893 1177.924
976.1893 1177.924
976.1893 1177.924
976.1893 1177.924
976.1893 1177.924
976.1893 1177.924
976.1893 1177.924
976.1893 1177.924
976.1893 1177.924
976.1893 1177.924
975.7894 1177.931
973.3898 1177.974
970.9902 1178.016
968.5905 1178.059
966.5908 1178.094
964.1912 1178.137
962.1915 1178.172
959.7919 1178.215
957.3923 1178.257
954.9927 1178.3
952.593 1178.343
950.1934 1178.385
948.5937 1178.413
946.194 1178.456
943.7944 1178.499
941.3948 1178.541
939.3951 1178.577
936.9955 1178.619
934.9958 1178.655
932.5962 1178.697
930.1966 1178.74
928.5968 1178.768
928.5968 1178.768
928.5968 1178.768
928.5968 1178.768
928.5968 1178.768
928.5968 1178.768
928.5968 1178.768
930.8134 1178.109
932.0574 1177.105
933.9105 1175.011
935.137 1172.498
935.7825 1170.19
936.034 1167.806
935.8844 1165.413
935.1705 1163.275
934.6066 1163.276
934.4368 1163.276
934.9052 1163.276
935.8172 1163.156
936.9466 1162.406
936.9466 1162.406
936.9466 1162.406
936.9466 1162.406
936.9466 1162.406
936.9466 1162.406
936.9466 1162.406
936.9466 1162.406
936.9466 1162.406
937.6536 1160.619
938.1378 1158.679
938.7188 1156.35
939.2997 1154.021
939.8807 1151.693
940.4617 1149.364
941.0427 1147.035
941.5268 1145.095
941.4773 1142.705
940.9264 1140.373
941.1928 1137.587
941.4961 1135.206
941.7994 1132.825
942.1026 1130.444
942.4059 1128.064
942.6586 1126.08
942.9113 1124.096
943.2146 1121.715
942.8554 1119.361
941.6294 1117.318
939.7985 1115.777
937.6043 1113.693
937.6255 1113.576
938.2136 1113.029
938.7173 1111.429
937.9988 1109.172
937.5717 1106.926
937.5466 1104.94
937.9611 1102.99
939.1948 1100.044
939.6161 1097.692
939.4414 1095.298
939.2667 1092.904
939.0921 1090.511
938.9174 1088.117
938.7719 1086.122
938.6263 1084.128
938.4516 1081.734
938.3061 1079.739
938.373 1077.353
939.0637 1075.488
940.5783 1073.635
941.8087 1071.585
942.4876 1069.292
943.048 1066.549
943.4484 1064.59
943.9288 1062.238
944.4091 1059.887
944.7294 1058.319
945.2097 1055.968
945.6546 1053.611
945.4081 1051.631
945.6235 1049.241
946.0304 1046.471
946.2629 1044.888
946.6117 1042.514
946.7839 1040.139
946.7839 1038.556
946.7839 1036.182
946.7839 1035.786
946.7839 1035.786
946.7839 1035.786
946.7839 1035.786
946.7839 1035.786
946.7839 1035.786
946.7839 1035.786
946.7839 1035.786
946.7839 1035.786
946.7839 1033.411
946.7839 1031.432
946.7887 1029.449
946.4604 1027.089
945.7327 1024.809
945.6245 1022.414
945.6808 1020.015
945.7184 1018.415
945.7184 1018.415
945.7184 1018.415
945.7184 1018.415
945.7184 1018.415
945.7184 1018.415
945.7184 1018.415
945.7184 1018.415
945.7654 1016.416
945.803 1014.816
945.8593 1012.417
945.9063 1010.418
945.9532 1008.418
945.9908 1006.819
945.9908 1006.819
945.9908 1006.819
945.9908 1006.819
945.9908 1006.819
945.9908 1006.819
945.9908 1006.819
945.9908 1006.819
945.9908 1006.819
945.9908 1006.819
945.9908 1006.819
945.9908 1006.819
945.9908 1006.819
945.9908 1006.819
945.9908 1006.819
945.9908 1006.819
945.9908 1006.819
945.9908 1006.819
946.9651 1006.761
947.3812 1006.139
948.9876 1005.331
951.2772 1005.338
953.4264 1005.338
955.4063 1005.338
957.27 1005.338
958.49 1005.338
958.49 1005.338
958.49 1005.338
958.49 1005.338
958.49 1005.338
958.49 1005.338
958.49 1005.338
958.49 1005.338
959.3961 1005.338
961.136 1005.338
962.6792 1005.338
963.9091 1005.338
964.8106 1005.337
965.5011 1005.337
966.0175 1005.337
966.0175 1005.337
966.0175 1005.337
966.0175 1005.337
966.0175 1005.337
966.0175 1005.337
966.0175 1005.337
968.3367 1004.72
970.656 1004.102
972.2021 1003.691
974.5214 1003.073
976.4541 1002.559
978.3868 1002.044
980.7061 1001.427
982.6387 1000.913
982.6387 1000.913
982.6387 1000.913
982.6387 1000.913
982.6387 1000.913
982.6387 1000.913
982.6387 1000.913
982.6387 1000.913
982.6387 1000.913
983.0316 1002.464
983.4285 1004.423
983.7762 1005.278
983.7762 1005.278
983.7762 1005.278
983.7762 1005.278
983.7762 1005.278
983.7762 1005.278
983.7762 1005.278
984.5693 1005.173
986.5518 1004.91
988.5344 1004.646
990.9135 1004.33
992.4996 1004.119
994.8787 1003.803
995.2751 1003.75
995.2751 1003.75
995.2751 1003.75
995.2751 1003.75
997.2578 1003.487
999.2403 1003.224
1001.223 1002.96
1003.205 1002.697
1005.585 1002.38
1007.171 1002.17
1009.55 1001.854
1011.532 1001.59
1013.515 1001.327
1015.894 1001.01
1017.48 1000.8
1019.859 1000.484
1021.842 1000.22
1023.824 999.9567
1026.203 999.6406
1028.186 999.3771
1028.186 999.3771
1028.186 999.3771
1028.186 999.3771
1028.186 999.3771
1030.565 999.061
1032.944 998.7448
1034.927 998.4814
1036.909 998.2179
1038.892 998.0106
1040.874 998.0105
1043.253 997.9052
1045.632 997.589
1047.219 997.3782
1047.219 997.3782
1046.921 995.4006
1046.517 993.4422
1045.856 992.061
1044.824 992.0687
1044.818 992.0605
1044.81 992.0536
1044.807 992.051
1044.807 992.051
1044.807 992.051
1044.807 992.051
1045.284 992.051
1046.945 991.6274
1047.977 990.4387
1049.408 988.5123
1050.84 986.5859
1051.696 985.2396
1052.24 982.9208
1051.926 980.5563
1051.12 978.2968
1050.656 975.5414
1050.917 973.1653
1051.391 970.8125
1051.865 968.4597
1052.259 966.499
1052.733 964.1462
1053.049 962.5777
1053.522 960.2249
1053.996 957.8721
1054.391 955.9115
1054.277 953.9267
1053.991 951.5601
1054.238 949.1741
1054.52 946.7907
1054.802 944.4073
1055.037 942.4212
1055.272 940.4351
1055.555 938.0518
1055.743 936.4628
1056.025 934.0795
1056.26 932.0933
1056.1 930.1049
1055.626 927.7693
1055.663 925.3715
1055.768 922.9738
1055.873 920.5761
1055.96 918.578
1056.048 916.58
1056.153 914.1823
1056.223 912.5838
1056.328 910.1861
1056.416 908.188
1056.503 906.1899
1056.608 903.7922
1056.678 902.1937
1056.183 899.858
1055.648 897.5316
1055.572 895.1328
1055.497 892.734
1055.434 890.735
1055.37 888.736
1055.307 886.737
1055.244 884.738
1055.169 882.3392
1055.118 880.74
1055.042 878.3412
1054.979 876.3422
1054.916 874.3431
1054.853 872.3442
1054.79 870.3452
1054.714 867.9464
1054.664 866.3471
1054.588 863.9483
1054.538 862.3491
1054.462 859.9503
1054.411 858.3511
1054.336 855.9523
1054.285 854.3531
1054.209 851.9543
1054.146 849.9553
1054.083 847.9563
1054.045 846.7569
1054.045 846.7569
1054.045 846.7569
1054.045 846.7569
1054.045 846.7569
1054.045 846.7569
1054.045 846.7569
1054.045 846.7569
1054.045 846.7569
1054.045 846.7569
1052.447 846.8249
1050.852 846.9522
1048.489 847.3591
1046.182 848.0146
1044.824 848.2079
1044.822 848.0558
1044.819 847.317
1044.808 846.0177
1044.459 844.2473
1043.084 842.5223
1041.626 840.7613
1040.443 839.6838
1038.669 838.0677
1036.998 836.9885
1035.053 836.5751
1032.68 836.861
1030.301 837.1589
1027.545 836.7555
1025.295 835.9214
1023.044 835.0875
1021.067 834.8732
1018.687 834.6916
1016.374 834.0519
1014.069 833.3839
1011.764 832.7159
1009.843 832.1593
1007.922 831.6027
1005.539 831.6084
1003.335 832.5257
1001.873 834.407
1001.066 836.6588
1000.19 838.8904
999.2444 840.5276
997.9996 840.5377
996.2481 840.5521
994.2947 840.5521
992.3414 840.5521
990.388 840.5521
989.0857 840.5521
987.1323 840.5521
985.5045 840.5521
985.5045 840.5521
985.5045 840.5521
985.5045 840.5521
984.3693 838.9056
983.1361 836.8478
982.18 834.649
981.5953 832.3242
981.4065 829.9344
981.5965 827.5438
982.0444 825.1866
982.4182 823.631
982.4182 823.631
982.4182 823.631
982.1364 824.7974
981.6678 827.1507
981.4515 829.5389
981.6146 831.9307
982.1503 834.2683
982.9192 836.5413
983.7783 838.7822
983.7783 838.7822
983.7783 838.7822
983.4954 838.0339
982.8375 836.1454
982.0941 833.4464
981.9055 832.6689
981.9055 832.6689
981.9055 832.6689
981.9055 832.6689
981.9055 832.6689
981.9055 832.6689
981.5165 832.7624
979.183 833.3234
977.6274 833.6973
975.2938 834.2582
972.9603 834.8192
971.0157 835.2867
969.0711 835.7541
966.7375 836.3151
964.793 836.7825
962.8484 837.25
960.5148 837.8109
958.5703 838.2784
956.6256 838.7458
955.8478 838.9328
955.8478 838.9328
955.8478 838.9328
955.8478 838.9328
955.8478 838.9328
955.8478 838.9328
955.9427 839.3214
956.5762 841.6359
957.2115 842.9252
957.2118 842.9259
957.2118 842.9259
957.2118 842.9259
957.2118 842.9259
957.2118 842.9259
957.2118 842.9259
957.2118 842.9259
956.8413 842.9698
954.9763 843.5511
953.124 844.3054
950.9012 845.2106
949.0489 845.9648
947.4515 847.1491
946.1211 849.1235
945.5695 851.4482
945.5221 853.845
945.8751 856.2161
946.6186 858.4952
947.7318 860.6183
948.8284 862.7516
949.4878 865.058
949.5306 867.4538
949.4386 869.8521
949.3466 872.2503
949.2547 874.6485
949.1934 876.2474
949.1014 878.6456
949.0248 880.6441
948.9481 882.6426
948.8561 885.0409
948.7949 886.6397
948.7029 889.038
948.6416 890.6368
948.5496 893.035
948.473 895.0336
948.3964 897.032
948.3197 899.0306
948.243 901.0291
948.1511 903.4274
948.0745 905.4259
948.0132 907.0247
948.0132 907.0247
948.0132 907.0247
948.0132 907.0247
948.0132 907.0247
948.0132 907.0247
948.0132 907.0247
948.0132 907.0247
948.0132 907.0247
948.0132 907.0247
948.0132 907.0247
948.0132 907.0247
948.0132 907.0247
948.0132 907.0247
948.0132 907.0247
948.0132 907.0247
948.0132 907.0247
948.0132 907.0247
948.0132 907.0247
948.0132 907.0247
948.0132 907.0247
948.0132 907.0247
948.0132 907.0247
948.0132 907.0247
948.0132 907.0247
948.0132 907.0247
948.0132 907.0247
948.0132 907.0247
948.0132 907.0247
948.0132 907.0247
948.0132 907.0247
948.0132 907.0247
948.0132 907.0247
948.0132 907.0247
948.0132 907.0247
948.0132 907.0247
948.0132 907.0247
948.0132 907.0247
948.0132 907.0247
948.0132 907.0247
948.0132 907.0247
948.0132 907.0247
948.0132 907.0247
948.0132 907.0247
948.0132 907.0247
948.0132 907.0247
948.0132 907.0247
948.0132 907.0247
948.0132 907.0247
948.0132 907.0247
948.0132 907.0247
948.0132 907.0247
948.0132 907.0247
948.0132 907.0247
948.0132 907.0247
948.0132 907.0247
948.0132 907.0247
947.9212 909.423
947.8445 911.4215
947.7679 913.42
947.676 915.8182
947.6146 917.4171
947.5226 919.8153
947.446 921.8138
947.3694 923.8124
947.2774 926.2106
947.2008 928.2092
947.1241 930.2077
947.0322 932.6059
946.9709 934.2048
946.8789 936.603
946.7869 939.0012
946.7256 940.6
946.6337 942.9983
946.5417 945.3965
946.4804 946.9954
946.3884 949.3936
946.2964 951.7918
946.2352 953.3906
946.1432 955.7889
946.0666 957.7874
945.9899 959.7859
945.8979 962.1842
945.8214 964.1827
945.7294 966.5809
945.6527 968.5795
945.5761 970.578
945.4995 972.5765
945.4075 974.9748
945.3768 975.7742
945.3768 975.7742
945.3768 975.7742
945.3768 975.7742
945.3768 975.7742
945.3768 975.7742
945.3768 975.7742
945.3768 975.7742
945.3768 975.7742
945.3768 975.7742
945.3768 975.7742
945.3768 975.7742
945.3768 975.7742
945.3768 975.7742
945.3768 975.7742
945.3768 975.7742
945.3768 975.7742
945.3768 975.7742
945.3768 975.7742
945.3768 975.7742
945.3768 975.7742
945.3768 975.7742
945.3768 975.7742
945.3308 976.9733
945.2389 979.3715
945.1776 980.9704
945.0856 983.3686
944.9937 985.7668
944.9323 987.3657
944.8403 989.7639
944.7637 991.7625
944.6871 993.761
944.6258 995.3598
944.6258 995.3598
944.6258 995.3598
944.6258 995.3598
946.2252 995.4014
948.623 995.3235
950.9908 994.9457
953.2662 994.1908
954.2733 993.0688
954.2784 991.7382
954.2784 991.7382
954.2784 991.7382
954.2784 991.7382
954.2889 993.5491
954.2889 995.3602
954.8111 996.9948
956.1235 998.504
957.6984 1000.315
959.2375 1001.574
961.1202 1002.234
963.5096 1002.179
966.1985 1001.414
968.348 1000.352
970.5211 999.3356
973.2324 998.6675
975.63 998.7383
978.0252 998.8901
979.2228 998.9659
979.2228 998.9659
979.2228 998.9659
979.2228 998.9659
979.2228 998.9659
979.2228 998.9659
979.2228 998.9659
981.2188 999.0925
983.614 999.2443
985.61 999.3707
987.606 999.4972
990.0012 999.649
991.598 999.7502
993.9932 999.902
995.9892 1000.029
997.9852 1000.155
1000.38 1000.307
1001.977 1000.408
1004.372 1000.56
1006.368 1000.686
1008.364 1000.813
1010.76 1000.965
1012.356 1001.066
1014.752 1001.218
1016.748 1001.344
1018.744 1001.471
1021.139 1001.622
1022.736 1001.723
1025.131 1001.875
1027.127 1002.002
1029.123 1002.128
1031.518 1002.28
1033.514 1002.407
1035.51 1002.533
1037.905 1002.685
1040.3 1002.837
1042.296 1002.963
1044.292 1003.09
1046.288 1003.216
1046.288 1003.216
1046.288 1003.216
1046.288 1003.216
1046.288 1003.216
1046.288 1003.216
1046.288 1003.216
1046.288 1003.216
1046.288 1003.216
1046.288 1003.216
1046.288 1003.216
1046.288 1003.216
1046.288 1003.216
1046.288 1003.216
1046.288 1003.216
1046.288 1003.216
1046.288 1003.216
1046.288 1003.216
1046.288 1003.216
1046.288 1003.216
1046.288 1003.216
1046.288 1003.216
1046.288 1003.216
1046.288 1003.216
1046.288 1003.216
1046.288 1003.216
1046.288 1003.216
1046.288 1003.216
1046.288 1003.216
1046.288 1003.216
1046.288 1003.216
1046.288 1003.216
1046.203 1004.413
1045.992 1006.402
1045.614 1008.766
1045.548 1011.019
1045.914 1011.046
1046.667 1011.28
1047.766 1012.316
1048.056 1014.498
1048.047 1016.881
1048.527 1018.38
1048.527 1018.38
1048.687 1018.747
1049.646 1020.946
1050.605 1023.146
1051.405 1024.98
1052.204 1026.813
1053.163 1029.013
1054.122 1031.213
1054.922 1033.046
1055.285 1035.006
1054.843 1037.346
1053.68 1039.89
1053.105 1042.212
1053.332 1045.003
1053.526 1047.395
1053.72 1049.787
1053.882 1051.781
1054.076 1054.173
1054.238 1056.166
1054.432 1058.558
1054.626 1060.951
1054.82 1063.343
1055.014 1065.735
1055.176 1067.728
1055.338 1069.722
1055.532 1072.114
1055.726 1074.506
1055.92 1076.898
1056.114 1079.29
1056.308 1081.682
1056.502 1084.075
1056.696 1086.467
1056.858 1088.46
1057.052 1090.852
1057.214 1092.846
1057.441 1095.637
1057.635 1098.029
1057.796 1100.022
1057.99 1102.414
1058.185 1104.807
1058.379 1107.199
1057.93 1109.543
1056.913 1111.256
1054.777 1113.064
1053.198 1114.859
1052.096 1117.412
1051.221 1120.072
1050.472 1122.352
1049.722 1124.632
1049.649 1126.984
1051.385 1128.567
1053.771 1128.808
1056.166 1128.683
1059.328 1128.2
1059.328 1128.2
1059.328 1128.2
1059.328 1128.2
1059.328 1128.2
1059.328 1128.2
1059.328 1128.2
1059.328 1128.2
1058.54 1128.336
1056.162 1128.657
1053.765 1128.724
1051.389 1128.408
1048.729 1127.546
1046.275 1126.204
1044.808 1124.815
1044.807 1123.586
1044.807 1123.586
1044.807 1123.586
1044.807 1123.586
1044.807 1123.586
1044.805 1122.056
1044.8 1120.675
1044.788 1118.469
1044.776 1116.343
1044.764 1114.062
1044.748 1111.29
1044.933 1108.5
1045.517 1106.175
1046.48 1103.98
1048.209 1101.29
1048.568 1099.501
1046.709 1097.984
1045.063 1096.867
1044.809 1097.074
1044.809 1097.074
1044.809 1097.074
1044.809 1097.074
1044.809 1097.074
1044.809 1097.074
1044.809 1097.074
1044.792 1098.667
1044.785 1100.677
1044.771 1103.226
1044.758 1105.552
1044.773 1108.742
1045.126 1111.113
1045.869 1113.392
1047.429 1116.179
1048.985 1118.003
1050.823 1119.542
1053.255 1120.921
1055.878 1121.895
1058.186 1122.555
1059.343 1122.871
1059.343 1122.871
1059.343 1122.871
1059.343 1122.871
1059.343 1122.871
1059.343 1122.871
1059.343 1122.871
1059.343 1122.871
1059.027 1124.028
1058.396 1126.344
1057.764 1128.659
1057.133 1130.021
1056.501 1130.021
1055.541 1130.032
1053.822 1130.045
1052.28 1130.312
1051.093 1131.59
1050.917 1133.782
1050.917 1136.057
1050.917 1138.326
1050.931 1140.558
1050.935 1142.929
1050.935 1145.706
1050.935 1148.483
1050.935 1150.863
1050.986 1153.243
1051.292 1155.624
1051.599 1158.004
1051.752 1159.194
1051.752 1159.194
1051.752 1159.194
1051.752 1159.194
1051.752 1159.194
1051.752 1159.194
1051.752 1159.194
1051.752 1159.194
1051.752 1159.194
1051.752 1159.194
1051.752 1159.194
1051.752 1159.194
1051.752 1159.194
1051.752 1159.194
1051.752 1159.194
1051.752 1159.194
1051.752 1159.194
1051.752 1159.194
1051.752 1159.194
1051.752 1159.194
1051.752 1159.194
1051.752 1159.194
1051.752 1159.194
1051.752 1159.194
1051.752 1159.194
1051.752 1159.194
1051.752 1159.194
1051.752 1159.194
1051.752 1159.194
1051.752 1159.194
1051.752 1159.194
1051.752 1159.194
1051.752 1159.194
1051.752 1159.194
1051.752 1159.194
1051.752 1159.194
1051.752 1159.194
1051.956 1160.781
1052.263 1163.162
1052.569 1165.542
1052.875 1167.922
1053.182 1170.303
1052.865 1172.647
1051.779 1174.765
1049.965 1176.321
1047.581 1178.451
1046.372 1180.508
1045.238 1182.523
1044.408 1182.524
1043.44 1182.524
1042.61 1182.524
1041.642 1182.523
1040.813 1182.523
1040.121 1182.523
1040.121 1182.523
1042.392 1182.574
1045.508 1182.586
1047.901 1182.591
1050.283 1182.318
1053.325 1181.344
1055.422 1180.184
1057.584 1178.411
1059.375 1176.263
1060.669 1174.242
1061.663 1172.507
1061.663 1172.507
1061.663 1172.507
1061.663 1172.507
1061.663 1172.507
1061.663 1172.507
1061.663 1172.507
1061.663 1172.507
1061.663 1172.507
1061.663 1172.507
1061.663 1172.507
1061.663 1172.507
1061.663 1172.507
1061.663 1172.507
1061.663 1172.507
1061.663 1172.507
1061.663 1172.507
1061.663 1172.507
1061.663 1172.507
1061.663 1172.507
1061.663 1172.507
1061.663 1172.507
1061.663 1172.507
1061.663 1172.507
1060.615 1171.922
1058.52 1170.752
1056.424 1169.582
1053.979 1168.217
1051.884 1167.047
1049.789 1165.876
1047.693 1164.706
1045.598 1163.536
1044.814 1162.366
1044.814 1161.196
1044.814 1160.026
1044.814 1158.856
1044.814 1157.686
1044.814 1156.516
1044.814 1155.931
1044.814 1155.931
1044.814 1155.931
1044.814 1155.931
1044.814 1155.931
1044.814 1155.931
1046.91 1157.101
1049.005 1158.271
1051.1 1159.441
1053.196 1160.611
1055.291 1161.781
1057.387 1162.951
1059.482 1164.121
1061.578 1165.291
1063.673 1166.461
1065.769 1167.631
1067.864 1168.802
1070.072 1169.704
1072.452 1169.712
1074.999 1168.594
1077.596 1167.574
1079.955 1167.17
1083.147 1167.399
1085.541 1167.572
1087.935 1167.744
1090.329 1167.916
1092.722 1168.088
1095.515 1168.289
1097.909 1168.461
1100.702 1168.662
1103.096 1168.834
1105.49 1169.006
1107.085 1169.121
1107.085 1169.121
1107.085 1169.121
1107.085 1169.121
1107.085 1169.121
1107.085 1169.121
1107.085 1169.121
1107.085 1169.121
1107.085 1169.121
1107.085 1169.121
1107.085 1169.121
1107.085 1169.121
1107.085 1169.121
1107.085 1169.121
1107.085 1169.121
1107.085 1169.121
1107.085 1169.121
1107.085 1169.121
1107.085 1169.121
1107.085 1169.121
1107.085 1169.121
1107.085 1169.121
1107.085 1169.121
1107.085 1169.121
1107.085 1169.121
1107.085 1169.121
1107.085 1169.121
1107.085 1169.121
1107.085 1169.121
1107.085 1169.121
1107.085 1169.121
1107.085 1169.121
1107.085 1169.121
1107.883 1169.178
1110.277 1169.35
1112.671 1169.523
1115.065 1169.695
1117.858 1169.896
1120.251 1170.068
1123.044 1170.269
1125.438 1170.441
1127.832 1170.613
1130.226 1170.785
1131.024 1170.842
1131.024 1170.842
1131.024 1170.842
1131.024 1170.842
1131.024 1170.842
1131.024 1170.842
1131.024 1170.842
1129.029 1170.699
1126.635 1170.527
1124.241 1170.355
1121.847 1170.182
1119.453 1170.01
1117.06 1169.838
1114.666 1169.666
1111.873 1169.465
1109.479 1169.293
1106.686 1169.092
1104.293 1168.92
1101.899 1168.748
1099.505 1168.576
1097.111 1168.404
1094.717 1168.231
1092.323 1168.059
1089.93 1167.887
1087.137 1167.686
1084.743 1167.514
1081.95 1167.313
1079.557 1167.141
1077.163 1166.969
1074.769 1166.797
1072.375 1166.625
1069.981 1166.453
1067.587 1166.28
1065.194 1166.108
1062.401 1165.907
1060.007 1165.735
1057.214 1165.534
1054.82 1165.362
1052.427 1165.19
1050.033 1165.018
1047.639 1164.846
1045.245 1164.674
1044.824 1164.502
1044.824 1164.329
1044.824 1164.157
1044.824 1163.985
1044.824 1163.813
1044.824 1163.641
1044.824 1163.469
1044.824 1163.297
1044.824 1163.124
1044.824 1163.01
1044.824 1163.01
1044.751 1165.001
1044.373 1167.37
1043.687 1169.668
1042.631 1171.82
1040.696 1174.36
1038.9 1175.948
1036.87 1177.226
1033.978 1178.591
1032.501 1179.206
1032.501 1179.206
1032.501 1179.206
1032.501 1179.206
1032.501 1179.206
1031.758 1179.502
1029.499 1180.312
1027.17 1180.883
1023.981 1181.064
1021.607 1180.733
1019.321 1180.01
1016.521 1178.475
1014.64 1176.987
1012.605 1175.064
1011.755 1174.217
1011.755 1174.217
1011.755 1174.217
1011.755 1174.217
1011.755 1174.217
1011.755 1174.217
1011.755 1174.217
1011.755 1174.217
1010.639 1173.071
1009.069 1171.257
1007.674 1169.304
1006.799 1167.964
1006.799 1167.964
1006.799 1167.964
1006.799 1167.964
1006.799 1167.964
1006.799 1167.964
1004.778 1169.258
1003.093 1170.336
1000.734 1171.845
999.0496 1172.922
997.3648 1174
995.3431 1175.294
993.2911 1176.53
990.9549 1176.978
988.5612 1176.893
986.215 1177.327
983.9855 1178.215
981.0127 1179.4
979.1547 1180.14
977.2968 1180.88
975.0672 1181.768
972.7484 1182.319
970.4022 1181.904
968.6646 1180.295
967.447 1178.236
967.4248 1175.036
967.4248 1175.036
967.4248 1175.036
967.4248 1175.036
967.4248 1175.036
967.4248 1175.036
965.0248 1175.033
962.6248 1175.031
960.6248 1175.028
958.2248 1175.025
955.8248 1175.022
953.535 1174.353
952.1058 1172.453
952.171 1170.083
952.8229 1167.775
953.0684 1167.014
953.0684 1167.014
953.0684 1167.014
953.0684 1167.014
953.0684 1167.014
953.0684 1167.014
953.0684 1167.014
953.0684 1167.014
953.0684 1167.014
953.0684 1167.014
953.0684 1167.014
953.0684 1167.014
953.0684 1167.014
953.0684 1167.014
953.0684 1167.014
953.0684 1167.014
953.0684 1167.014
953.0684 1167.014
953.0684 1167.014
952.9471 1167.395
952.2781 1169.7
951.8137 1172.053
951.7055 1174.448
951.9899 1177.232
952.4918 1179.986
952.4918 1179.986
952.4918 1179.986
952.4918 1179.986
952.4918 1179.986
952.4918 1179.986
952.4918 1179.986
952.4918 1179.986
952.4918 1179.986
952.4918 1179.986
952.4918 1179.986
952.4918 1179.986
952.4918 1179.986
952.4918 1179.986
952.4918 1179.986
952.4918 1179.986
952.2022 1178.412
951.9072 1176.032
951.9197 1173.634
952.32 1171.27
953.1088 1169.006
953.7517 1165.875
953.9072 1163.48
954.1882 1161.099
954.3229 1158.42
954.3245 1155.721
954.2612 1153.327
953.769 1150.981
953.1306 1148.255
952.5834 1145.918
952.1273 1143.971
951.5801 1141.634
951.0328 1139.297
950.4855 1136.961
950.0295 1135.013
949.4822 1132.677
949.0262 1130.729
947.7991 1128.685
945.9564 1127.165
944.2318 1125.505
942.909 1123.038
941.6743 1120.525
940.6159 1118.371
939.734 1116.576
938.9727 1114.734
938.9267 1112.353
939.6516 1110.072
939.8568 1107.364
939.6895 1104.978
939.2776 1102.209
938.9247 1099.835
938.6306 1097.857
938.3364 1095.878
937.9834 1093.505
937.6304 1091.131
937.556 1088.757
937.556 1086.778
937.6179 1084.792
938.3835 1082.541
939.7353 1080.564
940.8236 1078.446
941.3378 1076.108
941.6672 1073.731
941.9965 1071.354
942.3258 1068.976
942.6552 1066.599
942.9296 1064.618
942.9296 1064.618
942.9296 1064.618
942.9296 1064.618
942.9296 1064.618
942.9296 1064.618
941.342 1064.419
939.3488 1064.257
937.7515 1064.165
937.7515 1064.165
937.7515 1064.165
937.7515 1064.165
937.7515 1064.165
937.7515 1064.165
937.8845 1061.768
937.9954 1059.771
938.1062 1057.774
938.2393 1055.378
938.3501 1053.381
938.4609 1051.384
938.594 1048.988
938.7271 1046.592
938.8157 1044.994
938.9487 1042.598
939.0596 1040.601
939.0596 1040.601
939.0596 1040.601
939.0596 1040.601
939.0596 1040.601
939.0596 1040.601
939.1705 1038.604
939.2813 1036.607
939.4144 1034.211
939.5031 1032.613
939.636 1030.217
939.8843 1027.835
940.7563 1026.044
942.1088 1024.581
943.6013 1022.705
944.6951 1019.703
945.2771 1017.789
945.9755 1015.493
946.5575 1013.58
946.7722 1011.284
946.7722 1009.753
946.7722 1007.738
947.6376 1005.94
949.8494 1005.172
952.2379 1004.966
954.6272 1005.161
956.9504 1005.339
959.1425 1005.339
961.2712 1005.339
963.5345 1005.348
965.9239 1005.332
968.3196 1005.189
970.7085 1004.992
972.967 1004.221
975.0704 1003.08
977.4165 1002.578
979.7802 1002.162
982.1439 1001.746
984.1136 1001.4
986.0834 1001.053
986.4773 1000.984
986.4773 1000.984
986.4773 1000.984
986.4773 1000.984
986.4773 1000.984
986.4773 1000.984
986.4773 1000.984
986.4773 1000.984
986.4773 1000.984
988.447 1000.637
990.8107 1000.221
992.3865 999.944
994.7502 999.5281
996.72 999.1815
998.6897 998.835
1001.053 998.4191
1003.023 998.0724
1005.008 997.9554
1007.31 998.579
1009.659 999.0349
1012.056 998.9245
1014.453 998.8141
1016.451 998.7221
1018.449 998.6301
1020.847 998.5197
1021.646 998.4829
1021.646 998.4829
1021.646 998.4829
1021.646 998.4829
1023.244 998.4093
1025.242 998.3173
1027.24 998.2253
1029.637 998.1149
1031.635 998.0229
1033.633 997.9309
1036.029 997.8234
1038.351 998.0037
1039.935 998.0037
1042.086 998.0076
1043.979 997.3594
1045.088 995.2569
1045.75 992.953
1046.432 991.9208
1047.279 991.4017
1048.09 989.6475
1048.074 987.4862
1048.074 985.3333
1047.825 983.0155
1047.843 980.6243
1048.005 978.2298
1048.168 975.8353
1048.33 973.4408
1048.492 971.0463
1048.601 969.45
1048.763 967.0555
1048.926 964.6609
1049.034 963.0646
1049.196 960.6702
1049.359 958.2756
1049.467 956.6793
1049.629 954.2848
1049.792 951.8903
1049.9 950.294
1050.062 947.8995
1050.225 945.505
1050.333 943.9086
1050.495 941.5142
1050.631 939.5187
1050.766 937.5233
1050.928 935.1288
1051.064 933.1334
1051.199 931.138
1051.362 928.7435
1051.497 926.748
1051.632 924.7527
1051.795 922.3582
1051.903 920.7618
1052.065 918.3673
1052.201 916.3719
1052.336 914.3765
1052.498 911.982
1052.634 909.9866
1052.769 907.9911
1052.932 905.5967
1053.067 903.6013
1053.202 901.6058
1053.338 899.6104
1053.473 897.615
1053.635 895.2205
1053.744 893.6241
1053.906 891.2297
1054.041 889.2343
1054.177 887.2388
1054.312 885.2434
1054.286 883.2479
1053.487 881.0006
1052.83 878.6998
1052.711 876.3027
1052.592 873.9056
1052.513 872.3076
1052.394 869.9106
1052.295 867.913
1052.197 865.9155
1052.098 863.9179
1051.999 861.9203
1051.88 859.5233
1051.801 857.9252
1051.682 855.5282
1051.706 853.9318
1052.492 851.6783
1054.116 849.9185
1056.171 848.6851
1058.404 847.8118
1060.176 847.3231
1060.176 847.2326
1060.176 847.3727
1060.176 847.2278
1060.183 846.47
1060.184 845.3654
1060.184 844.2463
1060.184 843.5004
1060.63 842.044
1061.832 841.1104
1063.409 839.8776
1064.515 838.5577
1066.285 837.6252
1068.054 836.6927
1069.823 835.7603
1071.592 834.8277
1073.362 833.8952
1075.131 832.9627
1076.9 832.0302
1078.67 831.0977
1080.439 830.1652
1082.208 829.2327
1083.978 828.3002
1086.248 827.5577
1087.844 827.5226
1090.123 828.2426
1092.101 829.5964
1093.826 831.2613
1095.577 832.9008
1097.611 834.1641
1099.914 834.8322
1102.633 835.501
1104.575 835.9786
1106.958 836.1057
1108.483 835.6667
1110.552 834.4517
1112.824 833.6866
1115.618 833.5243
1117.659 834.0613
1119.656 834.069
1121.655 834.069
1123.654 834.069
1125.653 834.069
1127.653 834.069
1130.052 834.069
1131.651 834.069
1134.05 834.069
1135.65 834.069
1138.049 834.069
1139.648 834.069
1142.048 834.069
1144.047 834.0583
1146.046 834.0049
1148.046 833.9516
1150.045 833.8982
1152.044 833.8448
1154.043 833.7914
1156.403 834.0875
1157.848 834.7602
1159.921 837.1633
1160.81 838.9531
1161.618 841.6293
1162.379 842.5242
1162.964 842.5388
1163.45 842.2756
1165.225 842.2478
1166.766 842.5649
1168.364 843.4559
1170.109 845.1033
1171.273 846.2017
1173.018 847.8491
1174.473 849.222
1175.927 850.5948
1177.381 851.9677
1178.836 853.3406
1180.581 854.988
1181.745 856.0864
1183.49 857.7338
1185.034 858.3524
1186.551 859.6097
1188.005 860.9826
1189.46 862.3555
1191.205 864.0029
1192.368 865.1012
1194.114 866.7487
1195.568 868.1215
1197.022 869.4944
1198.504 871.3608
1199.126 873.2555
1198.98 875.645
1198.232 878.3422
1197.896 880.3127
1198.083 883.0978
1198.738 885.4067
1199.392 887.7157
1199.938 889.6398
1200.484 891.564
1201.139 893.8729
1201.793 896.1819
1202.23 897.7211
1202.885 900.0301
1202.812 901.3163
1202.273 902.0051
1201.883 904.2249
1201.279 906.5432
1201.274 908.9332
1201.588 911.3126
1201.954 914.0885
1202.013 916.0714
1202.013 918.4507
1202.013 920.8302
1202.013 922.813
1202.065 924.7958
1202.379 927.1753
1202.693 929.5547
1203.006 931.9341
1203.268 933.9169
1203.529 935.8998
1203.843 938.2792
1204.157 940.6586
1204.47 943.038
1204.534 945.4174
1204.534 947.7968
1204.534 949.7797
1204.534 952.1591
1204.534 954.5385
1204.534 956.9178
1204.534 959.2972
1204.534 961.2801
1204.534 964.0561
1204.534 966.4355
1204.534 968.4183
1204.534 970.7977
1204.534 973.5737
1204.534 975.9531
1204.534 977.936
1204.463 980.3235
1203.375 982.8795
1201.815 985.1942
1200.994 987.4342
1200.559 990.1995
1200.16 992.9711
1199.819 995.3466
1199.477 997.7222
1199.136 1000.098
1199.205 1002.471
1200.185 1004.639
1202.249 1007.081
1203.306 1009.222
1203.873 1011.549
1204.42 1014.295
1204.529 1017.041
1204.529 1019.395
1204.543 1021.772
1204.123 1023.719
1203.059 1026.298
1202.708 1028.655
1202.717 1031.055
1202.726 1033.454
1202.735 1035.854
1202.743 1038.255
1202.752 1040.654
1202.761 1043.054
1202.77 1045.454
1202.774 1046.654
1202.774 1046.654
1202.774 1046.654
1202.774 1046.654
1202.774 1046.654
1202.774 1046.654
1202.774 1046.654
1202.774 1046.654
1202.774 1046.654
1202.774 1046.654
1202.774 1046.654
1202.774 1046.654
1202.774 1046.654
1202.774 1046.654
1202.774 1046.654
1202.774 1046.654
1202.771 1045.854
1202.762 1043.454
1202.754 1041.054
1202.745 1038.654
1202.736 1036.255
1202.729 1034.255
1202.72 1031.854
1202.711 1029.454
1202.704 1027.455
1202.695 1025.055
1202.686 1022.655
1202.678 1020.255
1202.669 1017.855
1202.66 1015.455
1202.65 1012.655
1202.643 1010.655
1202.634 1008.255
1202.625 1005.855
1202.616 1003.455
1202.608 1001.055
1202.599 998.6547
1202.59 996.2548
1202.581 993.8547
1202.573 991.4548
1202.564 989.0548
1202.555 986.6548
1202.546 984.2548
1202.537 981.8549
1202.529 979.4548
1202.52 977.0549
1202.511 974.6549
1202.502 972.2549
1202.494 969.8549
1202.485 967.455
1202.475 964.655
1202.467 962.655
1202.457 959.855
1202.447 957.055
1202.44 955.055
1202.431 952.655
1202.423 950.655
1202.415 948.2551
1202.406 945.8551
1202.397 943.4551
1202.388 941.0551
1202.38 938.6552
1202.371 936.2551
1202.362 933.8552
1202.355 931.8552
1202.348 929.8552
1202.339 927.4552
1202.121 925.1605
1202.005 922.7866
1201.998 920.7866
1201.99 918.7866
1201.981 916.3867
1201.973 913.9866
1201.964 911.5867
1201.957 909.5867
1201.949 907.5867
1201.941 905.1867
1201.932 902.7867
1201.923 900.3867
1201.916 898.3868
1201.908 896.3868
1201.9 893.9868
1201.891 891.5868
1201.885 889.9868
1201.352 887.9364
1201.266 885.9561
1201.259 883.9561
1201.25 881.5561
1200.848 879.985
1200.398 878.2435
1200.389 875.8435
1200.38 873.4435
1200.374 871.8435
1200.366 869.4435
1200.358 867.4435
1200.351 865.4435
1200.342 863.0436
1200.336 861.4436
1200.328 859.0436
1200.32 857.0436
1200.313 855.0436
1200.304 852.6437
1199.645 851.6968
1198.441 850.4924
1197.437 849.4888
1196.434 848.4851
1195.43 847.4814
1195.029 847.08
1195.029 847.08
1195.029 847.08
1195.029 847.08
1195.029 847.08
1195.029 847.08
1195.029 847.08
1195.029 847.08
1195.029 847.08
1195.029 847.08
1195.029 847.08
1195.029 847.08
1195.029 847.08
1195.029 847.08
1195.029 847.08
1195.029 847.08
1195.029 847.08
1195.029 847.08
1195.029 847.08
1195.029 847.08
1195.029 847.08
1195.029 847.08
1195.029 847.08
1195.029 847.08
1195.029 847.08
1195.029 847.08
1195.029 847.08
1195.029 847.08
1195.036 849.08
1195.043 851.08
1195.051 853.08
1195.058 855.08
1195.067 857.4799
1195.072 859.08
1195.078 860.6799
1195.078 860.6799
1195.078 860.6799
1195.078 860.6799
1195.078 860.6799
1195.078 860.6799
1195.078 860.6799
1195.078 860.6799
1195.078 860.6799
1195.078 860.6799
1195.084 862.2799
1195.093 864.6799
1195.099 866.2799
1195.107 868.6799
1195.115 870.6799
1195.122 872.6798
1195.129 874.6798
1195.243 876.6722
1196.166 878.8706
1196.951 881.1316
1197.223 883.5161
1197.495 885.9006
1197.722 887.8877
1197.949 889.8748
1198.221 892.2593
1198.494 894.6438
1198.675 896.2335
1198.948 898.6179
1199.22 901.0024
1199.447 902.9895
1199.674 904.9766
1199.946 907.3611
1200.219 909.7456
1200.491 912.1301
1200.672 913.7198
1200.945 916.1042
1201.217 918.4888
1201.489 920.8733
1201.762 923.2578
1201.989 925.2449
1202.216 927.2319
1202.488 929.6165
1202.76 932.0009
1203.033 934.3854
1203.305 936.7699
1203.487 938.3596
1203.671 940.7444
1203.176 943.0796
1202.067 945.2015
1201.231 947.8592
1201.006 950.6501
1200.813 953.0424
1200.62 955.4346
1200.459 957.428
1200.618 960.2035
1201.043 962.1526
1200.988 964.9521
1200.94 967.3516
1200.893 969.7512
1200.846 972.1507
1200.798 974.5502
1200.751 976.9498
1200.703 979.3493
1200.656 981.7488
1200.609 984.1484
1200.561 986.5479
1200.506 989.3474
1200.459 991.7469
1200.411 994.1464
1200.364 996.546
1200.317 998.9455
1200.293 1000.145
1200.293 1000.145
1200.293 1000.145
1200.293 1000.145
1200.293 1000.145
1200.293 1000.145
1200.293 1000.145
1200.293 1000.145
1200.293 1000.145
1200.293 1000.145
1200.293 1000.145
1200.293 1000.145
1200.293 1000.145
1197.496 1000.017
1197.438 999.6115
1197.435 998.8841
1197.427 997.569
1197.418 995.7997
1197.408 993.9724
1197.394 991.5498
1197.38 988.9023
1197.366 986.5304
1197.49 983.7366
1198.131 981.0155
1199.093 978.8198
1200.918 976.1994
1202.645 974.536
1204.476 973.1838
1204.476 972.0494
1204.476 971.4135
1204.476 971.1638
1204.476 971.0242
1204.476 971.0242
1204.476 971.0242
1204.476 971.0242
1204.476 971.0242
1204.476 971.0242
1204.476 971.0242
1204.476 971.0242
1204.476 971.0242
1204.476 971.0242
1204.476 971.0242
1204.442 970.2249
1204.341 967.827
1204.239 965.4291
1204.138 963.0313
1204.037 960.6334
1203.935 958.2356
1203.834 955.8377
1203.733 953.4398
1203.631 951.042
1203.53 948.6441
1203.429 946.2463
1203.327 943.8484
1203.226 941.4506
1203.141 939.4523
1203.057 937.4541
1202.956 935.0563
1202.854 932.6584
1202.753 930.2606
1202.652 927.8627
1202.532 925.8926
1201.984 923.7462
1201.9 921.748
1201.799 919.3502
1201.697 916.9523
1201.613 914.9541
1201.511 912.5562
1201.427 910.558
1201.326 908.1602
1201.224 905.7623
1201.123 903.3644
1201.055 901.7659
1200.954 899.368
1200.853 896.9702
1200.768 894.9719
1200.684 892.9737
1200.582 890.5759
1200.532 889.377
1200.532 889.377
1200.532 889.377
1200.532 889.377
1200.532 889.377
1200.532 889.377
1200.498 888.5776
1200.413 886.5794
1199.899 884.2582
1198.91 882.5287
1196.731 880.7927
1194.606 879.681
1192.624 878.3431
1191.031 876.576
1189.764 874.5376
1188.5 872.4973
1187.447 870.7969
1186.586 869.0967
1186.815 868.2568
1187.139 867.9332
1187.536 867.5278
1187.89 867.0154
1188.075 865.3182
1187.339 863.9237
1186.586 861.8834
1186.536 860.1658
1185.594 858.4299
1184.541 856.7296
1183.488 855.0293
1182.183 853.527
1180.448 852.5568
1178.101 852.1136
1175.703 852.1686
1174.287 850.9634
1172.732 849.4368
1171.088 847.8013
1169.448 846.1614
1168.989 844.7967
1168.588 843.7111
1166.702 842.3487
1164.971 841.3461
1163.241 840.3435
1161.51 839.3409
1159.78 838.3384
1157.703 837.1353
1155.843 836.4254
1153.857 836.2359
1151.559 835.5842
1149.37 834.6003
1147.181 833.6164
1145.608 833.0313
1145.279 833.4169
1144.433 833.9545
1142.737 834.0901
1140.75 834.1105
1138.473 834.8394
1136.152 835.4222
1133.763 835.3021
1131.39 834.9427
1129.017 834.5833
1127.039 834.2837
1125.062 834.0789
1123.084 834.0789
1121.107 834.0789
1119.13 834.0789
1117.152 833.959
1114.766 833.7584
1113.193 834.0334
1110.872 834.6063
1108.475 834.5881
1106.078 834.4805
1103.68 834.3727
1102.082 834.301
1099.684 834.1933
1097.686 834.1035
1095.688 834.0138
1093.69 833.9241
1091.692 833.8344
1089.295 833.7266
1087.696 833.6548
1085.299 833.5472
1083.301 833.4575
1081.303 833.3677
1079.305 833.278
1077.307 833.1882
1075.309 833.0985
1073.311 833.0087
1071.331 833.2225
1069.664 834.2622
1068.765 836.4386
1069.229 838.1246
1070.251 838.1302
1071.677 838.2164
1073.367 839.6627
1074.117 840.8889
1073.624 840.8899
1073.62 840.8974
1073.62 840.8974
1073.62 840.8974
1073.62 840.8974
1073.62 840.8974
1073.62 840.8974
1073.615 840.9037
1073.607 840.9109
1073.607 840.9109
1073.607 840.8574
1073.594 840.4088
1073.029 839.0915
1071.075 837.7892
1068.916 837.2327
1066.706 838.1291
1064.879 838.3293
1063.451 839.9373
1062.847 840.8878
1062.58 840.8929
1062.582 840.8926
1063.005 840.8877
1063.261 840.8877
1062.908 840.8877
1061.889 841.0437
1060.478 842.3752
1059.942 843.8826
1059.137 846.1438
1058.467 848.0281
1057.797 849.9124
1057.26 851.4199
1056.456 853.6811
1055.786 855.5654
1055.574 857.5448
1055.295 859.9133
1054.656 862.2261
1053.994 864.533
1053.443 866.4555
1052.891 868.378
1052.34 870.3005
1051.789 872.223
1051.127 874.5299
1050.994 876.1212
1051.651 878.4066
1053.028 880.3617
1054.338 882.3689
1055.112 884.6293
1055.456 887.0031
1055.742 889.386
1056.028 891.769
1056.218 893.3576
1056.504 895.7405
1056.742 897.7263
1056.98 899.7121
1057.265 902.0951
1057.456 903.6837
1057.645 906.0723
1057.234 908.0252
1056.536 910.3131
1056.477 912.3113
1056.494 914.7113
1056.511 917.1113
1056.528 919.5112
1056.54 921.1111
1056.557 923.5111
1056.571 925.511
1056.585 927.511
1056.602 929.9109
1056.613 931.5109
1056.63 933.9108
1056.644 935.9108
1056.658 937.9107
1056.676 940.3107
1056.687 941.9106
1056.704 944.3105
1056.718 946.3105
1056.732 948.3105
1056.749 950.7104
1056.766 953.1104
1056.777 954.7103
1056.794 957.1102
1056.811 959.5102
1056.825 961.5101
1056.84 963.5101
1056.857 965.91
1056.871 967.91
1056.885 969.9099
1056.902 972.3099
1056.916 974.3098
1056.93 976.3098
1056.947 978.7097
1056.961 980.7097
1056.961 980.7097
1056.961 980.7097
1056.961 980.7097
1056.961 980.7097
1056.961 980.7097
1056.961 980.7097
1056.961 980.7097
1056.961 980.7097
1056.961 980.7097
1056.961 980.7097
1056.975 982.7096
1056.99 984.7095
1057.007 987.1095
1057.021 989.1094
1057.035 991.1094
1057.052 993.5093
1057.069 995.9092
1057.083 997.9092
1057.097 999.9092
1057.114 1002.309
1057.131 1004.709
1057.145 1006.709
1057.159 1008.709
1057.176 1011.109
1057.193 1013.509
1057.208 1015.509
1057.222 1017.509
1057.239 1019.909
1057.256 1022.309
1057.273 1024.708
1057.29 1027.109
1057.304 1029.108
1057.321 1031.508
1057.335 1033.508
1057.352 1035.908
1057.369 1038.308
1057.386 1040.708
1057.397 1042.308
1057.414 1044.708
1057.431 1047.108
1057.448 1049.508
1057.465 1051.908
1057.479 1053.908
1057.493 1055.908
1057.51 1058.308
1057.527 1060.708
1057.544 1063.108
1057.561 1065.508
1057.578 1067.907
1057.592 1069.907
1057.609 1072.307
1057.629 1075.107
1057.64 1076.707
1057.657 1079.107
1057.674 1081.507
1057.691 1083.907
1057.708 1086.307
1057.725 1088.707
1057.742 1091.107
1057.759 1093.507
1057.776 1095.907
1057.564 1097.887
1056.488 1100.02
1054.82 1102.257
1054.053 1104.514
1053.554 1106.861
1053.054 1109.208
1052.554 1111.556
1052.054 1113.903
1051.554 1116.25
1051.054 1118.598
1050.554 1120.945
1050.054 1123.292
1049.554 1125.64
1049.054 1127.987
1048.554 1130.335
1048.262 1132.708
1048.837 1135.027
1050.307 1136.903
1050.884 1138.394
1050.884 1140.024
1050.893 1142.003
1050.912 1144.167
1050.912 1146.351
1050.912 1148.899
1050.912 1150.719
1050.912 1152.904
1051.802 1155.108
1053.078 1157.127
1054.984 1158.557
1057.693 1159.165
1060.09 1159.126
1062.884 1159.281
1063.266 1160.012
1063.402 1161.499
1064.707 1163.163
1066.774 1164.375
1068.861 1165.561
1070.948 1166.746
1073.034 1167.932
1075.469 1169.315
1077.903 1170.698
1079.99 1171.884
1082.076 1173.07
1084.163 1174.256
1086.25 1175.441
1087.989 1176.429
1087.989 1176.429
1087.989 1176.429
1085.554 1175.046
1083.468 1173.86
1081.381 1172.675
1079.294 1171.489
1076.86 1170.106
1074.425 1168.722
1072.339 1167.537
1070.252 1166.351
1067.987 1165.605
1065.6 1165.425
1063.201 1165.42
1060.042 1164.954
1057.784 1164.15
1055.362 1162.753
1053.419 1160.764
1052.478 1158.572
1052.447 1155.802
1051.798 1154.637
1051.625 1154.475
1051.625 1154.475
1051.463 1156.469
1051.269 1158.861
1051.075 1161.253
1050.881 1163.645
1050.687 1166.037
1049.826 1168.265
1048.271 1170.074
1046.178 1171.227
1043.105 1172.098
1040.716 1172.292
1037.934 1172.011
1035.26 1171.195
1033.071 1170.22
1030.433 1169.297
1027.655 1169.245
1025.27 1169.515
1022.886 1169.786
1020.501 1170.057
1018.116 1170.328
1015.829 1170.976
1013.847 1172.319
1011.637 1173.222
1009.305 1173.791
1006.197 1174.551
1003.866 1175.121
1001.923 1175.596
999.5914 1176.166
997.2601 1176.736
995.3173 1177.211
992.986 1177.781
990.6546 1178.351
988.3232 1178.921
985.9919 1179.491
983.6323 1179.839
981.3105 1179.303
979.0493 1178.526
976.2635 1178.446
973.4677 1178.6
971.0714 1178.732
968.675 1178.864
966.678 1178.974
963.8823 1179.128
962.2878 1179.041
960.1005 1178.086
958.5818 1176.276
958.2959 1173.137
959.3101 1170.973
960.7694 1169.071
962.5236 1167.437
964.8441 1165.884
967.2657 1164.478
967.2657 1164.478
967.2657 1164.478
967.2657 1164.478
967.2657 1164.478
967.2657 1164.478
967.2657 1164.478
965.1984 1165.697
963.5461 1166.823
961.4732 1168.7
960.0088 1170.598
958.8555 1172.7
957.3165 1174.963
954.6313 1174.191
952.3817 1173.355
950.132 1172.519
947.9583 1171.53
946.2891 1169.861
946.2351 1167.526
947.4649 1165.493
949.2139 1163.853
951.2118 1162.528
953.7784 1161.419
954.265 1160.657
954.265 1160.298
954.265 1160.298
953.7402 1157.956
953.2154 1155.614
952.6906 1153.272
952.1657 1150.93
951.6409 1148.588
951.2036 1146.637
950.6787 1144.295
950.2414 1142.343
949.7166 1140.001
949.1917 1137.659
948.6669 1135.317
948.0123 1133.016
946.884 1130.904
946.2225 1128.597
945.5795 1126.285
944.9365 1123.973
944.4006 1122.046
943.7576 1119.734
943.1146 1117.421
942.5787 1115.495
941.9357 1113.182
940.9536 1111.655
939.9587 1110.201
939.3157 1107.889
938.7798 1105.962
938.1368 1103.65
937.5657 1101.337
937.5657 1099.025
937.5657 1097.098
937.5657 1094.786
937.5657 1092.859
937.5657 1090.547
937.5657 1088.235
937.5657 1086.308
937.5657 1083.995
937.5657 1082.069
937.5657 1079.756
937.5657 1078.215
937.5657 1075.903
937.5657 1073.59
937.5657 1072.049
937.5657 1069.737
937.5657 1067.424
937.5657 1065.497
937.5657 1063.571
937.5657 1061.258
937.5657 1059.331
937.5657 1057.405
937.5656 1055.092
937.5656 1053.165
937.8124 1051.19
939.6151 1049.794
941.9966 1049.588
944.3824 1049.831
946.7178 1050.327
946.7181 1050.624
946.7181 1050.624
945.943 1050.426
943.5992 1049.911
941.2167 1049.636
938.8174 1049.61
937.6243 1049.689
937.6243 1049.689
937.6243 1049.689
937.6243 1049.689
937.6243 1049.689
937.5956 1048.89
937.5472 1046.491
937.5472 1044.493
937.5472 1042.494
937.5472 1040.095
937.5472 1038.097
937.5472 1036.098
937.5472 1033.7
937.5472 1031.301
937.5471 1029.302
937.5471 1027.304
937.5471 1025.305
937.6749 1023.312
938.8792 1021.295
941.1518 1020.65
943.473 1021.202
945.6553 1022.198
946.727 1023.394
946.7274 1024.653
946.7274 1024.653
946.7274 1024.653
946.7274 1024.653
946.7274 1024.653
946.7274 1024.653
946.0442 1024.237
944.3051 1023.25
942.1219 1022.256
939.8154 1021.603
937.6239 1021.267
937.6239 1021.104
937.6239 1021.045
937.6239 1021.045
937.6804 1019.847
937.7935 1017.449
937.8688 1015.851
937.9818 1013.454
938.076 1011.456
938.1702 1009.458
938.2832 1007.061
938.3774 1005.063
938.4528 1003.465
938.4528 1003.465
938.4528 1003.465
938.4528 1003.465
938.4528 1003.465
938.4528 1003.465
938.4528 1003.465
938.4528 1003.465
938.4528 1003.465
938.4528 1003.465
938.4528 1003.465
938.4528 1003.465
938.4528 1003.465
938.4528 1003.465
938.4528 1003.465
938.4528 1003.465
938.4528 1003.465
938.4528 1003.465
938.4528 1003.465
938.4528 1003.465
938.4528 1003.465
938.4528 1003.465
938.4528 1003.465
938.4528 1003.465
938.4528 1003.465
938.4528 1003.465
938.4528 1003.465
938.4528 1003.465
938.4528 1003.465
938.4528 1003.465
938.4528 1003.465
938.4528 1003.465
938.4528 1003.465
938.4528 1003.465
938.4528 1003.465
938.4528 1003.465
938.4528 1003.465
938.4528 1003.465
938.4528 1003.465
938.4528 1003.465
938.4528 1003.465
940.4488 1003.59
942.4349 1003.821
944.7697 1004.367
946.9847 1005.284
948.407 1005.442
950.064 1005.307
951.8634 1005.307
951.8634 1005.307
951.8634 1005.307
951.8634 1005.307
951.8634 1005.307
953.1979 1003.817
954.7993 1002.029
955.8669 1000.838
957.4683 999.05
958.8029 998.0596
960.1374 998.0596
961.7388 998.0596
963.4346 997.7518
964.9879 998.9822
966.5492 1000.803
967.8191 1002.836
968.8035 1005.024
969.6236 1005.283
969.8839 1005.283
969.8839 1005.283
969.8839 1005.283
969.8839 1005.283
969.8839 1005.283
969.8839 1005.283
969.8839 1005.283
969.8839 1005.283
969.8839 1005.283
969.8839 1005.283
969.8839 1005.283
969.8839 1005.283
969.8839 1005.283
969.8839 1005.283
969.8839 1005.283
969.8839 1005.283
971.7757 1004.634
973.2891 1004.115
975.5593 1003.336
977.4512 1002.688
979.343 1002.039
981.6132 1001.26
983.1266 1000.741
983.8834 1000.481
983.8834 1000.481
983.8834 1000.481
983.8834 1000.481
983.8834 1000.481
983.8834 1000.481
983.8834 1000.481
985.0184 1000.092
987.2886 999.3134
989.1804 998.6646
991.0723 998.0157
993.3424 997.2371
994.8559 996.718
997.126 995.9393
999.0179 995.2905
1000.531 994.7714
1000.531 994.7714
1000.531 994.7714
1001.666 994.3821
1003.558 993.7332
1005.45 993.0844
1007.72 992.3057
1009.612 992.0274
1011.504 992.0274
1013.774 992.0274
1015.666 992.0274
1017.61 992.0127
1019.975 992.3578
1022.212 993.2185
1024.587 993.5197
1026.978 993.3442
1029.367 993.1177
1031.358 992.929
1033.349 992.7402
1034.462 992.5137
1034.462 992.3249
1034.462 992.1361
1034.462 992.0814
1034.462 992.0814
1034.462 992.0814
1034.498 992.4798
1034.536 994.7897
1034.701 996.514
1035.761 997.7123
1038.056 998.054
1040.454 998.1486
1042.453 998.2275
1044.451 998.3064
1046.849 998.4011
1049.108 999.0687
1050.253 1001.085
1049.745 1003.426
1048.814 1005.636
1047.53 1007.66
1045.979 1009.489
1044.296 1011.043
1043.436 1011.043
1043.436 1011.043
1043.436 1011.043
1043.436 1011.043
1043.436 1011.043
1043.436 1011.043
1043.436 1011.043
1043.436 1011.043
1044.567 1009.911
1046.173 1008.129
1047.554 1006.169
1048.599 1004.011
1049.269 1001.71
1049.546 999.3284
1049.435 996.933
1048.985 994.1703
1048.738 992.9961
1048.281 991.0492
1048.069 988.8046
1048.069 986.6348
1048.069 984.6308
1047.432 982.6497
1046.917 982.037
1046.917 982.037
1045.872 980.8257
1044.799 979.0758
1044.799 978.2231
1044.799 978.2231
1044.799 978.2231
1045.65 977.3766
1047.068 975.9657
1048.768 974.2726
1050.469 972.5796
1051.604 971.4509
1053.122 969.6077
1053.825 967.3232
1053.562 964.9461
1052.77 962.6835
1051.919 960.4421
1051.454 958.0968
1051.64 955.7125
1052.091 952.949
1052.414 950.9752
1052.8 948.6066
1053.187 946.2379
1053.445 944.6588
1053.831 942.2902
1054.036 940.3059
1053.971 938.3152
1054.269 935.9338
1054.578 933.5538
1054.887 931.1738
1055.145 929.1904
1055.403 927.2072
1055.712 924.8271
1055.841 923.2343
1055.274 920.9162
1054.414 918.6871
1054.283 916.2999
1054.256 913.9001
1054.228 911.5002
1054.205 909.5004
1054.182 907.5005
1054.159 905.5006
1054.136 903.5007
1054.113 901.5009
1054.09 899.501
1054.063 897.1012
1054.044 895.5013
1054.017 893.1014
1053.994 891.1016
1053.971 889.1017
1053.943 886.7018
1053.925 885.102
1053.897 882.7021
1053.874 880.7023
1053.851 878.7024
1053.823 876.3026
1053.805 874.7026
1053.778 872.3028
1053.759 870.7029
1053.732 868.3031
1053.709 866.3032
1053.686 864.3033
1053.663 862.3035
1053.64 860.3036
1053.617 858.3037
1053.594 856.3039
1053.566 853.9041
1053.696 852.3163
1055.333 850.6805
1057.716 850.8227
1060.02 851.4857
1060.185 852.5236
1060.191 853.8603
1060.193 855.3631
1060.194 856.1401
1060.194 856.1401
1060.203 854.6199
1060.203 853.0997
1060.203 851.5795
1060.203 850.0592
1060.203 848.539
1060.203 847.0187
1060.203 845.2645
1060.203 844.4523
1060.203 844.0284
1060.203 844.373
1060.203 845.1575
1060.203 846.2678
1060.203 847.3241
1060.203 847.8798
1060.203 847.8469
1060.203 847.7383
1060.203 847.6297
1060.203 847.5573
1060.203 847.3515
1060.203 846.6487
1060.203 845.3929
1060.236 843.2069
1060.062 840.8303
1058.829 838.7853
1057.168 837.0568
1055.242 835.6295
1053.105 834.5434
1050.816 833.8289
1048.441 833.506
1046.045 833.5837
1043.313 834.1774
1040.749 835.2903
1039.074 836.3805
1037.288 837.9802
1035.577 840.191
1034.421 840.5305
1033.443 840.5305
1032.98 840.5305
1032.98 840.5305
1032.98 840.5305
1032.98 840.5305
1032.98 840.5305
1032.241 840.2231
1030.395 839.4546
1028.548 838.686
1026.702 837.9175
1024.486 836.9952
1022.64 836.2267
1020.731 835.669
1018.337 835.5526
1016.036 834.8763
1013.759 834.118
1011.482 833.3597
1009.964 832.8542
1006.928 831.8431
1005.409 831.3376
1003.864 830.9384
1001.485 831.1487
999.3753 832.2617
997.3672 833.5703
995.1789 834.529
992.8079 834.8487
990.4152 835.0359
988.0225 835.223
986.0286 835.379
984.0347 835.535
981.642 835.7222
979.6481 835.8781
977.6542 836.0341
975.2615 836.2213
973.2676 836.3773
971.2737 836.5333
968.881 836.7204
966.8871 836.8764
964.9022 837.0912
962.7115 838.0103
961.566 840.0439
961.7313 840.5224
962.8552 840.5314
963.9617 840.5327
964.729 840.5327
965.1791 840.5327
965.0735 840.5327
964.3507 840.5327
963.3658 840.5327
962.2167 840.5327
961.3959 840.5327
960.5751 840.5327
959.5769 840.6797
958.1165 841.3054
957.145 842.927
956.2284 843.002
954.7043 844.1481
954.0477 845.6072
953.0627 847.7957
952.5161 850.1177
952.6538 851.7078
952.5024 854.4901
951.7067 857.1747
951.0246 859.4757
950.5699 861.0098
949.8878 863.3108
949.3195 865.2283
948.751 867.1459
948.069 869.4469
947.8293 871.421
948.1982 873.382
948.3295 875.77
947.8719 878.5324
947.4799 880.9001
947.1531 882.8732
946.8263 884.8464
946.4995 886.8195
946.1074 889.1873
945.8459 890.7657
945.4538 893.1335
945.127 895.1066
945.1839 897.1016
944.9102 899.4833
944.5863 901.8613
944.3165 903.8431
944.0466 905.8248
943.7227 908.2028
943.5068 909.7882
943.183 912.1663
942.8591 914.5443
942.9884 916.1351
943.4429 918.481
943.3564 920.8779
943.2104 923.2735
943.0645 925.669
942.9428 927.6653
942.8211 929.6616
942.6752 932.0572
942.5535 934.0535
942.4318 936.0497
942.5909 938.4291
943.3052 940.7185
943.4099 943.1154
943.453 945.515
943.4962 947.9146
943.5248 949.5144
943.568 951.914
943.6111 954.3136
943.6398 955.9133
943.683 958.313
943.7261 960.7126
943.7548 962.3123
943.7907 964.312
943.7907 964.312
943.7907 964.312
943.7907 964.312
943.7907 964.312
943.7907 964.312
943.7907 964.312
943.7907 964.312
943.7907 964.312
943.7907 964.312
943.7907 964.312
943.7907 964.312
943.7907 964.312
943.7907 964.312
943.7907 964.312
943.7907 964.312
943.7907 964.312
943.7907 964.312
943.7907 964.312
943.7907 964.312
943.7907 964.312
943.7907 964.312
943.7907 964.312
943.7907 964.312
943.7907 964.312
943.7907 964.312
943.7907 964.312
943.7907 964.312
943.8123 965.5118
943.8554 967.9114
943.8842 969.5112
943.9272 971.9108
943.9704 974.3104
943.9991 975.9101
944.0422 978.3098
944.0853 980.7094
944.1141 982.3091
944.1572 984.7087
944.2003 987.1083
944.2291 988.7081
944.2722 991.1077
944.3081 993.1074
944.3441 995.107
944.3871 997.5067
944.4231 999.5063
944.459 1001.506
944.5021 1003.906
944.538 1005.905
944.574 1007.905
944.6171 1010.305
944.653 1012.304
944.689 1014.304
944.7321 1016.704
944.7608 1018.303
944.8039 1020.703
944.8398 1022.703
944.8758 1024.702
944.9189 1027.102
944.9548 1029.102
944.9907 1031.101
945.0339 1033.501
945.0698 1035.5
945.1057 1037.5
945.1488 1039.9
945.1848 1041.899
945.2207 1043.899
945.0991 1046.285
944.4551 1048.169
942.9429 1050.017
941.5038 1051.932
940.5931 1054.572
940.004 1056.899
939.4147 1059.225
939.4032 1061.222
940.2057 1063.039
941.567 1065.015
942.6366 1067.596
942.9323 1070.378
943.1064 1072.772
943.2806 1075.165
943.3967 1076.761
942.8884 1079.09
941.5392 1081.049
940.0919 1082.956
939.0849 1085.117
938.4826 1087.851
938.6151 1089.836
939.4318 1092.086
939.8563 1094.428
939.7491 1097.226
939.6275 1100.023
939.558 1101.622
939.4537 1104.02
939.3494 1106.417
939.2452 1108.815
939.1583 1110.813
939.0714 1112.811
939.3031 1115.182
939.8804 1117.501
939.9782 1119.897
940.0334 1122.297
940.0887 1124.696
940.144 1127.095
940.1993 1129.495
940.2545 1131.894
940.3006 1133.894
940.3558 1136.293
940.4019 1138.292
940.4572 1140.692
940.5125 1143.091
940.5677 1145.491
940.623 1147.89
940.6782 1150.289
940.7335 1152.689
940.7888 1155.088
940.8441 1157.487
941.5623 1159.339
943.6123 1160.515
946.3375 1159.925
948.5076 1158.906
950.8518 1157.377
953.0824 1155.685
953.0824 1155.685
953.0824 1155.685
953.0824 1155.685
953.0824 1155.685
953.0824 1155.685
953.0824 1155.685
953.0824 1155.685
953.0824 1155.685
953.0824 1155.685
953.0824 1155.685
953.0824 1155.685
953.0824 1155.685
953.0824 1155.685
953.0824 1155.685
953.0824 1155.685
953.0824 1155.685
953.0824 1155.685
953.0824 1155.685
953.0824 1155.685
953.0824 1155.685
953.0824 1155.685
951.4802 1156.882
949.4655 1158.184
946.9174 1159.335
944.1956 1159.973
941.802 1160.127
939.6534 1160.457
938.9806 1163.136
938.8269 1165.932
938.6952 1168.328
938.5635 1170.724
938.4318 1173.121
938.2203 1175.105
937.4531 1176.945
935.1107 1179.084
932.9158 1180.049
930.5909 1180.633
928.2056 1180.878
925.4434 1181.317
922.8895 1182.444
920.9497 1182.551
919.0099 1182.551
917.0703 1182.551
915.1305 1182.551
913.1908 1182.551
911.3293 1182.576
909.3386 1182.56
906.7054 1181.634
904.3401 1180.143
902.5759 1178.52
901.0543 1176.668
899.1767 1174.593
896.7727 1173.19
894.5347 1172.327
892.2383 1171.689
889.8553 1171.798
887.6707 1172.735
885.6644 1174.042
883.4568 1174.969
881.0826 1175.273
877.8872 1175.445
875.8901 1175.552
873.893 1175.659
871.4965 1175.788
869.0999 1175.917
867.5022 1176.003
865.1057 1176.131
862.7091 1176.26
861.1115 1176.346
858.7149 1176.475
856.3417 1176.212
854.9009 1175.525
852.7691 1173.172
851.4963 1171.138
849.9141 1169.343
847.9723 1167.964
845.8298 1166.882
843.6873 1165.8
841.8577 1165.005
839.8696 1164.833
837.0798 1164.832
834.7747 1164.189
832.5006 1163.827
830.5989 1163.668
828.3248 1162.9
826.4298 1162.261
824.5348 1161.622
822.2607 1160.854
819.9866 1160.087
818.4706 1159.576
816.5756 1158.936
814.6805 1158.297
812.4065 1157.53
810.9333 1156.915
809.1541 1155.325
808.1783 1153.148
807.791 1150.783
807.8177 1148.386
808.244 1146.027
808.6017 1143.657
808.6117 1141.285
807.8076 1139.046
807.0022 1136.785
806.1967 1134.524
805.6597 1133.017
804.8542 1130.756
804.3173 1129.249
803.5118 1126.988
802.8406 1125.104
802.1694 1123.22
801.4981 1121.336
800.8269 1119.452
800.0214 1117.191
799.4844 1115.684
798.679 1113.423
798.142 1111.916
797.3365 1109.655
796.6653 1107.771
795.9941 1105.887
795.3229 1104.003
794.8589 1102.068
795.0332 1100.085
796.1034 1097.947
798.0241 1095.916
799.6201 1094.713
801.8581 1093.032
803.4713 1091.851
804.7054 1089.825
804.7054 1089.825
804.7054 1089.825
804.7054 1089.825
804.7054 1089.825
804.7054 1089.825
804.7054 1089.825
804.7054 1089.825
804.7054 1089.825
804.7054 1089.825
804.7054 1089.825
804.7054 1089.825
804.7054 1089.825
804.7054 1089.825
803.2225 1089.224
801.3377 1088.556
799.0173 1087.945
797.0607 1087.531
797.0607 1087.531
797.0607 1087.531
797.0607 1087.531
797.0607 1087.531
797.0607 1087.531
797.0607 1087.531
797.0607 1087.531
797.1411 1087.14
797.543 1085.18
797.9449 1083.221
798.3468 1081.262
798.7487 1079.303
799.1506 1077.344
799.5525 1075.384
800.0348 1073.033
800.3563 1071.466
800.8386 1069.115
801.1601 1067.547
801.6423 1065.196
802.0443 1063.237
802.2422 1061.257
801.9767 1059.277
802.2814 1056.496
802.6155 1054.119
802.8939 1052.139
803.1723 1050.158
803.4507 1048.177
803.7291 1046.197
804.0076 1044.216
804.235 1042.232
803.9434 1040.263
803.0062 1038.505
802.0242 1036.318
801.702 1033.945
801.5134 1031.151
801.3787 1029.156
801.2439 1027.16
801.1092 1025.165
800.9475 1022.77
800.8397 1021.174
800.678 1018.779
800.5703 1017.183
800.4086 1014.788
800.3008 1013.192
800.1392 1010.797
800.0044 1008.802
799.8697 1006.807
799.735 1004.811
799.6002 1002.816
799.4655 1000.82
799.3307 998.8247
799.196 996.8293
799.0613 994.8338
798.9266 992.8384
798.7919 990.8429
798.6572 988.8474
798.5224 986.852
798.3877 984.8565
798.2529 982.8611
798.1182 980.8656
797.9835 978.8702
797.8488 976.8747
797.7141 974.8792
797.5793 972.8838
797.4446 970.8883
797.3099 968.8929
797.1751 966.8974
797.0404 964.902
796.9057 962.9065
796.7709 960.911
796.6362 958.9156
796.5015 956.9201
796.3668 954.9247
796.2321 952.9292
796.0974 950.9338
796.2408 948.5513
796.8319 947.0681
798.1488 945.0643
798.8926 942.7972
799.2048 940.4176
799.5171 938.038
799.7773 936.055
799.8441 934.0646
799.3038 932.1482
798.9639 929.3826
799.0269 927.3835
799.1151 924.585
799.1655 922.9858
799.2285 920.9868
799.2914 918.9877
799.3545 916.9887
799.4175 914.9897
799.4805 912.9907
799.5435 910.9917
799.6065 908.9927
799.6695 906.9937
799.6947 906.1941
799.6947 906.1941
799.6947 906.1941
799.6947 906.1941
799.6947 906.1941
799.6947 906.1941
799.6947 906.1941
799.6947 906.1941
799.6947 906.1941
799.6947 906.1941
799.7451 904.5949
799.8207 902.1961
799.8711 900.5969
799.9467 898.1981
800.0097 896.199
800.0727 894.2001
800.1483 891.8012
800.1987 890.202
800.2744 887.8032
800.3373 885.8042
800.4003 883.8052
800.4633 881.8062
800.5264 879.8072
800.6019 877.4084
800.6523 875.8092
800.7805 873.4155
801.4498 871.5438
802.7006 869.9906
805.0838 868.5363
807.7323 867.6413
810.1047 867.2964
812.0656 867.2651
812.116 867.475
812.0238 866.8578
812.569 865.2287
814.2349 863.572
814.2849 862.1747
814.2849 862.1747
814.2849 862.1747
814.2849 862.1747
814.2849 862.1747
814.2849 862.1747
814.2849 862.1747
813.6055 861.1855
812.4205 859.5747
810.8304 857.7792
808.9868 856.2468
806.9138 855.0428
804.9769 853.0646
804.5907 850.7324
805.2232 848.4173
805.9612 845.7163
806.6617 844.4518
808.1356 842.9779
809.6094 841.5041
810.9551 840.1257
812.4445 838.8055
815.0355 837.7944
817.4109 837.4714
820.2036 837.601
822.5622 838.0417
824.9542 838.1907
827.289 837.7027
829.5257 836.8327
831.7585 835.9525
833.9912 835.0721
836.2239 834.1918
837.7124 833.605
839.9451 832.7247
842.2638 832.1678
844.6281 832.4529
846.7235 833.5882
848.7106 834.9296
850.8693 835.9518
853.6207 836.403
856.0125 836.6009
858.0057 836.7659
860.3975 836.9638
862.7893 837.1617
865.1216 836.7316
866.3332 835.1906
866.3051 832.4199
865.8466 830.0642
867.7196 829.2568
870.067 828.7573
872.4145 828.2578
874.762 827.7584
876.7181 827.3422
878.6744 826.926
881.0219 826.4265
882.978 826.0103
884.9343 825.5941
887.3038 825.2934
889.6193 825.8701
891.5917 827.2361
893.7361 828.287
896.08 828.7272
898.4695 828.9503
900.8592 829.1733
903.2488 829.3964
905.6384 829.6194
907.6298 829.8052
909.6211 829.9911
912.0107 830.2141
914.002 830.4
915.9934 830.5858
918.383 830.8089
919.9761 830.9576
922.3657 831.1806
924.7553 831.4036
926.3484 831.5523
928.7006 831.9534
930.1044 833.267
929.8684 835.6173
929.0493 837.8704
927.3823 839.8651
925.9464 841.7873
924.4201 842.5371
924.4201 842.5371
925.9558 842.5473
927.2614 842.5473
927.2614 842.5473
927.2614 842.5473
927.2614 842.5473
927.2614 842.5473
927.2614 842.5473
927.2614 842.5473
927.2614 842.5473
927.2614 842.5473
927.2614 842.5473
927.2614 842.5473
927.2614 842.5473
927.2614 842.5473
927.2614 842.5473
927.2686 842.5506
927.2888 841.8798
927.461 839.8445
928.4333 837.6532
929.0275 835.3307
929.2891 832.9464
929.3508 830.5474
929.3534 829.3474
929.3534 829.3474
931.7534 829.3485
933.7534 829.3494
936.1534 829.3504
938.1534 829.3513
940.1534 829.3522
942.5533 829.3532
944.5533 829.3541
946.5533 829.355
948.9534 829.356
950.9534 829.3569
952.9534 829.3578
955.3534 829.3589
957.3534 829.3597
959.3534 829.3606
961.7534 829.3617
964.1534 829.3627
965.7534 829.3634
967.3533 829.3641
967.3533 829.3641
967.3533 829.3641
969.3533 829.365
971.7534 829.3661
973.3533 829.3668
975.7534 829.3678
977.3533 829.3685
979.7534 829.3696
982.1534 829.3707
984.1534 829.3715
986.1534 829.3724
988.5533 829.3735
990.5533 829.3743
992.5533 829.3752
994.9534 829.3763
996.5533 829.377
998.9534 829.3781
1000.953 829.3789
1002.953 829.3798
1004.553 829.3805
1006.553 829.3813
1008.553 829.3823
1010.953 829.3833
1013.353 829.3843
1014.953 829.3851
1017.353 829.3861
1019.353 829.387
1021.753 829.3881
1023.753 829.3889
1026.153 829.39
1028.153 829.3909
1030.153 829.3917
1032.553 829.3928
1034.553 829.3937
1036.553 829.3945
1038.953 829.3956
1040.953 829.3965
1042.953 829.3974
1045.353 829.3984
1046.953 829.3991
1049.353 829.4002
1051.353 829.4011
1053.353 829.4019
1055.753 829.403
1057.353 829.4037
1059.753 829.4048
1061.753 829.4056
1063.753 829.4065
1065.753 829.4074
1067.753 829.4083
1070.153 829.4093
1071.753 829.41
1074.153 829.4111
1075.753 829.4118
1078.153 829.4128
1079.753 829.4136
1082.153 829.4146
1083.753 829.4153
1086.153 829.4164
1087.753 829.4171
1090.153 829.4182
1092.153 829.419
1094.153 829.4199
1096.553 829.421
1098.153 829.4216
1100.553 829.4227
1102.153 829.4234
1104.553 829.4244
1106.153 829.4252
1108.553 829.4262
1110.553 829.4271
1112.553 829.428
1114.553 829.4288
1115.534 829.4297
1115.534 829.4306
1115.534 829.4315
1115.534 829.4324
1115.534 829.4332
1115.534 829.4341
1115.534 829.435
1115.534 829.4359
1115.534 829.4368
1115.534 829.4378
1115.534 829.4385
1115.534 829.4396
1115.534 829.4403
1115.534 829.4413
1115.534 829.442
1115.534 829.4431
1115.534 829.4438
1115.534 829.4448
1115.536 829.7476
1115.552 830.9066
1115.916 832.8287
1117.584 834.5445
1119.611 835.8108
1121.843 836.6914
1124.083 837.5542
1126.322 838.417
1127.815 838.9922
1130.187 839.2379
1132.104 838.6956
1134.839 838.1169
1137.223 838.3787
1139.2 838.6769
1141.178 838.9752
1143.551 839.3331
1145.529 839.6314
1147.506 839.9296
1149.484 840.2279
1151.462 840.5262
1153.835 840.8842
1155.417 841.1227
1157.79 841.4807
1159.372 841.7193
1161.745 842.0772
1163.655 842.2057
1165.595 842.3047
1167.969 842.6627
1169.551 842.9013
1171.924 843.2592
1173.902 843.5575
1175.879 843.8558
1178.252 844.2137
1180.23 844.512
1182.151 845.0276
1184.094 846.4147
1185.372 848.4313
1186.102 850.715
1186.44 853.0883
1186.378 855.4847
1186.004 857.8543
1186.432 859.8124
1186.916 862.1385
1187.83 864.3578
1188.744 866.577
1189.657 868.7963
1190.266 870.2758
1191.028 872.1252
1191.789 873.9746
1192.703 876.1939
1193.464 878.0433
1194.226 879.8927
1195.14 882.1119
1195.749 883.5915
1196.662 885.8107
1197.576 888.03
1198.185 889.5095
1199.099 891.7288
1199.86 893.5782
1200.622 895.4276
1201.535 897.6469
1202.297 899.4963
1202.949 901.2013
1202.324 901.9079
1201.993 903.7371
1201.993 905.2166
1201.993 907.4359
1201.993 909.6552
1201.993 911.8745
1201.993 913.354
1201.993 915.5732
1201.993 917.7925
1201.993 920.0118
1201.993 921.8612
1202.008 924.1476
1201.894 926.1328
1200.948 928.3217
1199.333 930.6061
1198.201 932.7183
1197.724 935.4687
1197.528 937.8607
1197.333 940.2527
1197.137 942.6447
1197.559 944.0184
1198.006 945.7183
1198.006 948.1104
1198.006 950.5024
1198.006 952.8943
1198.006 955.2864
1198.006 957.6783
1198.006 960.0704
1198.006 962.4624
1198.006 964.8544
1198.006 966.8477
1197.925 969.2404
1197.729 971.6323
1197.534 974.0244
1197.403 975.619
1197.403 975.619
1197.305 976.815
1197.11 979.207
1197.367 981.4229
1197.367 983.8149
1197.367 986.2069
1197.367 988.5989
1197.367 990.9909
1197.422 993.3805
1198.02 995.6868
1199.349 997.6722
1200.647 1000.58
1201.006 1002.953
1201.365 1005.326
1201.724 1007.699
1202.143 1010.467
1202.502 1012.84
1202.801 1014.818
1203.22 1017.586
1203.519 1019.564
1203.878 1021.937
1204.296 1024.705
1204.533 1026.683
1204.533 1029.056
1204.533 1031.429
1204.533 1033.802
1204.533 1036.175
1204.533 1038.152
1204.533 1040.525
1204.533 1042.898
1204.533 1044.876
1204.533 1047.249
1204.533 1049.622
1204.533 1051.995
1204.533 1053.972
1204.533 1056.345
1204.533 1058.323
1204.533 1060.696
1204.533 1063.069
1204.533 1065.442
1204.533 1067.419
1204.533 1069.397
1204.533 1072.165
1204.533 1074.143
1204.533 1076.516
1204.533 1078.889
1204.533 1080.866
1204.295 1083.246
1203.431 1085.045
1202.612 1087.718
1202.535 1090.517
1202.47 1092.916
1202.405 1095.315
1202.339 1097.714
1202.274 1100.113
1202.208 1102.512
1202.143 1104.912
1202.089 1106.911
1202.023 1109.31
1201.958 1111.709
1201.893 1114.108
1201.838 1116.107
1201.773 1118.507
1201.707 1120.906
1201.642 1123.305
1201.577 1125.704
1201.511 1128.103
1201.446 1130.502
1201.38 1132.901
1201.105 1135.276
1200.202 1137.053
1198.034 1138.788
1195.845 1139.766
1193.128 1140.424
1190.335 1140.542
1188.998 1141.246
1187.694 1142.551
1186.423 1143.802
1184.926 1145.28
1183.393 1146.813
1181.349 1148.857
1179.815 1150.391
1178.282 1151.924
1176.749 1153.457
1175.215 1154.99
1173.682 1156.524
1172.149 1158.057
1170.615 1159.59
1169.032 1161.093
1168.895 1162.079
1167.673 1163.514
1165.416 1164.328
1163.155 1165.134
1160.895 1165.94
1158.634 1166.746
1156.373 1167.552
1154.113 1168.358
1151.852 1169.164
1149.591 1169.97
1147.331 1170.776
1145.07 1171.582
1142.809 1172.388
1140.549 1173.194
1138.288 1174
1136.027 1174.805
1133.767 1175.611
1131.051 1176.229
1128.336 1175.627
1126.001 1175.192
1123.223 1175.428
1120.45 1175.821
1118.074 1176.159
1115.698 1176.496
1113.322 1176.833
1110.946 1177.171
1108.569 1177.508
1105.797 1177.902
1103.025 1178.295
1100.649 1178.633
1098.273 1178.97
1095.897 1179.307
1093.124 1179.701
1090.352 1180.094
1087.976 1180.432
1085.6 1180.769
1083.224 1181.107
1080.451 1181.5
1077.679 1181.894
1075.303 1182.231
1072.927 1182.568
1070.643 1181.141
1070.415 1178.379
1070.828 1176.017
1071.978 1173.038
1073.198 1170.972
1074.807 1168.682
1074.807 1168.682
1074.807 1168.682
1074.807 1168.682
1074.807 1168.682
1074.807 1168.682
1074.807 1168.682
1074.807 1168.682
1074.339 1169.33
1073.011 1171.328
1071.896 1173.452
1070.748 1176.438
1070.236 1177.954
1068.339 1177.321
1065.682 1176.436
1063.406 1175.677
1061.129 1174.918
1058.852 1174.16
1056.332 1172.973
1054.985 1170.566
1055.579 1168.301
1057.051 1166.417
1059.457 1164.311
1061.385 1162.882
1062.033 1162.412
1062.033 1162.412
1060.625 1160.469
1059.217 1158.525
1057.809 1156.581
1056.401 1155.224
1054.759 1155.224
1053.351 1155.224
1052.08 1154.836
1050.952 1153.208
1050.912 1151.076
1050.912 1148.795
1050.912 1147.122
1050.912 1145.032
1050.918 1142.998
1050.924 1140.315
1050.924 1137.999
1050.924 1135.297
1050.924 1133.368
1051.254 1131.049
1051.884 1128.733
1052.514 1126.417
1053.145 1124.102
1053.67 1122.172
1054.301 1119.856
1054.301 1119.856
1054.301 1119.856
1054.301 1119.856
1054.301 1119.856
1054.301 1119.856
1054.301 1119.856
1054.301 1119.856
1054.301 1119.856
1054.301 1119.856
1054.301 1119.856
1054.301 1119.856
1054.301 1119.856
1054.406 1119.47
1055.036 1117.155
1055.667 1114.839
1056.297 1112.523
1056.927 1110.207
1057.045 1107.83
1056.301 1105.565
1055.634 1103.263
1055.612 1100.478
1055.776 1097.683
1055.916 1095.287
1056.055 1092.891
1056.195 1090.495
1056.335 1088.099
1056.475 1085.704
1056.615 1083.308
1056.755 1080.912
1056.895 1078.516
1057.035 1076.12
1057.151 1074.123
1057.291 1071.727
1057.431 1069.331
1057.547 1067.335
1057.687 1064.939
1057.734 1062.548
1057.162 1060.223
1056.991 1057.836
1056.977 1055.436
1056.964 1053.036
1056.95 1050.636
1056.937 1048.236
1056.923 1045.836
1056.91 1043.436
1056.898 1041.436
1056.885 1039.036
1056.873 1037.036
1056.86 1034.636
1056.846 1032.236
1056.835 1030.236
1056.824 1028.236
1056.808 1025.436
1056.796 1023.436
1056.656 1021.047
1055.626 1018.895
1054.046 1017.095
1052.871 1015.03
1052.482 1013.069
1052.482 1013.069
1052.482 1013.069
1052.482 1013.069
1052.482 1013.069
1052.482 1013.069
1052.482 1013.069
1052.482 1013.069
1052.482 1013.069
1052.482 1013.069
1052.482 1013.069
1052.482 1013.069
1054.451 1012.718
1056.831 1012.41
1057.293 1012.276
1057.293 1012.276
1057.293 1012.276
1057.07 1010.288
1056.802 1007.903
1056.534 1005.518
1056.267 1003.133
1056.043 1001.146
1055.82 999.1582
1055.552 996.7732
1055.285 994.3882
1055.061 992.4006
1054.838 990.4131
1054.57 988.0281
1054.303 985.6431
1054.079 983.6556
1053.856 981.6681
1053.589 979.2831
1053.365 977.2956
1053.098 974.9106
1052.874 972.923
1052.607 970.538
1052.428 968.9481
1052.16 966.563
1051.892 964.178
1051.625 961.793
1051.446 960.203
1051.875 957.8473
1052.748 955.6214
1053.027 953.2514
1053.079 950.8519
1053.13 948.4525
1053.173 946.4529
1053.216 944.4534
1053.267 942.054
1053.31 940.0544
1053.353 938.0549
1053.405 935.6554
1053.439 934.0558
1053.49 931.6564
1053.533 929.6568
1053.576 927.6573
1053.627 925.2578
1053.662 923.6582
1053.713 921.2587
1053.756 919.2592
1053.799 917.2596
1053.85 914.8602
1053.893 912.8607
1053.936 910.8611
1053.979 908.8616
1054.021 906.8621
1054.073 904.4626
1054.116 902.463
1054.159 900.4635
1054.201 898.464
1054.244 896.4644
1054.296 894.0649
1054.33 892.4653
1054.381 890.0659
1054.424 888.0663
1054.467 886.0668
1054.51 884.0673
1054.553 882.0677
1054.604 879.6683
1054.647 877.6688
1054.69 875.6692
1054.733 873.6697
1054.776 871.6701
1054.827 869.2707
1054.861 867.671
1054.913 865.2716
1054.947 863.6719
1054.998 861.2725
1055.041 859.2729
1055.084 857.2734
1055.127 855.2739
1055.17 853.2744
1055.213 851.2748
1055.255 849.2753
1055.298 847.2757
1055.316 846.4759
1055.316 846.4759
1055.316 846.4759
1055.316 846.4759
1055.316 846.4759
1055.316 846.4759
1055.316 846.4759
1055.316 846.4759
1055.316 846.4759
1055.316 846.4759
1055.316 846.4759
1055.316 846.4759
1055.316 846.4759
1055.316 846.4759
1055.316 846.4759
1055.316 846.4759
1055.316 846.4759
1055.316 846.4759
1055.316 846.4759
1055.316 846.4759
1055.316 846.4759
1055.316 846.4759
1055.316 846.4759
1055.316 846.4759
1055.316 846.4759
1055.316 846.4759
1055.35 844.8763
1055.393 842.8767
1055.318 840.8833
1054.653 839.0069
1053.106 837.1931
1051.07 835.9338
1048.837 835.0605
1046.49 834.5717
1044.095 834.4811
1041.711 834.7498
1039.319 834.8823
1036.965 834.4958
1034.759 833.5521
1032.211 832.3917
1030.391 831.5627
1028.207 830.5681
1026.387 829.7392
1024.443 829.2944
1022.095 829.6422
1019.998 830.7888
1018.049 832.1859
1015.931 833.3058
1013.592 833.8215
1011.201 834.0309
1008.013 834.3101
1006.42 834.4497
1004.029 834.6592
1002.435 834.7988
1000.044 835.0082
998.0516 835.1827
996.0593 835.3572
993.6684 835.5667
991.2775 835.7761
989.6837 835.9157
987.2928 836.1251
985.3004 836.2997
983.308 836.4742
980.9172 836.6836
978.9249 836.8581
976.9325 837.0327
974.5416 837.2421
972.5493 837.4166
970.5569 837.5911
968.1661 837.8005
966.1737 837.975
964.1813 838.1496
961.7905 838.359
959.7981 838.5335
957.8057 838.708
955.4149 838.9175
953.821 839.0571
951.4272 839.1375
949.0348 839.3281
947.0411 839.4869
945.0474 839.6458
942.655 839.8364
940.6613 839.9952
938.6676 840.1541
937.549 840.0826
937.4003 839.653
936.884 838.9036
935.0718 838.1776
932.716 837.8312
931.2888 837.1146
929.3906 835.0812
928.4019 833.3444
926.9861 830.9305
925.3279 829.2028
922.9317 827.7556
920.5848 827.3032
918.223 827.6978
915.8428 827.9568
913.4918 827.5292
911.1807 826.8821
909.64 826.4507
909.64 826.4507
908.8696 826.235
906.5585 825.5879
904.2474 824.9407
902.3214 824.4015
900.3955 823.8622
898.0844 823.2151
896.1584 822.6759
894.2325 822.1367
891.91 821.8118
889.5291 822.0112
887.3845 823.062
885.6879 824.7556
884.2975 826.7085
883.1119 828.7938
881.386 830.9905
879.4326 832.3638
876.979 833.7129
874.8759 834.8692
873.0875 835.7589
871.1138 836.0364
868.4282 835.3181
866.6474 834.41
863.5907 833.4999
861.2001 833.5345
858.807 833.7169
856.4139 833.8992
854.4484 834.2359
852.6957 835.1805
850.7267 836.5439
848.0651 837.3938
845.7303 837.9497
843.3956 838.5056
841.45 838.9689
839.1153 839.5248
836.7805 840.0807
835.2241 840.4513
832.8893 841.0072
830.567 841.6048
828.5491 842.8768
827.3513 844.4694
826.5042 847.1321
825.7546 849.4109
824.6429 851.5199
823.0408 853.2975
821.3097 854.9598
819.5786 856.6221
817.8475 858.1446
816.384 858.1798
814.8129 859.1818
813.0817 860.8441
811.6392 862.2293
810.1966 863.6146
808.6879 865.4655
807.9553 867.7357
806.9394 869.8979
805.5075 871.8201
804.0308 873.712
802.8001 875.2886
801.5695 876.8652
800.0928 878.7571
799.1083 880.0183
797.6315 881.9102
796.4874 883.5455
795.9117 885.4511
796.121 887.8274
797.0232 890.046
798.2639 892.0983
799.3814 894.2178
800.0067 896.5255
800.0698 898.9217
800.0798 901.3217
800.0897 903.7217
800.098 905.7217
800.1063 907.7216
800.1147 909.7216
800.123 911.7216
800.1329 914.1216
800.1396 915.7216
800.1495 918.1215
800.1562 919.7216
800.1661 922.1215
800.1744 924.1215
800.1827 926.1215
800.1894 927.7214
800.1994 930.1215
800.2077 932.1214
800.216 934.1214
800.2243 936.1214
800.2326 938.1214
800.2409 940.1213
800.2492 942.1213
800.2575 944.1213
800.2658 946.1213
800.2741 948.1213
800.2824 950.1213
800.2908 952.1213
800.2991 954.1212
800.3057 955.7213
800.3157 958.1212
800.324 960.1212
800.3323 962.1212
800.3389 963.7211
800.3489 966.1212
800.3555 967.7211
800.3655 970.1211
800.3738 972.1211
800.3821 974.1211
800.3887 975.7211
800.3987 978.121
800.4054 979.721
800.4153 982.121
800.422 983.721
800.4319 986.121
800.4386 987.7209
800.4485 990.1209
800.4552 991.7209
800.4651 994.1209
800.4718 995.7209
800.4818 998.1208
800.4884 999.7208
800.4984 1002.121
800.5051 1003.721
800.515 1006.121
800.5217 1007.721
800.5316 1010.121
800.5383 1011.721
800.5482 1014.121
800.5549 1015.721
800.5615 1017.321
800.5615 1017.321
800.5615 1017.321
800.5615 1017.321
800.5615 1017.321
800.5615 1017.321
800.5615 1017.321
800.5615 1017.321
800.5615 1017.321
800.5615 1017.321
800.5615 1017.321
800.5615 1017.321
800.5682 1018.921
800.5781 1021.321
800.5848 1022.921
800.5947 1025.321
800.603 1027.321
800.6114 1029.321
800.6197 1031.321
800.628 1033.321
800.6363 1035.321
800.6446 1037.321
800.6545 1039.72
800.6612 1041.32
800.6711 1043.72
800.6778 1045.32
800.6878 1047.72
800.6944 1049.32
800.7044 1051.72
800.7127 1053.72
800.721 1055.72
800.7293 1057.72
800.7376 1059.72
800.7476 1062.12
800.7542 1063.72
800.7642 1066.12
800.7725 1068.12
800.7808 1070.12
800.7891 1072.12
800.7974 1074.12
800.8057 1076.12
800.814 1078.12
800.824 1080.52
800.8306 1082.12
800.8406 1084.52
800.8489 1086.52
800.8572 1088.52
800.8655 1090.52
800.8738 1092.52
800.8821 1094.52
800.8904 1096.52
800.8987 1098.52
800.907 1100.52
800.9153 1102.52
800.9236 1104.52
800.9337 1106.92
800.9403 1108.52
800.9503 1110.92
800.9586 1112.92
800.9669 1114.92
800.9752 1116.92
800.9835 1118.92
800.9935 1121.32
801.0001 1122.92
801.0101 1125.32
801.0167 1126.92
801.3271 1129.287
802.0273 1130.721
803.7197 1132.408
805.7742 1133.648
807.6566 1135.132
809.081 1137.054
808.9335 1137.953
808.352 1138.776
808.3238 1140.701
809.2332 1142.482
810.1426 1144.263
811.2339 1146.401
811.9614 1147.826
813.142 1149.91
814.2958 1151.014
815.7563 1152.908
816.9823 1154.971
818.2083 1157.034
819.2299 1158.754
820.2516 1160.473
821.5628 1162.478
822.7822 1163.508
825.0108 1164.371
827.4022 1164.469
830.1578 1163.998
832.4487 1163.818
834.8265 1163.806
837.1989 1164.101
839.5063 1164.761
841.8137 1165.421
843.7366 1165.972
846.044 1166.632
847.9668 1167.182
849.8896 1167.732
852.197 1168.392
854.1199 1168.943
856.0427 1169.493
858.3501 1170.153
860.6575 1170.813
862.1958 1171.253
864.5032 1171.914
866.426 1172.464
868.777 1172.874
870.7466 1172.578
873.1326 1172.673
875.4937 1173.104
877.8547 1173.534
880.2158 1173.965
882.5768 1174.395
884.9379 1174.826
886.9055 1175.185
888.873 1175.543
891.2403 1175.915
893.6293 1175.762
896.0062 1176.095
898.383 1176.428
900.7598 1176.76
903.1367 1177.093
905.1173 1177.371
907.098 1177.648
909.4749 1177.981
911.8516 1178.313
914.2007 1177.95
916.2447 1176.729
918.1887 1175.332
920.7677 1174.286
923.1345 1173.888
925.8958 1173.424
928.2626 1173.026
929.446 1172.828
929.446 1172.828
929.446 1172.828
929.446 1172.828
929.446 1172.828
929.446 1172.828
929.446 1172.828
929.446 1172.828
929.446 1172.828
929.446 1172.828
929.446 1172.828
929.446 1172.828
929.446 1172.828
929.446 1172.828
929.446 1172.828
929.446 1172.828
929.446 1172.828
929.446 1172.828
929.446 1172.828
929.446 1172.828
929.446 1172.828
929.446 1172.828
929.446 1172.828
929.446 1172.828
929.446 1172.828
929.446 1172.828
929.446 1172.828
929.446 1172.828
929.446 1172.828
929.446 1172.828
929.446 1172.828
929.446 1172.828
929.446 1172.828
929.446 1172.828
929.446 1172.828
929.446 1172.828
929.446 1172.828
929.446 1172.828
929.446 1172.828
929.446 1172.828
929.446 1172.828
929.446 1172.828
929.446 1172.828
929.446 1172.828
929.446 1172.828
929.446 1172.828
929.446 1172.828
929.446 1172.828
929.446 1172.828
929.446 1172.828
929.446 1172.828
929.446 1172.828
929.446 1172.828
929.446 1172.828
929.446 1172.828
929.446 1172.828
929.446 1172.828
929.446 1172.828
929.446 1172.828
929.446 1172.828
929.446 1172.828
929.446 1172.828
929.446 1172.828
929.446 1172.828
929.446 1172.828
