1000 1000
1000 1000
1000 1000
1000 1000
1000 1000
1000 1000
1000 1000
1000 1000
1000 1000
1000 1000
1000 1000
1000 1000
1000 1000
1000 1000
1001.6 1000
1003.2 1000
1005.6 1000
1007.6 1000
1009.6 1000
1012 1000
1013.6 1000
1016 1000
1018 1000
1020 1000
1022.4 1000
1024 1000
1026.4 1000
1028.4 1000
1029.6 1000
1027.2 1000
1024.8 1000
1023.2 1000
1020.8 1000
1018.8 1000
1016.8 1000
1014.4 1000
1012.8 1000
1010.4 1000
1008.4 1000
1006.4 1000
1004 1000
1002.4 1000
1001.6 1000
1001.6 1000
1001.6 1000
1001.6 1000
1001.6 1000
1001.6 1000
1001.6 1000
1003.6 1000
1006 1000
1007.6 1000
1010 1000
1011.6 1000
1014 1000
1015.2 1000
1015.2 1000
1015.2 1000
1015.2 1000
1015.2 1000
1015.2 1000
1015.2 1000
1015.2 1000
1015.2 1000
1015.2 1000
1015.2 1000
1015.2 1000
1015.2 1000
1015.2 1000
1015.2 1000
1015.2 1000
1015.2 1000
1015.2 1000
1015.2 1000
1015.2 1000
1015.2 1000
1015.2 1000
1015.2 1000
1015.2 1000
1015.2 1000
1015.2 1000
1015.2 1000
1015.2 1000
1015.2 1000
1015.2 1000
1015.2 1000
1015.2 1000
1015.2 1000
1015.2 1000
1015.179 1001.6
1015.064 1003.596
1014.747 1006.378
1014.747 1006.378
1014.747 1006.378
1014.747 1006.378
1014.747 1006.378
1014.747 1006.378
1014.747 1006.378
1014.747 1006.378
1014.747 1006.378
1014.747 1006.378
1014.747 1006.378
1014.931 1004.789
1015.071 1002.794
1015.116 1000.394
1015.116 1000.394
1015.116 1000.394
1015.116 1000.394
1015.116 1000.394
1015.116 1000.394
1015.116 1000.394
1015.116 1000.394
1015.116 1000.394
1015.116 1000.394
1015.116 1000.394
1015.116 999.9944
1015.088 997.9947
1015.088 997.9947
1015.088 997.9947
1015.088 997.9947
1015.088 997.9947
1015.107 999.1946
1015.055 1001.594
1014.96 1003.191
1014.96 1003.191
1014.96 1003.191
1014.96 1003.191
1015.759 1003.242
1017.356 1003.344
1019.751 1003.498
1021.747 1003.626
1023.742 1003.754
1025.738 1003.882
1028.133 1004.035
1028.133 1004.035
1028.215 1002.437
1028.23 1000.437
1028.21 998.8375
1028.21 998.8375
1028.21 998.8375
1028.21 998.8375
1029.41 998.821
1031.01 998.7988
1033.41 998.7657
1035.809 998.7325
1037.409 998.7104
1039.809 998.6772
1042.209 998.6441
1042.609 998.6386
1042.609 998.6386
1042.609 998.6386
1042.609 998.6386
1042.609 998.6386
1042.609 998.6386
1042.609 998.6386
1042.609 998.6386
1043.409 998.6275
1045.808 998.5944
1048.208 998.5612
1048.586 996.3008
1048.438 994.7079
1047.852 991.9737
1048.036 990.1089
1048.086 988.5002
1048.086 986.4207
1048.086 984.8539
1047.994 983.5496
1047.163 982.3669
1044.814 980.877
1044.814 979.9955
1044.814 979.0542
1045.271 977.9446
1046.338 975.3557
1047.252 973.1365
1048.013 971.2872
1048.927 969.0681
1049.842 966.849
1050.451 965.3696
1050.908 964.2601
1050.908 964.2601
1050.908 964.2601
1050.908 964.2601
1050.908 964.2601
1050.908 964.2601
1051.06 963.8902
1051.822 962.0409
1052.584 960.1917
1052.584 960.1917
1052.584 960.1917
1052.584 960.1917
1052.584 960.1917
1052.584 960.1917
1052.584 960.1917
1052.584 960.1917
1050.722 959.4601
1048.824 958.8332
1046.499 958.2373
1045.33 957.9671
1045.33 957.9671
1045.33 957.9671
1045.33 957.9671
1045.33 957.9671
1045.866 955.6277
1046.313 953.6782
1046.759 951.7288
1047.295 949.3894
1047.742 947.4399
1048.189 945.4904
1048.725 943.1511
1048.725 943.1511
1048.725 943.1511
1048.904 942.3713
1049.35 940.4218
1049.886 938.0825
1050.333 936.1329
1050.78 934.1835
1051.316 931.8441
1051.673 930.2845
1052.209 927.9451
1052.477 926.7755
1052.477 926.7755
1052.477 926.7755
1052.477 926.7755
1052.745 925.6058
1053.192 923.6563
1053.728 921.317
1054.175 919.3674
1054.175 919.3674
1054.175 919.3674
1053.003 919.1083
1051.433 918.8017
1049.056 918.4732
1048.26 918.3853
1048.26 918.3853
1048.26 918.3853
1048.26 918.3853
1048.26 918.3853
1048.519 915.9992
1048.735 914.0109
1048.951 912.0226
1049.209 909.6365
1049.382 908.0459
1049.641 905.6599
1049.9 903.2739
1050.072 901.6832
1050.331 899.2972
1050.547 897.3088
1050.762 895.3206
1050.978 893.3322
1050.978 893.3322
1050.978 893.3322
1050.978 893.3322
1050.978 893.3322
1050.978 893.3322
1051.237 890.9462
1051.453 888.9578
1051.668 886.9695
1051.884 884.9812
1052.099 882.9929
1052.315 881.0045
1052.531 879.0162
1052.79 876.6302
1052.962 875.0395
1053.221 872.6535
1053.437 870.6652
1053.652 868.6768
1053.696 868.2792
1053.696 868.2792
1053.696 868.2792
1053.696 868.2792
1053.696 868.2792
1053.696 868.2792
1053.696 868.2792
1053.696 868.2792
1053.696 868.2792
1053.696 868.2792
1053.696 868.2792
1053.696 868.2792
1053.696 868.2792
1053.696 868.2792
1053.696 868.2792
1053.696 868.2792
1053.696 868.2792
1053.868 866.6885
1054.041 865.0978
1054.299 862.7118
1054.386 861.9165
1054.386 861.9165
1054.386 861.9165
1054.386 861.9165
1054.386 861.9165
1054.601 859.9282
1054.817 857.9398
1055.033 855.9515
1055.248 853.9631
1055.464 851.9748
1055.55 851.1794
1055.55 851.1794
1055.55 851.1794
1055.55 851.1794
1055.55 851.1794
1055.637 850.3841
1055.896 847.9981
1056.068 846.4075
1056.327 844.0214
1056.413 843.2261
1056.413 843.2261
1056.413 843.2261
1056.413 843.2261
1056.413 843.2261
1056.413 843.2261
1056.413 843.2261
1056.413 843.2261
1056.413 843.2261
1056.413 843.2261
1056.413 843.2261
1056.413 843.2261
1056.413 843.2261
1056.413 843.2261
1054.821 843.0701
1052.824 842.9627
1050.429 843.0855
1048.084 843.5843
1045.847 844.4472
1044.818 845.3821
1044.813 846.3682
1044.813 846.3682
1044.813 846.3682
1044.813 846.3682
1044.813 846.3682
1044.813 846.3682
1044.813 846.3682
1044.813 846.3682
1044.813 846.3682
1044.813 846.3682
1044.813 846.3682
1044.813 846.3682
1044.42 844.252
1043.482 842.9655
1042.198 841.2634
1040.018 840.5112
1037.623 840.5895
1035.279 840.5895
1033.052 840.5895
1030.955 840.5895
1028.887 840.5895
1026.727 840.5895
1024.348 840.5454
1024.348 840.5454
1024.348 840.5454
1024.348 840.5454
1024.348 840.5454
1024.348 840.5454
1024.348 840.5454
1024.348 840.5454
1024.348 840.5454
1024.348 840.5454
1022.348 840.4903
1020.349 840.4352
1018.35 840.3801
1015.951 840.3139
1014.351 840.2698
1011.952 840.2037
1009.953 840.1486
1007.982 839.8752
1005.83 838.8461
1003.573 838.0392
1001.198 837.6943
998.8229 837.3493
996.8437 837.0618
994.852 836.9476
992.5775 837.6673
990.5656 838.9678
988.3648 839.8945
985.9919 840.2193
983.6057 840.4762
981.6172 840.59
979.6356 840.3517
977.5088 839.2627
975.5111 837.9481
973.2476 837.1921
970.8717 836.8531
968.4957 836.5142
966.1198 836.1753
966.1198 836.1753
966.1198 836.1753
966.1198 836.1753
964.1398 835.8928
962.1599 835.6104
959.7839 835.2715
958.9919 835.1585
958.9919 835.1585
958.7845 836.7449
958.6199 838.7377
958.4806 841.0188
957.8 841.5952
957.2521 842.9245
955.7465 843.2324
953.8726 843.931
951.6238 844.7695
949.375 845.6079
947.8758 846.1668
945.9182 847.5343
944.623 849.5312
944.0536 851.8523
943.9742 854.2483
944.2955 856.6239
945.0085 858.9127
945.8506 861.1595
946.7358 863.3896
946.5704 865.7263
946.3032 866.8962
945.7687 869.2359
945.2343 871.5756
944.8779 873.1354
944.3434 875.4752
943.809 877.8149
943.4527 879.3748
943.1336 881.7411
943.5557 883.6859
943.8119 886.0707
943.4998 888.8532
943.2323 891.2383
943.054 892.8283
943.054 892.8283
943.054 892.8283
943.054 892.8283
943.054 892.8283
943.0094 893.2258
942.7864 895.2134
942.5635 897.2009
942.3406 899.1884
942.1177 901.176
942.1888 903.559
942.9391 905.4092
944.271 907.4025
945.1296 910.0534
945.4183 912.436
945.707 914.8185
945.8995 916.4069
945.5297 918.7623
944.3021 920.8124
943.2065 922.9417
942.7763 925.2971
942.5074 927.682
942.2384 930.0669
942.0143 932.0543
941.7902 934.0417
941.5213 936.4266
941.342 938.0165
941.0731 940.4014
940.8489 942.3888
940.6248 944.3762
940.3559 946.7611
940.1318 948.7485
939.9077 950.7359
939.7529 953.1254
940.1606 955.0711
941.4569 957.0747
943.4972 958.9889
944.8458 960.9595
945.74 963.1727
946.4149 965.4758
947.0898 967.7789
947.199 969.7706
946.7899 971.7234
946.7187 974.1082
947.0954 976.4785
947.7292 979.196
948.8416 980.8466
950.8141 982.1873
953.082 982.9628
954.0307 982.2253
954.2753 981.9738
954.2753 981.8665
954.2753 982.0638
954.2753 982.0638
954.2753 982.0638
954.2753 982.0638
953.7155 982.4867
953.0231 984.3105
953.0306 986.645
953.0306 988.7049
953.5638 991.0338
954.2938 992.3201
954.2939 994.2496
954.3558 996.109
955.0379 997.2915
957.1937 998.09
959.58 998.0116
962.2628 998.0116
964.4197 997.0522
966.7657 995.5258
968.7411 994.4577
970.958 994.4096
972.5521 994.3011
973.3515 994.2714
975.3501 994.197
977.3488 994.1226
979.7471 994.0333
981.3459 993.9738
983.6828 994.4565
985.8442 995.4893
988.1573 996.0662
990.5463 996.2953
992.139 996.4481
992.139 996.4481
992.139 996.4481
992.139 996.4481
992.139 996.4481
992.139 996.4481
992.139 996.4481
994.528 996.6772
996.5189 996.8682
998.5098 997.0592
1000.899 997.2883
1002.492 997.4411
1004.881 997.6703
1006.871 997.8612
1008.464 998.014
1009.26 998.0904
1011.251 998.2814
1013.64 998.5105
1015.631 998.7015
1016.428 998.7778
1016.428 998.7778
1016.428 998.7778
1016.428 998.7778
1016.428 998.7778
1016.428 998.7778
1016.428 998.7778
1016.428 998.7778
1016.428 998.7778
1016.428 998.7778
1016.428 998.7778
1016.428 998.7778
1016.428 998.7778
1016.428 998.7778
1016.428 998.7778
1016.428 998.7778
1016.428 998.7778
1016.428 998.7778
1016.428 998.7778
1016.428 998.7778
1018.02 998.9306
1019.613 999.0834
1022.002 999.3126
1023.993 999.5035
1025.984 999.6945
1027.576 999.8472
1027.576 999.8472
1027.576 999.8472
1027.648 999.0505
1027.787 997.0554
1027.836 996.2568
1027.836 996.2568
1027.836 996.2568
1027.836 996.2568
1027.836 996.2568
1027.836 996.2568
1027.836 996.2568
1027.836 996.2568
1027.836 996.2568
1027.836 996.2568
1027.836 996.2568
1027.836 996.2568
1027.836 996.2568
1027.836 996.2568
1027.836 996.2568
1027.836 996.2568
1027.836 996.2568
1027.836 996.2568
1027.836 996.2568
1027.836 996.2568
1027.836 996.2568
1027.836 996.2568
1027.836 996.2568
1027.836 996.2568
1027.836 996.2568
1027.836 996.2568
1027.836 996.2568
1028.635 996.3057
1030.631 996.428
1032.627 996.5504
1034.623 996.6726
1034.623 996.6726
1034.623 996.6726
1034.623 996.6726
1034.623 996.6726
1034.623 996.6726
1034.826 996.8029
1036.228 997.9067
1038.608 998.1105
1039.806 998.1839
1039.806 998.1839
1039.806 998.1839
1039.806 998.1839
1039.806 998.1839
1039.806 998.1839
1039.806 998.1839
1041.004 998.2573
1043.399 998.4041
1045.395 998.5263
1046.015 996.6462
1046.348 994.2941
1047.118 992.0217
1048.114 989.8586
1048.994 987.2022
1049.797 984.9485
1051.623 982.8434
1053.463 981.3021
1054.755 979.2888
1055.343 976.9763
1055.066 974.5991
1054.327 972.3184
1053.219 970.1927
1051.772 968.2816
1050.106 966.5545
1048.388 964.8788
1047.016 962.934
1047.016 962.934
1047.016 962.934
1047.016 962.934
1046.69 961.3675
1046.283 959.4095
1046.413 957.4244
1047.378 955.2509
1048.961 953.4628
1050.75 951.8696
1052.311 950.0574
1053.279 947.8758
1054.012 945.5907
1054.006 942.8193
1053.262 940.9803
1051.845 939.0472
1050.392 937.1386
1049.259 935.0633
1049.02 933.0776
1049.02 933.0776
1048.924 932.2834
1048.733 930.6949
1048.446 928.3121
1048.207 926.3264
1047.968 924.3408
1047.681 921.958
1047.49 920.3694
1047.203 917.9867
1047.107 917.1924
1047.504 917.146
1049.495 916.9539
1051.893 916.8644
1053.093 916.8544
1053.093 916.8544
1053.093 916.8544
1053.093 916.8544
1053.088 915.6544
1053.079 913.6544
1053.07 911.6544
1053.061 909.6545
1053.051 907.2545
1053.044 905.6545
1053.033 903.2545
1053.024 901.2545
1053.016 899.2546
1053.007 897.2546
1052.998 895.2546
1052.988 892.8546
1052.981 891.2546
1052.97 888.8547
1052.961 886.8547
1052.953 884.8547
1052.944 882.8547
1052.935 880.8547
1052.925 878.4548
1052.918 876.8548
1052.907 874.4548
1052.898 872.4548
1052.89 870.4548
1052.881 868.4548
1052.872 866.4549
1052.862 864.0549
1052.854 862.4549
1052.844 860.0549
1052.837 858.455
1052.827 856.055
1052.819 854.455
1052.816 853.655
1052.816 853.655
1052.816 853.655
1052.816 853.655
1052.816 853.655
1052.816 853.655
1052.816 853.655
1052.816 853.655
1052.816 853.655
1052.816 853.655
1052.816 853.655
1052.809 852.055
1052.8 850.0551
1052.792 848.0551
1052.792 848.0551
1052.792 848.0551
1052.792 848.0551
1052.792 848.0551
1052.792 848.0551
1052.792 848.0551
1052.792 848.0551
1052.792 848.0551
1052.792 848.0551
1052.792 848.0551
1052.792 848.0551
1052.792 848.0551
1052.792 848.0551
1052.792 848.0551
1052.786 846.855
1052.777 844.8551
1052.769 842.8551
1052.76 840.8551
1052.751 838.8552
1052.741 836.4551
1052.734 834.8552
1052.723 832.4552
1052.723 832.4552
1052.723 832.4552
1052.718 831.2552
1052.709 829.2552
1052.699 826.8552
1052.69 824.8553
1052.681 822.8553
1052.671 821.8815
1052.664 821.8815
1052.653 821.8815
1052.644 821.8815
1052.635 821.8815
1052.625 821.8815
1052.618 821.8815
1052.608 821.8815
1052.599 821.8815
1052.59 821.8815
1052.58 821.8815
1052.573 821.8815
1052.562 821.8815
1052.553 821.8815
1052.545 821.8815
1052.536 821.8815
1052.532 821.8815
1052.532 821.8815
1052.532 821.8815
1052.539 823.4814
1052.548 825.4814
1052.557 827.4814
1052.567 829.8814
1052.576 831.8814
1052.585 833.8813
1052.595 836.2814
1052.604 838.2813
1052.613 840.2813
1052.62 841.8813
1052.63 844.2813
1052.637 845.8813
1052.648 848.2813
1052.657 850.2812
1052.665 852.2812
1052.674 854.2812
1052.683 856.2812
1052.685 856.6812
1052.685 856.6812
1052.685 856.6812
1052.685 856.6812
1052.685 856.6812
1052.685 856.6812
1052.685 856.6812
1052.69 857.8812
1052.699 859.8811
1052.707 861.8811
1052.716 863.8811
1052.725 865.881
1052.734 867.881
1052.742 869.881
1052.751 871.881
1052.76 873.881
1052.769 875.881
1052.778 877.881
1052.788 880.2809
1052.795 881.8809
1052.806 884.2809
1052.814 886.2809
1052.823 888.2808
1052.832 890.2808
1052.841 892.2808
1052.851 894.6808
1052.858 896.2808
1052.869 898.6807
1052.877 900.6807
1052.886 902.6807
1052.895 904.6807
1052.904 906.6807
1052.914 909.0806
1052.921 910.6807
1052.932 913.0806
1052.94 915.0806
1052.949 917.0806
1052.958 919.0806
1052.967 921.0806
1052.977 923.4805
1052.986 925.4805
1052.995 927.4805
1053.005 929.8804
1053.014 931.8804
1053.023 933.8804
1053.032 935.8804
1053.04 937.8804
1053.051 940.2803
1053.06 942.2803
1053.068 944.2803
1053.079 946.6803
1053.086 948.2803
1053.096 950.6802
1053.105 952.6802
1053.114 954.6802
1053.124 957.0802
1053.133 959.0802
1053.142 961.0801
1053.152 963.4802
1053.161 965.4801
1053.17 967.4801
1053.18 969.8801
1053.189 971.8801
1053.198 973.8801
1053.208 976.28
1053.217 978.28
1053.226 980.28
1053.237 982.6799
1053.247 985.08
1053.256 987.0799
1053.265 989.0799
1053.275 991.4799
1053.284 993.4799
1053.293 995.4799
1053.303 997.8798
1053.314 1000.28
1053.322 1002.28
1053.331 1004.28
1053.342 1006.68
1053.352 1009.08
1053.361 1011.08
1053.37 1013.08
1053.38 1015.48
1053.391 1017.88
1053.401 1020.28
1053.408 1021.88
1053.419 1024.28
1053.429 1026.68
1053.44 1029.079
1053.448 1031.079
1053.457 1033.079
1053.468 1035.479
1053.478 1037.879
1053.487 1039.879
1053.496 1041.879
1053.506 1044.279
1053.517 1046.679
1053.52 1047.479
1053.531 1049.879
1053.54 1051.879
1053.548 1053.879
1053.559 1056.279
1053.569 1058.679
1053.58 1061.079
1053.585 1062.279
1053.585 1062.279
1053.585 1062.279
1053.585 1062.279
1053.585 1062.279
1053.592 1063.879
1053.603 1066.279
1053.613 1068.679
1053.622 1070.679
1053.632 1073.079
1053.643 1075.479
1053.652 1077.479
1053.662 1079.879
1053.673 1082.279
1053.683 1084.679
1053.694 1087.079
1053.704 1089.479
1053.715 1091.879
1053.725 1094.279
1053.736 1096.679
1053.746 1099.079
1053.757 1101.479
1053.767 1103.879
1053.778 1106.279
1053.788 1108.679
1053.799 1111.079
1053.809 1113.479
1053.82 1115.879
1053.83 1118.279
1053.841 1120.679
1053.851 1123.079
1053.862 1125.479
1053.872 1127.879
1053.883 1130.018
1053.893 1130.018
1053.904 1130.018
1053.911 1130.018
1053.911 1130.018
1053.911 1130.018
1053.92 1130.018
1053.93 1130.018
1053.941 1130.018
1053.951 1130.018
1053.962 1130.018
1053.972 1130.018
1053.983 1130.018
1053.993 1130.018
1054.004 1130.018
1054.014 1130.018
1054.025 1130.018
1054.035 1130.018
1054.046 1130.018
1054.058 1130.018
1054.067 1130.018
1054.077 1130.018
1054.09 1130.018
1054.1 1130.018
1054.105 1130.018
1054.095 1127.618
1054.084 1125.218
1054.074 1122.818
1054.062 1120.018
1054.051 1117.618
1054.041 1115.218
1054.035 1114.018
1054.044 1116.018
1054.055 1118.418
1054.065 1120.818
1054.076 1123.218
1054.086 1125.618
1054.097 1128.018
1054.107 1130.018
1054.118 1130.018
1054.128 1130.018
1054.139 1130.018
1054.149 1130.018
1054.16 1130.018
1054.17 1130.018
1054.181 1130.018
1054.191 1130.018
1054.202 1130.018
1054.212 1130.018
1054.212 1130.018
1054.202 1127.618
1054.191 1125.218
1054.181 1122.818
1054.17 1120.418
1054.16 1118.018
1054.149 1115.618
1054.139 1113.218
1054.128 1110.818
1054.121 1109.218
1054.121 1109.218
1054.121 1109.218
1054.121 1109.218
1054.121 1109.218
1054.121 1109.218
1054.111 1106.818
1054.1 1104.418
1054.09 1102.018
1054.079 1099.618
1054.07 1097.618
1054.062 1095.619
1054.062 1095.619
1054.062 1095.619
1054.062 1095.619
1054.062 1095.619
1054.056 1094.418
1054.046 1092.019
1054.035 1089.619
1054.027 1087.619
1054.014 1084.819
1054.011 1084.019
1054.002 1082.019
1053.992 1079.619
1053.981 1077.219
1053.971 1074.819
1053.96 1072.419
1053.95 1070.019
1053.939 1067.619
1053.928 1065.219
1053.918 1062.819
1053.907 1060.419
1053.899 1058.419
1053.888 1056.019
1053.88 1054.019
1053.869 1051.619
1053.858 1049.219
1053.848 1046.819
1053.839 1044.819
1053.83 1042.819
1053.82 1040.419
1053.809 1038.019
1053.799 1035.619
1053.79 1033.619
1053.781 1031.619
1053.771 1029.219
1053.76 1026.819
1053.752 1024.819
1053.743 1022.819
1053.732 1020.419
1053.722 1018.019
1053.711 1015.619
1053.703 1013.619
1053.694 1011.619
1053.683 1009.219
1053.673 1006.819
1053.664 1004.819
1053.655 1002.819
1053.645 1000.419
1053.634 998.0194
1053.625 996.0194
1053.617 994.0195
1053.606 991.6194
1053.596 989.2195
1053.587 987.2195
1053.578 985.2195
1053.568 982.8196
1053.559 980.8196
1053.55 978.8196
1053.54 976.4196
1053.529 974.0197
1053.52 972.0197
1053.512 970.0197
1053.501 967.6197
1053.492 965.6197
1053.484 963.6198
1053.473 961.2198
1053.463 958.8198
1053.455 957.2198
1053.445 954.8198
1053.434 952.4199
1053.426 950.4199
1053.417 948.4199
1053.406 946.0199
1053.399 944.4199
1053.389 942.02
1053.38 940.02
1053.371 938.02
1053.361 935.62
1053.352 933.62
1053.343 931.6201
1053.333 929.2201
1053.326 927.6201
1053.315 925.2201
1053.307 923.2202
1053.296 920.8201
1053.287 918.8202
1053.279 916.8202
1053.27 914.8202
1053.259 912.4202
1053.252 910.8203
1053.242 908.4203
1053.233 906.4203
1053.224 904.4203
1053.215 902.4203
1053.207 900.4203
1053.196 898.0204
1053.189 896.4203
1053.179 894.0204
1053.17 892.0204
1053.161 890.0204
1053.151 887.6205
1053.144 886.0205
1053.133 883.6205
1053.126 882.0205
1053.116 879.6205
1053.107 877.6205
1053.098 875.6206
1053.088 873.2206
1053.081 871.6206
1053.07 869.2206
1053.063 867.6207
1053.053 865.2207
1053.046 863.6207
1053.035 861.2207
1053.028 859.6207
1053.018 857.2208
1053.01 855.6208
1052.793 853.2421
1051.972 851.4282
1050.268 849.7522
1048.148 848.6326
1045.828 848.0682
1044.821 848.4841
1044.8 849.9417
1044.787 851.5739
1044.787 853.6146
1044.787 854.7199
1044.787 855.1754
1044.787 854.8821
1044.787 854.092
1044.787 852.4394
1044.77 850.282
1044.757 847.9504
1044.747 845.5585
1044.988 843.1733
1045.118 840.7803
1044.369 838.5561
1042.689 836.8691
1040.535 835.8498
1038.153 835.6129
1035.767 835.8459
1033.453 836.4736
1031.277 837.4783
1029.298 838.8319
1027.252 840.5408
1025.658 840.5408
1024.881 840.5408
1023.685 840.5919
1021.293 840.592
1019.3 840.592
1017.307 840.592
1015.314 840.592
1012.922 840.592
1010.53 840.592
1008.935 840.592
1006.544 840.592
1005.746 840.592
1005.746 840.592
1005.746 840.592
1005.746 840.592
1005.686 839.7943
1005.585 837.797
1005.601 835.7972
1005.645 834.5981
1005.645 834.5981
1005.645 834.5981
1005.645 834.5981
1004.046 834.5323
1002.048 834.4501
999.6498 834.3514
998.0511 834.2856
995.6532 834.187
993.6578 834.2134
991.7775 834.8656
989.5168 835.6422
987.1375 835.918
984.7435 836.0883
983.5466 836.1735
983.5466 836.1735
983.5466 836.1735
983.5466 836.1735
981.9506 836.287
979.9556 836.4289
977.5617 836.5992
975.5668 836.7411
973.5718 836.8831
971.1779 837.0534
969.1829 837.1954
967.1879 837.3373
964.7939 837.5076
962.799 837.6495
960.8041 837.7915
958.4631 838.1965
957.4742 839.8711
957.6877 841.7582
957.2049 842.9209
957.0063 842.9209
956.8273 842.9209
956.8619 842.9208
956.5984 842.9327
955.283 843.4818
953.9751 845.4412
952.774 847.5191
951.6261 849.1503
950.041 850.3518
948.0332 851.6456
946.4589 853.4474
944.9811 855.3386
944.1304 857.5681
944.142 859.9462
944.9257 862.2058
946.1431 864.271
947.6612 866.1279
949.3516 867.8309
950.5159 868.9285
950.5693 870.5276
950.6495 872.9262
950.7162 874.9251
950.7327 876.9225
950.0479 879.2076
949.1985 881.0132
948.7961 883.7783
948.5826 886.1688
948.4047 888.1608
948.2267 890.1529
948.0131 892.5434
947.8707 894.137
947.6572 896.5275
947.5148 898.1212
947.3013 900.5117
947.1233 902.5037
946.9453 904.4958
946.7318 906.8863
946.5894 908.4799
946.3758 910.8704
946.1979 912.8625
946.0199 914.8546
945.8063 917.245
945.6284 919.2371
945.4504 921.2291
945.2724 923.2212
945.0945 925.2133
944.8809 927.6038
944.6674 929.9943
944.525 931.5879
944.3114 933.9784
944.246 935.9725
944.7516 937.9036
944.9634 940.288
944.9211 942.6876
944.8789 945.0872
944.8367 947.4869
944.8016 949.4866
944.7664 951.4863
944.7242 953.8859
944.689 955.8856
944.6538 957.8853
944.6116 960.2849
944.5764 962.2846
944.5413 964.2843
944.499 966.6839
944.4709 968.2836
944.4287 970.6833
944.3935 972.683
944.3583 974.6827
944.3161 977.0823
944.2809 979.082
944.2458 981.0817
944.2036 983.4813
944.1684 985.481
944.1332 987.4807
944.091 989.8803
944.0629 991.48
944.0629 991.48
944.0629 991.48
944.0629 991.48
944.0629 991.48
944.0629 991.48
944.0558 991.88
944.0136 994.2797
943.9855 995.8794
943.9433 998.279
943.9081 1000.279
943.8729 1002.278
943.8307 1004.678
943.7955 1006.678
943.7815 1007.478
943.7815 1007.478
943.7815 1007.478
943.7815 1007.478
943.7815 1007.478
943.7815 1007.478
943.7815 1007.478
943.7815 1007.478
943.7815 1007.478
943.7815 1007.478
943.7815 1007.478
943.7815 1007.478
943.7815 1007.478
943.7815 1007.478
943.7815 1007.478
943.7815 1007.478
943.7815 1007.478
943.7604 1008.677
943.7181 1011.077
943.69 1012.677
943.6478 1015.076
943.6126 1017.076
943.5775 1019.076
943.5353 1021.475
943.5071 1023.075
943.486 1024.275
943.486 1024.275
943.486 1024.275
943.486 1024.275
943.486 1024.275
943.5071 1023.075
943.5493 1020.676
943.5775 1019.076
943.6197 1016.676
943.6619 1014.277
943.6971 1012.277
943.7322 1010.277
943.7674 1008.277
943.8026 1006.278
943.8448 1003.878
943.8518 1003.478
943.8518 1003.478
943.8518 1003.478
943.8518 1003.478
943.8518 1003.478
943.8518 1003.478
943.8518 1003.478
943.8518 1003.478
943.8518 1003.478
943.8518 1003.478
943.8799 1001.878
943.9152 999.8788
943.9503 997.8791
943.9925 995.4794
944.0277 993.4797
944.0629 991.48
944.0699 991.0801
944.0699 991.0801
944.0699 991.0801
944.0699 991.0801
944.1121 988.6805
944.1543 986.2809
944.1825 984.6812
944.2247 982.2815
944.2598 980.2818
944.295 978.2821
944.3021 977.8822
944.3021 977.8822
944.3021 977.8822
944.3021 977.8822
944.3021 977.8822
944.3021 977.8822
944.3021 977.8822
944.3021 977.8822
944.3021 977.8822
944.3021 977.8822
944.3021 977.8822
944.3021 977.8822
944.3021 977.8822
944.3021 977.8822
944.3021 977.8822
944.3021 977.8822
944.3021 977.8822
944.3021 977.8822
944.3021 977.8822
944.3021 977.8822
944.3021 977.8822
944.3021 977.8822
944.3021 977.8822
944.3021 977.8822
944.3021 977.8822
944.3021 977.8822
944.3021 977.8822
944.3021 977.8822
944.3021 977.8822
944.3021 977.8822
944.3021 977.8822
944.3021 977.8822
944.3443 975.4825
944.3795 973.4828
944.4146 971.4832
944.4568 969.0836
944.485 967.4838
944.5272 965.0842
944.5342 964.6842
944.5342 964.6842
944.5694 962.6845
944.5975 961.0848
944.6398 958.6851
944.6819 956.2855
944.7101 954.6858
944.7523 952.2861
944.7875 950.2864
944.8226 948.2867
944.8649 945.8871
944.9 943.8875
944.9352 941.8878
944.9774 939.4881
945.0126 937.4884
945.0478 935.4887
945.09 933.0891
945.1322 930.6895
945.1603 929.0897
945.2025 926.6901
945.2377 924.6904
945.2729 922.6907
945.308 920.691
945.3433 918.6913
945.3854 916.2917
945.4206 914.292
945.4558 912.2923
945.498 909.8927
945.5332 907.893
945.5684 905.8933
945.6035 903.8936
945.6387 901.8939
945.6809 899.4943
945.709 897.8945
945.7513 895.4949
945.7864 893.4952
945.8216 891.4955
945.8638 889.0959
945.892 887.4962
945.9342 885.0966
945.9694 883.0969
946.0045 881.0972
946.0468 878.6975
946.0819 876.6978
946.1171 874.6981
946.1452 873.0984
946.1874 870.6988
946.2226 868.6991
946.2578 866.6994
946.3 864.2997
946.3281 862.7
946.3704 860.3004
946.4055 858.3007
946.4407 856.301
946.4829 853.9014
946.5181 851.9017
946.5533 849.902
946.5955 847.5024
946.6306 845.5027
946.6658 843.503
946.708 841.1033
946.7432 839.1036
946.7784 837.1039
946.8206 834.7043
946.8558 832.7047
946.8909 830.705
946.9332 828.3053
946.9613 826.7056
947.0035 824.306
947.0457 821.9063
947.0809 821.8815
947.116 821.8815
947.1582 821.8815
947.2004 821.8815
947.2356 821.8815
947.2708 821.8815
947.313 821.8815
947.2353 821.8787
945.3034 822.2526
943.157 823.3245
940.6138 824.4932
938.3384 825.248
936.0705 826.0279
933.6862 827.4729
931.9943 829.1669
930.3884 830.9504
928.7825 832.7339
927.7119 833.9229
926.1059 835.7065
924.2117 837.1508
922.718 837.7072
919.9398 837.6002
917.6453 836.9058
915.4987 835.8386
913.606 833.8093
912.9272 831.9343
913.1124 829.1525
913.6287 826.8091
914.3771 824.5306
915.464 822.394
916.892 821.8622
918.593 821.8548
920.457 821.8503
922.3771 821.8494
922.3771 821.8494
922.3771 821.8494
923.6712 821.8479
925.6833 821.8425
927.3848 821.8425
928.8484 821.8425
929.8287 821.8425
930.2962 821.8425
930.1 821.8425
929.9318 821.8425
929.7916 821.8425
929.6234 821.8425
929.4552 821.8425
929.315 821.8425
929.1749 821.8425
929.0067 821.8425
928.8384 821.8425
928.6983 821.8425
928.5581 821.8425
928.3899 821.8425
928.2217 821.8425
927.424 821.9035
925.0404 822.1791
922.6555 822.2355
920.2694 822.0021
917.5212 821.8132
914.742 821.9932
912.6078 823.0325
911.2527 824.989
910.4265 827.2413
909.7435 829.542
909.7435 829.542
909.7435 829.542
909.7435 829.542
909.7435 829.542
908.9738 829.3239
906.6647 828.6694
904.3557 828.015
902.4315 827.4696
900.4387 827.3991
898.198 828.1995
896.353 829.716
894.7002 831.4547
892.8912 833.0313
890.3797 834.2411
888.0621 834.8646
885.3054 835.0969
883.7369 834.786
881.6693 833.6031
879.9502 831.9293
878.2887 830.1977
876.0071 828.6036
874.8337 828.3521
872.4871 827.8489
870.1404 827.3457
868.5613 827.1079
866.2216 827.541
864.0216 828.4706
861.6584 828.8616
858.8589 828.8083
856.0594 828.7551
854.0598 828.717
852.86 828.6942
852.46 828.6865
850.0605 828.6409
848.1495 829.2133
846.4496 830.2606
844.5362 832.3026
842.4541 834.1722
840.18 834.9385
838.6523 835.4141
838.6523 835.4141
838.6523 835.4141
838.6523 835.4141
836.3608 836.1275
834.0693 836.8409
831.9636 837.9634
830.5728 839.4
828.1473 840.7609
825.9472 841.7198
825.5805 841.8796
825.5805 841.8796
825.5805 841.8796
825.5805 841.8796
825.5805 841.8796
825.5805 841.8796
825.5805 841.8796
825.5805 841.8796
825.5805 841.8796
825.5805 841.8796
825.5805 841.8796
825.5805 841.8796
825.5805 841.8796
825.5805 841.8796
825.5805 841.8796
825.5805 841.8796
825.5805 841.8796
825.5805 841.8796
825.5805 841.8796
825.5805 841.8796
825.5805 841.8796
825.5805 841.8796
824.4805 842.3591
823.1855 844.3673
822.3186 846.6019
821.978 848.9716
821.7219 851.3557
821.1319 853.6671
819.6747 856.0461
818.2733 857.9944
817.1021 858.1382
815.4686 858.5526
813.9735 860.3828
813.0392 861.6817
811.6378 863.63
810.47 865.2537
809.3021 866.8773
807.9008 868.8256
806.9665 870.1245
805.5651 872.0729
804.3972 873.6965
803.5795 875.5158
803.4755 877.8942
803.6553 880.2806
803.2165 882.6247
802.342 884.8597
801.4674 887.0947
800.5929 889.3297
799.7183 891.5646
799.1353 893.0546
798.2607 895.2896
797.9134 897.2542
798.246 899.2134
799.4196 901.2947
801.059 903.0438
802.9337 904.541
804.8936 906.5383
805.5104 908.63
805.5183 910.8938
805.5183 913.1576
805.5183 915.0441
804.7623 916.0604
803.239 916.5493
800.9079 917.1156
798.5344 917.4684
797.3419 917.6013
797.3419 917.6013
797.3419 917.6013
797.3419 917.6013
797.3843 917.999
797.5967 919.9877
797.809 921.9764
798.0214 923.9651
798.4283 925.9142
799.4127 927.645
800.3586 929.8481
800.858 932.1956
801.3573 934.5431
801.7734 936.4993
801.8757 938.4869
801.4309 940.4313
801.2919 942.8173
801.5425 945.2041
801.7932 947.591
802.0021 949.58
802.2109 951.5691
802.4198 953.5582
802.6287 955.5472
802.8375 957.5363
803.0464 959.5254
803.2971 961.9122
803.4641 963.5035
803.7148 965.8904
803.8819 967.4816
804.1325 969.8685
804.2996 971.4597
804.449 973.8508
804.1043 975.4102
803.2717 977.6583
803.0964 980.0397
803.0906 982.4396
803.0906 982.4396
803.0906 982.4396
803.0906 982.4396
803.0906 982.4396
803.0868 984.0396
803.0829 985.6396
803.0772 988.0396
803.0734 989.6396
803.0676 992.0396
803.0637 993.6396
803.058 996.0396
803.0541 997.6396
803.0484 1000.04
803.0455 1001.24
803.0455 1001.24
803.0426 1002.44
803.0378 1004.44
803.033 1006.44
803.0282 1008.44
803.0234 1010.44
803.0186 1012.44
803.0138 1014.44
803.009 1016.44
803.0042 1018.44
803.0032 1018.84
803.0032 1018.84
803.0032 1018.84
803.0032 1018.84
803.0032 1018.84
803.0032 1018.84
803.0013 1019.64
802.9965 1021.64
802.9918 1023.64
802.9869 1025.64
802.9821 1027.64
802.9774 1029.64
802.9725 1031.64
802.9667 1034.04
802.963 1035.64
802.961 1036.439
802.961 1036.439
802.961 1036.439
802.961 1036.439
802.961 1036.439
802.961 1036.439
802.9581 1037.64
802.9533 1039.64
802.9485 1041.64
802.9437 1043.639
802.9389 1045.639
802.9332 1048.039
802.9293 1049.639
802.9236 1052.039
802.9236 1052.039
802.9236 1052.039
802.9236 1052.039
802.9236 1052.039
804.5234 1052.025
805.4662 1052.117
805.4697 1052.868
805.4708 1053.679
805.4708 1054.495
805.4708 1054.752
805.4708 1054.693
805.4708 1054.12
805.4722 1053.39
805.48 1051.949
805.4872 1050.648
805.4919 1048.65
805.4919 1047.392
805.4919 1046.333
805.4919 1045.62
805.4919 1045.111
805.4919 1045.009
805.4919 1045.009
805.4919 1045.009
805.4919 1045.009
805.5262 1046.561
805.5297 1048.125
805.5414 1050.906
805.4059 1053.299
804.8768 1055.638
803.9651 1057.855
802.6964 1059.889
800.813 1061.955
799.2596 1063.213
797.272 1064.558
795.9169 1065.408
795.9169 1065.408
795.9169 1065.408
796.7614 1066.767
797.6058 1068.126
798.8725 1070.165
799.928 1071.863
800.9836 1073.562
801.8442 1075.789
801.9714 1077.38
801.1497 1080.037
800.0505 1082.169
799.356 1084.042
799.1872 1086.424
799.3615 1088.817
799.5356 1091.211
799.6808 1093.206
799.8259 1095.2
800.0002 1097.594
800.1163 1099.19
800.2905 1101.584
800.4066 1103.179
800.5808 1105.573
800.697 1107.169
800.8712 1109.563
801.0163 1111.557
801.1615 1113.552
801.3066 1115.547
801.4518 1117.541
801.597 1119.536
801.7422 1121.531
801.9164 1123.925
802.0325 1125.52
802.2067 1127.914
802.3519 1129.909
802.497 1131.903
802.6422 1133.898
802.8361 1135.886
803.5446 1137.747
804.8151 1139.282
806.1899 1141.244
806.9483 1143.517
807.592 1145.829
808.2356 1148.141
808.772 1150.068
809.3083 1151.995
809.952 1154.307
810.6442 1155.745
812.3308 1157.427
814.519 1158.377
816.8818 1158.783
819.2791 1158.788
821.6747 1158.655
824.0681 1158.495
826.3542 1159.058
826.6254 1159.329
826.6254 1159.329
826.6254 1159.329
826.6254 1159.329
826.6254 1159.329
826.6254 1159.329
828.2524 1160.956
829.0875 1162.318
830.3773 1163.581
832.1354 1164.534
833.8934 1165.488
836.0465 1166.538
838.0224 1166.812
839.9886 1166.49
842.2123 1165.592
844.5749 1165.181
847.7546 1165.504
849.7321 1165.804
852.1049 1166.164
854.0823 1166.464
856.4552 1166.824
858.4326 1167.124
860.41 1167.424
862.7828 1167.783
864.7603 1168.083
866.7376 1168.383
869.1105 1168.743
871.4833 1169.103
873.8562 1169.463
875.4382 1169.703
877.811 1170.062
880.1839 1170.422
882.5568 1170.782
884.5341 1171.082
886.5115 1171.382
888.8844 1171.742
891.2573 1172.101
893.2347 1172.401
895.212 1172.701
897.585 1173.061
899.9578 1173.421
902.3307 1173.781
904.7036 1174.141
907.0764 1174.5
908.6693 1174.481
910.9401 1173.752
913.419 1172.454
915.7699 1172.127
916.9692 1172.087
916.9692 1172.087
916.9692 1172.087
918.1685 1172.047
920.5672 1171.966
922.566 1171.899
924.9647 1171.819
927.3633 1171.739
929.2743 1171.169
931.1614 1169.707
932.6349 1167.341
933.4304 1165.079
933.8376 1163.279
933.8452 1163.279
933.3452 1163.277
933.0861 1163.251
933.0861 1163.251
933.297 1163.253
933.9148 1163.253
933.9148 1163.253
933.9148 1163.253
933.9148 1163.253
934.3267 1163.253
934.9445 1163.253
935.7552 1163.167
937.1158 1162.183
937.6444 1160.704
938.2622 1158.385
938.8801 1156.066
939.4979 1153.747
940.1157 1151.427
940.7336 1149.108
941.1325 1147.154
940.7468 1144.795
939.2382 1142.462
937.6008 1140.772
937.5847 1138.868
937.5725 1136.689
937.5635 1133.971
937.5635 1131.252
937.5505 1129.678
938.0019 1127.335
939.2805 1125.321
940.7176 1122.924
941.3455 1120.209
941.5897 1117.822
941.8339 1115.434
941.7411 1113.052
940.5104 1111.226
938.8166 1109.547
937.6257 1108.008
937.5717 1106.674
937.5717 1105.336
937.5717 1103.121
937.5717 1101
937.5653 1098.618
938.2237 1096.323
939.4469 1094.261
939.8359 1092.205
939.8463 1090.03
939.9497 1087.677
940.0023 1086.077
939.9365 1088.076
939.8138 1090.467
939.735 1092.866
939.6693 1094.865
939.6036 1096.864
939.5248 1099.263
939.4459 1101.661
939.3671 1104.06
939.3146 1105.659
939.2358 1108.058
939.1569 1110.457
939.0781 1112.855
939.0125 1114.854
938.9468 1116.853
938.8679 1119.252
938.8417 1120.052
939.9116 1117.96
941.5619 1116.222
943.5557 1114.901
945.7819 1114.011
948.1251 1113.505
950.8789 1113.002
953.2164 1112.07
952.4029 1112.07
951.061 1112.069
950.0126 1112.069
948.8548 1112.069
947.3466 1112.069
945.7202 1112.069
943.9111 1112.065
942.3372 1112.064
942.3372 1112.064
941.6937 1111.982
940.7642 1111.519
939.8511 1109.64
939.5424 1107.26
939.2852 1105.276
938.9764 1102.896
938.7192 1100.913
938.462 1098.929
939.2559 1098.831
939.7896 1098.624
939.7907 1098.686
939.791 1099.071
939.7928 1099.728
939.7936 1100.243
939.7936 1100.243
939.7936 1100.243
939.7936 1100.243
939.0004 1102.509
938.2072 1104.774
937.5707 1106.661
937.8623 1108.724
938.3917 1110.178
938.5726 1112.204
937.7794 1114.469
937.7794 1114.469
938.4404 1112.582
939.1014 1110.694
939.498 1109.562
939.498 1109.562
939.498 1109.562
939.498 1109.562
939.9098 1110.269
941.182 1111.737
942.6397 1112.397
942.6397 1112.397
943.636 1112.088
944.6323 1112.088
945.4625 1112.088
946.4588 1112.088
947.4551 1112.088
948.1193 1112.088
946.2857 1112.046
944.4081 1112.04
941.72 1111.933
941.72 1111.933
941.72 1111.933
941.72 1111.933
941.72 1111.933
941.72 1111.933
941.72 1111.933
941.7155 1111.932
941.7032 1111.928
941.6732 1111.92
941.6005 1111.898
941.4667 1111.851
941.1959 1111.732
940.5513 1111.272
939.887 1110.125
939.3718 1112.058
938.7535 1114.377
938.2383 1116.309
937.7231 1118.242
937.5649 1120.561
937.5649 1122.88
937.5649 1125.199
937.5649 1127.131
937.5649 1129.064
937.5649 1131.383
937.5649 1133.702
937.5649 1136.021
937.5649 1138.34
937.5649 1140.272
937.5649 1142.591
937.5649 1144.524
937.5649 1146.843
937.5649 1149.162
937.5649 1151.481
937.5649 1153.8
937.5649 1156.119
937.5649 1158.438
937.5649 1159.886
937.2861 1161.879
935.3975 1163.909
933.6947 1166.126
932.6017 1168.26
931.8799 1170.546
931.8152 1173.328
932.8669 1175.904
934.4768 1177.676
936.1805 1179.366
937.8842 1181.056
939.5879 1182.542
941.2916 1182.542
942.9953 1182.542
944.699 1182.542
946.4028 1182.542
947.8225 1182.542
947.8225 1182.542
947.8225 1182.542
946.9706 1181.697
945.267 1180.007
943.6152 1178.272
942.6031 1176.124
942.4457 1173.751
943.0284 1171.429
944.4478 1168.568
945.9101 1166.669
947.6239 1164.991
949.4814 1163.471
950.7474 1162.493
950.7474 1162.493
950.7474 1162.493
950.7474 1162.493
950.7474 1162.493
950.7474 1162.493
950.7474 1162.493
950.7474 1162.493
950.7474 1162.493
950.7474 1162.493
950.7474 1162.493
952.6831 1161.075
954.272 1159.82
954.272 1158.879
954.272 1158.261
954.272 1158.163
954.272 1158.553
954.272 1159.311
954.272 1160.283
954.272 1161.495
954.272 1161.696
954.272 1161.696
954.272 1161.696
954.272 1161.696
954.272 1161.696
953.0438 1163.274
951.4468 1165.064
949.2975 1166.853
946.8461 1168.197
944.5756 1168.969
942.2302 1169.474
939.8594 1169.847
939.8594 1169.847
939.8594 1169.847
939.8594 1169.847
939.8594 1169.847
940.5656 1168.877
941.897 1166.881
943.0529 1164.778
943.5928 1163.706
943.5928 1163.706
943.5928 1163.706
943.5928 1163.706
943.5928 1163.706
943.5928 1163.706
943.5928 1163.706
943.5928 1163.706
943.5928 1163.706
943.951 1163.884
946.1003 1164.952
948.2496 1166.02
950.0406 1166.91
951.8317 1167.8
953.981 1168.868
956.1303 1169.936
958.2796 1171.004
958.996 1171.36
960.0707 1171.894
962.22 1172.962
964.3693 1174.03
966.5186 1175.098
967.9514 1175.81
967.9514 1175.81
968.9761 1173.64
970.3882 1172.227
972.2398 1169.704
972.4977 1167.325
972.438 1164.926
972.3796 1163.881
972.3796 1163.881
972.3796 1163.881
972.3796 1163.881
972.3796 1163.881
974.7764 1163.806
977.1731 1163.806
979.5699 1163.805
981.9666 1163.805
983.9639 1163.805
985.9612 1163.805
988.6485 1164.517
990.3336 1165.587
992.7516 1166.988
995.5259 1167.367
997.9037 1167.692
1000.282 1168.017
1002.66 1168.342
1005.029 1168.027
1006.855 1167.214
1009.591 1166.725
1011.99 1166.711
1014.39 1166.698
1016.716 1167.174
1018.759 1168.409
1020.67 1169.85
1023.617 1171.052
1025.957 1171.584
1026.737 1171.762
1029.077 1172.294
1031.427 1172.734
1033.793 1172.442
1036.096 1171.823
1039.289 1171.898
1040.484 1172.002
1040.484 1172.002
1040.484 1172.002
1040.484 1172.002
1040.484 1172.002
1040.484 1172.002
1042.078 1172.141
1044.868 1172.385
1046.86 1172.559
1049.649 1172.802
1052.04 1173.011
1054.431 1173.219
1056.822 1173.428
1057.619 1173.497
1057.619 1173.497
1057.619 1173.497
1058.815 1173.602
1061.206 1173.81
1063.596 1174.019
1065.987 1174.228
1068.378 1174.436
1070.769 1174.645
1073.957 1174.923
1075.949 1175.097
1078.739 1175.34
1081.13 1175.549
1083.521 1175.757
1085.912 1175.966
1088.303 1176.175
1090.693 1176.383
1093.478 1176.373
1096.154 1175.585
1098.546 1175.489
1101.746 1175.504
1104.146 1175.516
1106.546 1175.528
1108.946 1175.54
1111.346 1175.552
1114.146 1175.565
1116.946 1175.579
1119.346 1175.591
1121.746 1175.603
1124.146 1175.614
1126.546 1175.626
1128.946 1175.638
1131.746 1175.651
1134.146 1175.663
1136.946 1175.677
1139.346 1175.689
1141.746 1175.701
1144.146 1175.712
1146.441 1175.126
1148.558 1174.008
1150.892 1173.5
1154.067 1173.102
1156.449 1172.803
1158.83 1172.505
1161.608 1172.157
1163.99 1171.858
1166.371 1171.56
1168.886 1170.35
1170.504 1168.593
1171.422 1166.378
1171.957 1164.041
1172.187 1160.852
1172.173 1158.852
1172.173 1158.852
1172.173 1158.852
1172.173 1158.852
1172.173 1158.852
1173.834 1157.12
1175.495 1155.387
1176.88 1153.944
1178.817 1151.923
1180.202 1150.479
1182.139 1148.458
1183.524 1147.015
1185.462 1144.994
1186.846 1143.55
1188.507 1141.818
1190.168 1140.085
1191.829 1138.353
1193.32 1136.485
1194.001 1134.188
1193.831 1131.808
1192.993 1129.299
1193.497 1128.089
1193.496 1126.136
1193.493 1123.396
1193.46 1121.085
1193.46 1120.286
1193.46 1119.089
1193.46 1116.293
1194.062 1113.982
1194.711 1112.099
1194.917 1108.907
1195.007 1106.509
1195.037 1105.709
1195.037 1105.709
1195.037 1105.709
1195.037 1105.709
1195.037 1105.709
1195.037 1105.709
1195.037 1105.709
1195.037 1105.709
1195.082 1104.51
1195.172 1102.112
1195.262 1099.714
1195.353 1097.315
1195.443 1094.917
1195.533 1092.519
1195.623 1090.12
1195.698 1088.122
1195.788 1085.723
1195.878 1083.325
1195.953 1081.326
1196.044 1078.928
1196.134 1076.53
1196.224 1074.132
1196.314 1071.733
1196.389 1069.735
1196.479 1067.336
1196.554 1065.338
1196.645 1062.939
1196.735 1060.541
1196.825 1058.143
1196.915 1055.745
1197.005 1053.346
1197.065 1051.747
1197.155 1049.349
1197.245 1046.951
1197.336 1044.552
1197.411 1042.554
1197.501 1040.156
1197.576 1038.157
1197.666 1035.759
1197.756 1033.36
1197.846 1030.962
1197.937 1028.564
1198.027 1026.165
1198.117 1023.767
1198.207 1021.369
1198.297 1018.971
1198.387 1016.572
1198.477 1014.174
1198.568 1011.776
1198.643 1009.777
1198.748 1006.979
1198.823 1004.98
1198.928 1002.182
1199.018 999.7841
1199.108 997.3857
1199.198 994.9874
1199.289 992.5891
1199.379 990.1908
1199.469 987.7925
1199.559 985.3942
1199.649 982.9959
1199.739 980.5976
1199.829 978.1993
1199.919 975.801
1200.01 973.4026
1200.1 971.0043
1200.19 968.6061
1200.28 966.2078
1200.37 963.8094
1200.46 961.4111
1200.55 959.0128
1200.641 956.6145
1200.731 954.2162
1200.821 951.8179
1200.911 949.4196
1201.001 947.0213
1201.091 944.623
1201.181 942.2247
1201.271 939.8264
1201.347 937.8278
1201.437 935.4295
1201.512 933.4309
1201.602 931.0326
1201.692 928.6343
1201.767 926.6357
1201.842 924.6371
1201.932 922.2388
1202.02 919.8405
1202.021 917.8419
1202.021 915.4436
1202.021 913.445
1202.021 911.0467
1202.021 908.6484
1202.021 906.2501
1202.021 904.2515
1202.021 903.0523
1202.021 903.0523
1202.021 903.0523
1201.975 904.2515
1201.9 906.2501
1201.81 908.6484
1201.72 911.0467
1201.645 913.0453
1201.615 913.8447
1201.615 913.8447
1201.615 913.8447
1201.615 913.8447
1201.615 913.8447
1201.615 913.8447
1201.615 913.8447
1201.615 913.8447
1201.615 913.8447
1201.615 913.8447
1201.615 913.8447
1201.615 913.8447
1201.615 913.8447
1201.615 913.8447
1201.615 913.8447
1201.615 913.8447
1201.615 913.8447
1201.615 913.8447
1201.615 913.8447
1201.615 913.8447
1201.615 913.8447
1201.615 913.8447
1201.615 913.8447
1201.615 913.8447
1201.615 913.8447
1201.615 913.8447
1201.615 913.8447
1201.615 913.8447
1201.615 913.8447
1201.615 913.8447
1201.615 913.8447
1201.615 913.8447
1201.615 913.8447
1201.615 913.8447
1201.615 913.8447
1201.615 913.8447
1201.66 912.6456
1201.75 910.2473
1201.84 907.8489
1201.93 905.4506
1201.99 903.8517
1202.081 901.4535
1202.171 899.0552
1202.246 897.0566
1202.336 894.6583
1202.411 892.6597
1202.486 890.6611
1202.045 889.0574
1201.861 888.8674
1201.861 888.8674
1201.861 888.8674
1201.861 888.8674
1201.861 888.8674
1200.661 888.8338
1198.662 888.8515
1196.268 889.0217
1195.87 889.0587
1195.87 889.0587
1195.87 889.0587
1195.87 889.0587
1195.87 889.0587
1195.796 888.262
1195.574 885.8723
1195.426 884.2792
1195.204 881.8895
1195.019 879.898
1194.834 877.9066
1194.612 875.5168
1194.312 873.5448
1193.371 871.7892
1191.596 870.1981
1189.413 869.2098
1187.124 868.4915
1186.601 868.4707
1186.601 868.4708
1186.665 868.4064
1186.665 868.4064
1186.665 868.4064
1186.665 868.4064
1186.665 868.4064
1186.665 868.4064
1186.665 868.4064
1186.665 868.4064
1186.665 868.4064
1186.665 868.4064
1186.665 868.4064
1186.687 868.3849
1186.815 868.2562
1186.901 868.1705
1187.03 868.0417
1187.137 867.9345
1187.244 867.8273
1187.352 867.72
1187.469 867.6004
1187.733 867.2682
1188.035 866.6599
1187.873 864.4733
1188.025 862.0944
1188.658 859.7798
1189.25 857.4573
1188.919 855.9344
1188.919 855.9344
1188.919 855.9344
1188.919 855.9344
1188.919 855.9344
1186.983 856.024
1184.65 855.4619
1182.371 854.7542
1180.177 853.7855
1178.491 852.0986
1177.745 851.1587
1177.745 851.1587
1177.745 851.1587
1177.745 851.1587
1177.745 851.1587
1177.745 851.1587
1177.745 851.1587
1177.745 851.1587
1177.745 851.1587
1177.745 851.1587
1177.745 851.1587
1176.502 849.5922
1175.258 848.0258
1174.015 846.4594
1172.771 844.8929
1171.528 843.3264
1170.284 841.7599
1168.712 839.9534
1167.021 838.8952
1165.081 838.4402
1162.698 838.6633
1159.51 838.8725
1157.516 838.767
1155.255 837.9797
1153.784 837.35
1153.784 837.35
1153.784 837.35
1153.784 837.35
1153.784 837.35
1153.784 837.35
1153.784 837.35
1153.784 837.35
1153.784 837.35
1153.784 837.35
1153.784 837.35
1153.784 837.35
1153.784 837.35
1153.049 837.0352
1151.21 836.248
1149.35 835.5272
1146.974 835.2785
1144.642 834.7576
1142.376 834.0933
1140.488 834.0932
1138.6 834.0932
1136.333 834.0932
1134.823 834.0932
1132.529 834.0829
1130.932 834.1205
1128.55 834.3172
1126.193 834.085
1123.855 834.0849
1123.075 834.0849
1123.075 834.0849
1123.075 834.0849
1123.075 834.0849
1122.655 836.0401
1121.647 838.1967
1120.292 840.1634
1118.81 840.9026
1118.177 840.9026
1118.177 840.9026
1118.177 840.9026
1118.177 840.9026
1118.009 839.3115
1117.901 837.7153
1117.839 834.9162
1117.839 834.9162
1117.839 834.9162
1116.239 834.9319
1114.239 834.9517
1112.239 834.9714
1110.239 834.9911
1108.24 835.0109
1106.24 835.0306
1104.24 835.0503
1102.24 835.07
1100.24 835.0897
1097.84 835.1134
1096.24 835.1292
1093.84 835.1529
1091.84 835.1726
1089.84 835.1923
1087.441 835.216
1085.841 835.2318
1083.441 835.2554
1081.441 835.2751
1079.441 835.2949
1077.441 835.3146
1075.441 835.3344
1073.041 835.358
1071.441 835.3738
1069.041 835.3975
1067.442 835.4132
1065.042 835.4369
1063.442 835.4527
1061.042 835.4764
1059.442 835.4921
1057.042 835.5158
1057.042 835.5158
1057.042 835.5158
1057.042 835.5158
1057.042 835.5158
1057.042 835.5158
1057.042 835.5158
1057.042 835.5158
1057.042 835.5158
1057.042 835.5158
1057.042 835.5158
1057.042 835.5158
1056.242 835.5237
1053.842 835.5474
1052.242 835.5632
1049.842 835.5868
1048.242 835.6026
1045.843 835.6263
1043.843 835.646
1041.843 835.6657
1039.843 835.6854
1037.843 835.7051
1035.443 835.7288
1033.443 835.7485
1031.443 835.7683
1029.043 835.7919
1027.443 835.8077
1025.044 835.8314
1022.644 835.8551
1021.044 835.8708
1018.644 835.8945
1016.244 835.9182
1014.644 835.934
1014.644 835.934
1014.644 835.934
1014.644 835.934
1014.644 835.934
1014.644 835.934
1013.444 835.9458
1011.444 835.9655
1009.444 835.9852
1007.044 836.0089
1005.044 836.0286
1003.045 836.0484
1000.645 836.072
999.0448 836.0878
996.6449 836.1115
994.645 836.1312
992.6451 836.1509
990.2452 836.1746
988.2453 836.1943
986.2454 836.2141
983.8455 836.2377
982.2456 836.2535
979.8457 836.2772
977.4459 836.3008
975.8459 836.3167
973.446 836.3403
971.0461 836.364
969.4462 836.3798
967.0463 836.4034
965.0464 836.4232
963.0466 836.4429
960.6467 836.4666
958.6468 836.4863
956.6469 836.506
954.2469 836.5297
951.8471 836.5533
950.2472 836.5691
947.8473 836.5928
945.8474 836.6125
943.8475 836.6322
941.4476 836.6559
939.8477 836.6717
937.4478 836.6954
935.4479 836.7151
933.448 836.7348
931.0481 836.7585
929.0482 836.7782
927.0483 836.7979
924.6484 836.8216
922.2485 836.8453
920.2487 836.865
918.2487 836.8847
915.8488 836.9084
913.8489 836.9281
911.8491 836.9478
909.4492 836.9715
907.4493 836.9912
905.4493 837.0109
903.0494 837.0346
901.0496 837.0543
899.0497 837.0741
896.6498 837.0977
894.6499 837.1175
892.65 837.1372
890.2501 837.1608
887.8502 837.1845
885.8503 837.2042
883.4504 837.2279
881.4505 837.2476
879.0507 837.2713
877.0507 837.291
875.0508 837.3108
872.6509 837.3344
870.6511 837.3542
868.6511 837.3739
866.2513 837.3976
864.2513 837.4173
862.2515 837.437
859.8516 837.4607
857.8517 837.4804
855.8517 837.5001
853.4519 837.5238
851.052 837.5475
849.0521 837.5672
847.0522 837.5869
844.6523 837.6106
842.2524 837.6343
840.2623 837.7707
838.4105 838.5102
836.4221 840.4518
835.3206 842.5251
833.9233 842.5307
832.1396 842.9231
830.1025 844.192
828.0654 845.4608
826.0282 846.7297
824.3306 847.7871
822.2935 849.056
820.5958 850.1133
818.8982 851.1707
817.2006 852.2281
815.1635 853.497
813.1263 854.7659
811.749 856.2116
810.941 858.0258
810.7274 860.4079
811.0032 863.1932
810.908 865.59
809.9742 868.2227
808.9114 870.3746
807.8486 872.5264
806.9628 874.3196
806.0771 876.1127
805.0143 878.2646
804.3057 879.6992
803.2429 881.851
802.1801 884.0028
801.5789 885.481
801.4642 887.8676
802.2113 890.1302
803.5863 892.0917
805.2849 893.7833
805.4902 895.4224
805.5035 897.2911
805.521 899.4647
805.5388 901.7728
805.3943 904.1615
804.6467 906.4374
804.2709 908.7984
804.4221 911.1909
804.6547 913.5795
804.8873 915.9683
805.0423 917.5607
805.2748 919.9494
805.4686 921.94
805.5371 923.9306
805.5371 925.9212
805.5371 927.9118
805.5371 930.3005
805.3774 931.889
804.5765 934.1463
804.28 936.516
804.2542 938.9158
804.2285 941.3157
804.2112 942.9156
804.1855 945.3155
804.1683 946.9153
804.1426 949.3152
804.1254 950.9152
804.0996 953.315
804.0825 954.9149
804.0567 957.3148
804.0395 958.9147
804.0137 961.3145
803.9966 962.9144
803.9708 965.3143
803.9536 966.9142
803.9279 969.3141
803.9107 970.914
803.8849 973.3138
803.8677 974.9138
803.842 977.3136
803.8248 978.9135
803.799 981.3134
803.7819 982.9133
803.7561 985.3132
803.7346 987.313
803.7131 989.3129
803.696 990.9128
803.6702 993.3127
803.653 994.9126
803.6273 997.3124
803.6101 998.9124
803.5844 1001.312
803.5671 1002.912
803.5414 1005.312
803.5242 1006.912
803.4985 1009.312
803.4813 1010.912
803.4555 1013.312
803.434 1015.311
803.4126 1017.311
803.3911 1019.311
803.3696 1021.311
803.3439 1023.711
803.3267 1025.311
803.3009 1027.711
803.2795 1029.711
803.258 1031.71
803.2322 1034.11
803.215 1035.71
803.1936 1037.71
803.1721 1039.71
803.1464 1042.11
803.1292 1043.71
803.1034 1046.11
803.0862 1047.71
803.0605 1050.109
803.039 1052.109
803.0175 1054.109
802.9918 1056.509
802.9745 1058.109
802.9488 1060.509
802.9316 1062.109
802.9059 1064.509
802.8844 1066.508
802.8629 1068.508
802.8415 1070.508
802.82 1072.508
802.7943 1074.908
802.777 1076.508
802.7513 1078.908
802.7341 1080.508
802.7084 1082.907
802.6869 1084.907
802.6654 1086.907
802.6439 1088.907
802.6224 1090.907
802.601 1092.907
802.5795 1094.907
802.5538 1097.307
802.5366 1098.907
802.5108 1101.307
802.4894 1103.306
802.4679 1105.306
802.4464 1107.306
802.4249 1109.306
802.3992 1111.706
802.382 1113.306
802.3563 1115.706
802.3348 1117.706
802.3133 1119.705
802.2918 1121.705
802.6461 1123.669
803.6431 1125.847
804.1192 1128.19
804.3555 1130.578
804.5917 1132.966
804.7491 1134.559
804.9854 1136.947
805.1823 1138.937
805.4287 1140.919
806.1705 1142.767
807.5057 1144.245
809.5947 1145.411
811.7189 1146.526
813.5804 1148.033
815.1973 1150.315
816.2828 1151.994
817.5854 1154.01
818.8881 1156.026
819.7565 1157.37
821.0591 1159.385
822.1447 1161.065
823.3185 1162.679
824.8633 1163.931
827.1285 1164.689
829.9195 1164.596
831.9151 1164.475
834.2927 1164.764
836.8659 1165.857
839.0107 1166.934
841.1556 1168.011
842.5855 1168.729
844.7303 1169.805
846.5178 1170.703
848.3051 1171.6
850.4717 1172.625
852.4385 1172.92
855.1309 1172.229
857.447 1171.612
859.838 1171.677
862.2036 1172.082
864.5693 1172.487
866.5406 1172.824
868.512 1173.161
870.8777 1173.565
873.2433 1173.97
875.2147 1174.307
877.1861 1174.644
879.5688 1174.705
881.8275 1173.939
884.1712 1173.444
886.5704 1173.505
888.9696 1173.566
891.3688 1173.627
893.7681 1173.688
895.7674 1173.74
897.7668 1173.79
900.166 1173.852
902.5652 1173.913
904.9644 1173.974
906.9637 1174.025
908.9631 1174.076
911.3624 1174.137
913.7615 1174.198
916.1608 1174.259
918.56 1174.32
920.5593 1174.371
922.5587 1174.422
924.9579 1174.484
927.3571 1174.545
929.7563 1174.606
932.1556 1174.667
934.1549 1174.718
934.1549 1174.718
934.1549 1174.718
934.1549 1174.718
934.1549 1174.718
934.1549 1174.718
934.1549 1174.718
934.1549 1174.718
934.1549 1174.718
934.1549 1174.718
934.1549 1174.718
934.1549 1174.718
934.1549 1174.718
934.1549 1174.718
934.1549 1174.718
934.1549 1174.718
934.1549 1174.718
934.1549 1174.718
934.1549 1174.718
934.1549 1174.718
934.1549 1174.718
934.1549 1174.718
934.1549 1174.718
934.1549 1174.718
934.1549 1174.718
934.1549 1174.718
934.1549 1174.718
934.1549 1174.718
934.1549 1174.718
934.1549 1174.718
934.1549 1174.718
934.1549 1174.718
934.1549 1174.718
934.1549 1174.718
934.1549 1174.718
934.1549 1174.718
934.1549 1174.718
934.1549 1174.718
934.1549 1174.718
936.1144 1174.498
938.1169 1173.185
940.0151 1171.14
941.4241 1169.197
943.3401 1167.177
943.3401 1167.177
943.3401 1167.177
943.3401 1167.177
943.3401 1167.177
943.3401 1167.177
943.3401 1167.177
943.8403 1168.697
944.461 1171.014
944.896 1173.368
945.6593 1175.639
946.5741 1178.276
946.2076 1181.014
945.7827 1182.136
947.2767 1182.57
949.8913 1182.57
951.8183 1182.584
954.1866 1182.283
956.3053 1181.189
958.5873 1179.573
961.1146 1178.387
963.4842 1178.017
965.8718 1177.773
968.2593 1177.528
970.639 1177.561
973.0028 1177.893
975.3999 1177.775
978.1965 1177.637
980.1942 1177.539
982.5912 1177.421
984.9883 1177.303
987.3854 1177.185
989.7825 1177.068
992.1796 1176.95
994.5768 1176.832
996.9739 1176.714
998.9714 1176.616
1001.768 1176.478
1003.766 1176.38
1005.763 1176.282
1008.16 1176.164
1010.557 1176.046
1012.955 1175.928
1015.352 1175.81
1017.749 1175.692
1017.749 1175.692
1017.749 1175.692
1017.749 1175.692
1017.749 1175.692
1017.749 1175.692
1019.746 1175.594
1022.143 1175.476
1024.541 1175.358
1026.938 1175.24
1029.335 1175.122
1031.732 1175.005
1034.129 1174.887
1035.328 1174.828
1035.328 1174.828
1035.328 1174.828
1035.328 1174.828
1035.328 1174.828
1035.328 1174.828
1035.328 1174.828
1035.328 1174.828
1037.725 1174.71
1040.122 1174.592
1041.32 1174.533
1041.32 1174.533
1041.32 1174.533
1041.32 1174.533
1041.32 1174.533
1041.32 1174.533
1041.32 1174.533
1041.32 1174.533
1041.32 1174.533
1041.32 1174.533
1041.32 1174.533
1041.32 1174.533
1041.32 1174.533
1041.32 1174.533
1041.32 1174.533
1041.32 1174.533
1041.32 1174.533
1041.32 1174.533
1041.32 1174.533
1041.32 1174.533
1041.32 1174.533
1041.32 1174.533
1041.32 1174.533
1041.32 1174.533
1041.32 1174.533
1041.32 1174.533
1041.32 1174.533
1041.32 1174.533
1041.32 1174.533
1041.32 1174.533
1041.32 1174.533
1041.32 1174.533
1043.717 1174.415
1046.115 1174.297
1049.311 1174.14
1051.708 1174.022
1053.705 1173.924
1056.102 1173.806
1056.102 1173.806
1056.102 1173.806
1056.102 1173.806
1056.102 1173.806
1056.102 1173.806
1056.102 1173.806
1056.102 1173.806
1056.102 1173.806
1056.102 1173.806
1056.102 1173.806
1056.102 1173.806
1056.102 1173.806
1056.102 1173.806
1056.102 1173.806
1056.102 1173.806
1056.102 1173.806
1056.102 1173.806
1054.105 1173.904
1051.708 1174.022
1049.311 1174.14
1046.913 1174.258
1044.516 1174.376
1043.318 1174.435
1043.852 1173.839
1045.384 1171.992
1047.085 1169.288
1047.958 1167.056
1048.447 1164.709
1048.513 1161.914
1048.036 1159.159
1047.206 1156.91
1046.025 1154.823
1044.793 1152.244
1044.793 1150.681
1044.793 1150.501
1044.793 1150.449
1044.793 1150.474
1044.793 1150.474
1044.793 1150.474
1044.793 1150.474
1044.783 1150.074
1044.861 1147.692
1045.851 1145.518
1047.417 1143.721
1050.208 1142.17
1050.869 1141.439
1050.869 1140.96
1050.869 1140.379
1050.884 1138.771
1050.885 1137.173
1050.885 1136.638
1050.885 1135.568
1050.885 1133.963
1050.888 1132.355
1051.975 1130.54
1053.76 1128.935
1054.652 1128.133
1054.652 1128.133
1054.652 1128.133
1054.652 1128.133
1054.652 1128.133
1054.652 1128.133
1054.652 1128.133
1054.652 1128.133
1054.652 1128.133
1054.652 1128.133
1054.652 1128.133
1054.652 1128.133
1054.652 1128.133
1054.652 1128.133
1054.652 1128.133
1054.652 1128.133
1054.652 1128.133
1054.652 1128.133
1054.652 1128.133
1054.652 1128.133
1053.84 1127.25
1052.438 1125.33
1051.525 1123.111
1050.532 1120.928
1048.923 1118.644
1046.455 1117.425
1046.073 1117.308
1046.541 1115.778
1047.243 1113.483
1047.945 1111.188
1048.647 1108.893
1049.349 1106.598
1050.051 1104.303
1050.753 1102.008
1051.455 1099.713
1052.157 1097.417
1052.859 1095.122
1053.561 1092.827
1054.263 1090.532
1054.965 1088.237
1055.667 1085.942
1056.369 1083.647
1057.071 1081.352
1057.773 1079.057
1058.125 1076.697
1057.872 1075.122
1057.882 1072.329
1058.401 1069.577
1058.845 1067.219
1059.29 1064.86
1059.364 1064.467
1059.364 1064.467
1059.364 1064.467
1059.364 1064.467
1058.577 1064.324
1056.305 1063.626
1054.522 1061.542
1053.835 1059.305
1053.835 1059.305
1053.835 1059.305
1053.835 1059.305
1053.829 1058.105
1053.818 1056.105
1053.804 1053.706
1053.793 1051.706
1053.78 1049.306
1053.766 1046.906
1053.753 1044.506
1053.74 1042.106
1053.727 1039.706
1053.718 1038.106
1053.704 1035.706
1053.691 1033.306
1053.678 1030.906
1053.678 1030.906
1053.678 1030.906
1053.678 1030.906
1053.678 1030.906
1053.678 1030.906
1053.678 1030.906
1053.678 1030.906
1053.665 1028.506
1053.651 1026.106
1053.638 1023.706
1053.625 1021.306
1053.616 1019.706
1053.616 1019.706
1053.616 1019.706
1053.616 1019.706
1053.616 1019.706
1053.616 1019.706
1053.616 1019.706
1053.616 1019.706
1053.616 1019.706
1053.616 1019.706
1053.616 1019.706
1053.616 1019.706
1053.616 1019.706
1053.616 1019.706
1053.603 1017.306
1053.589 1014.906
1053.578 1012.906
1053.567 1010.906
1053.554 1008.506
1053.549 1007.706
1053.549 1007.706
1053.549 1007.706
1053.549 1007.706
1053.549 1007.706
1053.549 1007.706
1053.549 1007.706
1053.536 1005.306
1052.856 1003.032
1051.756 1001.365
1049.488 999.7416
1047.278 998.8132
1044.943 998.2662
1042.551 998.1163
1040.167 998.3674
1037.476 999.1317
1035.261 1000.054
1033.81 1000.728
1033.81 1000.728
1033.81 1000.728
1033.81 1000.728
1033.81 1000.728
1033.057 1000.458
1031.174 999.7823
1029.292 999.1071
1027.033 998.2967
1024.774 997.4863
1023.268 996.9461
1021.009 996.1357
1018.75 995.3254
1017.643 996.4587
1015.664 997.8153
1013.852 999.3741
1012.657 1001.448
1012.277 1003.786
1012.57 1005.765
1012.57 1005.765
1012.57 1005.765
1012.57 1005.765
1012.57 1005.765
1012.57 1005.765
1012.452 1004.974
1012.217 1002.988
1012.109 1000.991
1012.08 999.7913
1012.08 999.7913
1012.08 999.7913
1012.08 999.7913
1012.08 999.7913
1012.08 999.7913
1012.08 999.7913
1009.681 999.8364
1007.281 999.8817
1006.881 999.8892
1006.881 999.8892
1006.881 999.8892
1006.881 999.8892
1006.881 999.8892
1006.881 999.8892
1006.881 999.8892
1006.881 999.8892
1006.881 999.8892
1006.881 999.8892
1006.881 999.8892
1006.881 999.8892
1006.881 999.8892
1006.881 999.8892
1006.881 999.8892
1006.881 999.8892
1006.881 999.8892
1006.881 999.8892
1006.881 999.8892
1006.881 999.8892
1008.481 999.859
1010.481 999.8214
1012.48 999.7837
1012.88 999.7762
1012.88 999.7762
1012.88 999.7762
1012.88 999.7762
1012.88 999.7762
1012.88 999.7762
1012.88 999.7762
1012.88 999.7762
1012.88 999.7762
1012.88 999.7762
1012.88 999.7762
1012.88 999.7762
1012.88 999.7762
1012.88 999.7762
1012.88 999.7762
1012.88 999.7762
1012.88 999.7762
1012.88 999.7762
1012.88 999.7762
1012.48 999.7837
1010.081 999.8289
1008.501 1000.023
1006.358 1001.087
1004.748 1002.858
1003.673 1005.001
1002.787 1005.284
1002.006 1005.284
1000.68 1005.311
1000.355 1005.311
1000.355 1005.311
1000.355 1005.311
1000.355 1005.311
1000.355 1005.311
1000.355 1005.311
1000.355 1005.311
1000.355 1005.311
1000.355 1005.311
1000.355 1005.311
999.2185 1003.665
997.5681 1002.545
995.46 1001.412
993.2208 1000.549
990.9325 1000.043
990.1602 1000.252
990.1602 1000.252
990.1602 1000.252
990.1602 1000.252
990.1602 1000.252
990.1602 1000.252
990.1602 1000.252
988.7837 999.4365
987.1055 998.3492
984.9476 996.5696
983.3841 994.7524
981.7443 993.0055
979.8693 992.0427
977.676 992.028
975.4119 992.028
973.1478 992.028
973.1169 992.028
973.1169 992.028
973.1169 992.028
973.1169 992.028
973.1169 992.028
973.1169 992.028
973.1169 992.028
973.1074 992.0585
973.034 992.5165
971.5533 994.3434
969.6227 995.7674
967.4727 996.8211
965.1102 997.226
962.9734 997.8629
960.6646 998.0071
959.2181 998.0071
957.0369 998.0071
955.5843 997.7289
954.4667 996.3319
953.9478 993.5849
953.7809 991.3688
953.031 989.4406
952.5713 987.0941
951.4628 984.9724
950.2519 982.9003
949.041 980.8281
948.0319 979.1014
947.0228 977.3746
945.812 975.3024
944.8029 973.5757
944.2227 971.2594
944.1274 969.2692
943.6061 966.9368
942.6861 964.7201
941.7661 962.5034
940.9993 960.6563
940.2327 958.809
939.6654 956.4988
939.9685 954.1361
940.9092 952.3782
942.1187 949.8552
942.5931 947.51
942.5694 945.1102
942.5457 942.7103
942.5259 940.7104
942.5062 938.7104
942.4824 936.3106
942.4626 934.3107
942.4429 932.3108
942.4192 929.9109
942.3994 927.911
942.3797 925.9111
942.356 923.5112
942.3401 921.9113
942.3165 919.5114
942.2967 917.5115
942.2769 915.5116
942.2532 913.1117
942.2335 911.1118
942.2137 909.1119
942.19 906.712
942.1702 904.7121
942.1505 902.7122
942.1268 900.3123
942.107 898.3124
942.0872 896.3125
942.0674 894.3126
942.0477 892.3127
942.024 889.9128
942.0082 888.3129
941.9845 885.913
941.9647 883.9131
941.9449 881.9132
941.9213 879.5134
941.9055 877.9135
941.8817 875.5135
941.8619 873.5137
941.8422 871.5137
941.8185 869.1138
941.8027 867.5139
941.779 865.1141
941.8765 863.1216
942.5331 861.2379
944.0994 859.4399
946.059 858.0556
947.7715 856.381
949.0661 853.9124
950.0038 851.7031
950.7852 849.8621
951.7229 847.6529
952.5043 845.8118
953.2858 843.9708
954.5021 841.9194
956.0675 840.683
958.3334 839.9211
960.7261 839.7724
963.11 840.0248
965.7913 840.5717
967.9302 840.5717
970.0704 840.5717
972.342 840.5803
974.7411 840.5615
977.1387 840.4536
979.5363 840.3456
981.5342 840.2557
983.5322 840.1658
985.9298 840.0579
987.9278 839.968
989.9258 839.8781
992.3233 839.7701
993.9217 839.6982
996.3193 839.5903
998.7169 839.4824
1000.315 839.4105
1002.713 839.3026
1004.711 839.2126
1006.709 839.1227
1009.106 839.0148
1010.705 838.9429
1013.102 838.835
1015.5 838.7271
1017.098 838.6551
1019.496 838.5472
1021.494 838.4573
1023.492 838.3674
1025.889 838.2595
1027.887 838.1695
1029.885 838.0796
1031.883 837.9897
1034.281 837.8818
1036.279 837.7919
1038.277 837.7019
1040.275 837.612
1042.672 837.5041
1044.271 837.4321
1046.668 837.3242
1048.666 837.2343
1050.664 837.1444
1053.062 837.0365
1054.66 836.9645
1057.058 836.8566
1059.041 836.643
1060.865 835.8461
1063.063 834.9317
1065.423 834.5054
1067.795 834.1422
1069.772 833.8395
1071.758 833.6431
1073.729 833.9202
1075.438 834.9424
1077.583 836.0012
1079.929 836.4583
1082.32 836.6574
1084.712 836.8565
1086.705 837.0224
1088.685 836.7534
1090.8 835.6592
1092.873 834.4637
1095.156 833.7662
1097.532 833.4268
1099.908 833.0873
1101.896 832.9018
1103.841 833.3269
1105.926 834.5031
1108.152 835.3712
1110.533 835.6245
1112.926 835.8046
1114.92 835.9548
1116.915 836.1049
1118.909 836.255
1120.904 836.4051
1123.297 836.5853
1124.892 836.7053
1127.286 836.8855
1129.28 837.0356
1131.274 837.1857
1133.269 837.3358
1135.263 837.486
1137.656 837.6661
1139.239 837.4634
1141.415 836.4683
1143.732 835.9285
1146.128 835.7933
1148.524 835.6582
1150.521 835.5456
1152.518 835.433
1154.515 835.3204
1156.511 835.2078
1158.886 835.4256
1160.339 836.0852
1162.568 837.7745
1164.763 838.7276
1167.123 839.1625
1169.483 839.5975
1171.45 839.96
1173.81 840.3949
1175.384 840.6848
1177.659 841.4109
1179.264 842.5908
1180.666 844.9977
1181.289 847.3126
1181.517 849.699
1181.835 852.0744
1182.492 854.3758
1183.802 856.3846
1185.197 858.3372
1186.714 860.1224
1187.179 860.7733
1187.179 860.7733
1187.179 860.7733
1187.179 860.7733
1187.179 860.7733
1187.179 860.7733
1187.645 861.4241
1188.807 863.0514
1189.97 864.6786
1191.133 866.3058
1192.528 868.2584
1193.691 869.8857
1194.854 871.5129
1196.017 873.1401
1196.995 874.8729
1197.463 877.2121
1197.276 879.602
1197.546 881.9733
1198.384 884.2185
1199.276 886.4462
1200.169 888.674
1200.913 890.5305
1201.657 892.387
1202.442 894.6494
1202.442 896.6439
1201.598 898.8748
1199.834 901.0416
1198.542 902.5661
1197.189 905.0146
1196.719 907.3679
1196.303 909.7315
1195.887 912.0952
1195.54 914.0648
1196.423 915.8565
1197.822 917.805
1198.589 920.4921
1198.606 923.2921
1198.619 925.692
1198.632 928.092
1198.643 930.0919
1198.654 932.0919
1198.667 934.4919
1198.68 936.8918
1198.693 939.2918
1198.707 941.6918
1198.715 943.2917
1198.728 945.6917
1198.741 948.0917
1198.755 950.4916
1198.768 952.8916
1198.781 955.2916
1198.794 957.6915
1198.807 960.0915
1198.82 962.4915
1198.833 964.8914
1198.846 967.2914
1198.859 969.6913
1198.872 972.0913
1198.885 974.4913
1198.898 976.8912
1199.142 979.2675
1200.004 981.5015
1200.298 983.8774
1200.495 986.2693
1200.726 989.0598
1200.923 991.4517
1201.153 994.2422
1201.351 996.634
1201.548 999.0259
1201.746 1001.418
1201.943 1003.81
1202.141 1006.202
1202.338 1008.593
1202.536 1010.985
1202.733 1013.377
1202.93 1015.769
1203.128 1018.161
1203.325 1020.553
1203.49 1022.546
1203.687 1024.938
1203.852 1026.931
1204.049 1029.323
1204.247 1031.715
1204.444 1034.107
1204.477 1034.505
1204.477 1034.505
1204.477 1034.505
1204.477 1034.505
1204.477 1034.505
1204.477 1034.505
1204.477 1034.505
1204.477 1034.505
1204.477 1034.505
1204.477 1034.505
1204.477 1034.505
1204.477 1034.505
1204.538 1036.897
1204.538 1039.289
1204.538 1041.681
1204.538 1042.478
1204.538 1042.478
1204.538 1042.478
1204.538 1042.478
1204.538 1042.478
1204.538 1042.478
1204.538 1042.478
1204.538 1042.478
1204.538 1042.478
1204.538 1042.478
1204.538 1043.275
1204.538 1045.667
1204.538 1048.059
1204.538 1050.451
1204.538 1050.451
1204.538 1050.451
1204.538 1050.451
1204.538 1050.451
1204.538 1050.451
1204.538 1050.451
1204.538 1050.451
1204.538 1050.451
1204.538 1050.451
1204.538 1050.451
1204.538 1050.451
1204.538 1050.451
1204.538 1050.451
1204.538 1050.451
1204.538 1050.451
1204.538 1050.451
1204.538 1050.451
1204.538 1050.451
1204.538 1050.451
1204.538 1050.451
1204.538 1050.451
1204.538 1050.451
1204.538 1050.451
1204.538 1050.451
1204.538 1052.843
1204.538 1055.235
1204.538 1057.627
1204.538 1060.018
1204.538 1062.012
1204.538 1064.404
1204.538 1066.397
1204.538 1068.39
1204.538 1068.39
1204.538 1068.39
1204.538 1068.39
1204.538 1068.39
1204.538 1068.39
1204.538 1068.39
1204.538 1068.39
1204.538 1068.39
1204.538 1069.586
1204.538 1071.579
1204.538 1073.572
1204.538 1076.363
1204.538 1078.356
1204.538 1080.748
1204.232 1083.116
1203.39 1085.359
1203.171 1087.747
1203.109 1090.146
1203.046 1092.545
1202.984 1094.944
1202.921 1097.343
1202.859 1099.743
1202.807 1101.742
1202.744 1104.141
1202.682 1106.54
1202.619 1108.94
1202.567 1110.939
1202.505 1113.338
1202.442 1115.737
1202.38 1118.136
1202.318 1120.536
1202.255 1122.935
1202.193 1125.334
1202.13 1127.733
1202.068 1130.132
1202.005 1132.531
1201.402 1134.838
1200.005 1136.769
1198.586 1138.697
1197.534 1141.7
1196.93 1144.022
1196.325 1146.345
1195.721 1148.668
1195.016 1151.377
1194.512 1153.313
1193.807 1156.023
1192.543 1158.048
1190.594 1159.43
1187.891 1160.143
1185.1 1160.318
1182.319 1160.615
1180.075 1161.457
1178.057 1162.752
1175.397 1164.53
1173.402 1165.864
1171.406 1167.198
1169.411 1168.532
1167.416 1169.866
1165.421 1171.2
1163.426 1172.534
1161.431 1173.868
1159.436 1175.203
1156.748 1175.959
1154.002 1175.495
1151.614 1175.339
1148.487 1175.932
1146.189 1176.623
1143.891 1177.315
1141.593 1178.006
1139.294 1178.698
1137.379 1179.274
1137.379 1179.274
1137.379 1179.274
1137.379 1179.274
1137.379 1179.274
1137.266 1178.891
1135.904 1176.999
1134.147 1175.365
1132.887 1172.562
1132.851 1171.763
1132.851 1171.763
1130.453 1171.866
1128.055 1171.969
1125.657 1172.072
1123.259 1172.175
1120.862 1172.278
1118.464 1172.381
1115.666 1172.501
1112.869 1172.621
1112.869 1172.621
1112.869 1172.621
1112.869 1172.621
1112.869 1172.621
1112.869 1172.621
1112.869 1172.621
1112.869 1172.621
1112.869 1172.621
1112.869 1172.621
1110.471 1172.724
1108.073 1172.828
1105.676 1172.93
1103.278 1173.033
1100.88 1173.136
1098.179 1173.789
1096.278 1175.232
1093.795 1176.465
1091.486 1177.107
1088.372 1177.844
1086.037 1178.397
1083.702 1178.95
1080.977 1179.595
1078.252 1180.241
1075.896 1180.628
1073.552 1180.249
1071.503 1179.015
1068.565 1177.79
1066.2 1177.461
1063.007 1177.251
1060.612 1177.092
1058.616 1176.961
1058.616 1176.961
1058.616 1176.961
1055.823 1176.776
1053.428 1176.618
1051.033 1176.46
1048.638 1176.301
1046.249 1176.238
1043.949 1176.89
1041.179 1177.217
1038.38 1177.26
1035.98 1177.297
1033.58 1177.334
1030.78 1177.377
1028.381 1177.414
1025.581 1177.457
1023.181 1177.494
1020.782 1177.531
1018.382 1177.567
1015.982 1177.604
1013.582 1177.641
1011.183 1177.678
1008.783 1177.715
1006.383 1177.752
1003.984 1177.788
1001.584 1177.825
999.1841 1177.862
996.7844 1177.899
994.7847 1177.93
992.3849 1177.967
989.9852 1178.003
987.9855 1178.034
985.5858 1178.071
983.186 1178.108
980.7863 1178.145
978.3866 1178.182
975.9869 1178.218
973.5872 1178.255
971.5874 1178.286
968.7877 1178.329
967.1879 1178.353
964.7882 1178.39
962.3885 1178.427
959.9888 1178.464
957.5891 1178.501
955.1893 1178.538
953.1896 1178.568
951.1898 1178.599
948.7901 1178.636
946.3904 1178.673
943.9907 1178.71
941.9909 1178.74
939.9911 1178.771
937.5914 1178.808
935.1917 1178.845
932.7919 1178.882
930.3923 1178.918
927.9926 1178.955
925.9927 1178.986
923.993 1179.017
921.5933 1179.053
919.1935 1179.09
916.7938 1179.127
914.3941 1179.164
911.9944 1179.201
910.3946 1179.225
907.9949 1179.262
905.5952 1179.299
903.1954 1179.336
901.1957 1179.367
899.1959 1179.397
896.7962 1179.434
894.3965 1179.471
891.9968 1179.508
889.597 1179.545
887.9973 1179.569
885.5975 1179.606
883.1978 1179.643
880.7981 1179.68
878.7983 1179.711
876.3986 1179.747
874.3989 1179.778
872.3991 1179.809
870.3993 1179.839
867.9996 1179.876
867.2848 1179.853
867.278 1179.756
867.2403 1179.491
867.0988 1179.018
866.3526 1178.012
864.6704 1177.479
862.6707 1177.481
861.8708 1177.481
861.8708 1177.481
861.8708 1177.481
861.8708 1177.481
861.8708 1177.481
861.8708 1177.481
861.8708 1177.481
861.8708 1177.481
860.2709 1177.481
858.2712 1177.481
855.8787 1177.373
853.9891 1176.751
852.1119 1175.274
849.7726 1173.755
847.4885 1173.036
845.155 1172.476
842.8214 1171.915
841.2657 1171.541
838.9322 1170.98
836.9875 1170.513
835.0429 1170.045
832.7094 1169.485
830.7874 1168.94
829.1343 1167.833
827.7279 1165.909
826.9951 1163.63
826.6976 1161.251
826.4495 1159.208
825.2923 1158.042
823.9268 1156.641
822.3344 1155.04
820.7137 1153.419
819.0931 1151.798
817.4728 1150.178
816.1224 1148.828
814.7719 1147.477
813.1512 1145.856
812.0708 1144.776
810.4502 1143.156
809.0997 1141.805
808.0262 1140.168
806.9092 1138.043
806.1646 1136.627
805.3379 1134.389
805.2857 1132.394
806.065 1130.135
805.6979 1128.766
805.5238 1126.488
805.2089 1124.109
804.8939 1121.729
804.6315 1119.747
804.3165 1117.367
804.1066 1115.781
803.7917 1113.402
803.5292 1111.419
803.2668 1109.437
803.0043 1107.454
802.7419 1105.471
802.427 1103.092
802.217 1101.506
801.9021 1099.126
801.6396 1097.144
801.3772 1095.161
801.1147 1093.178
800.8523 1091.196
800.5374 1088.816
800.3275 1087.23
800.0125 1084.851
799.8026 1083.265
799.4876 1080.886
799.2776 1079.299
798.9627 1076.92
798.7003 1074.938
798.4379 1072.955
798.1754 1070.972
797.913 1068.989
797.9797 1067.001
798.6548 1065.123
800.099 1063.207
801.1666 1061.06
801.5671 1058.694
801.9005 1056.318
802.2338 1053.941
802.5115 1051.96
802.7892 1049.98
803.067 1047.999
803.3447 1046.018
803.678 1043.642
803.9003 1042.057
804.2335 1039.68
804.4557 1038.096
804.7891 1035.719
805.0668 1033.739
805.3445 1031.758
805.5338 1029.777
805.5338 1027.797
805.5338 1025.816
805.5338 1023.835
805.5338 1021.855
805.5338 1019.874
805.5338 1017.497
805.5338 1015.913
805.5338 1013.536
805.5338 1011.952
805.5338 1009.575
805.5338 1007.594
805.5382 1005.61
805.2399 1003.642
804.573 1001.344
804.53 998.9495
804.5886 996.9503
804.6589 994.5513
804.7176 992.5522
804.7762 990.553
804.8348 988.5539
804.8934 986.5547
804.952 984.5556
805.0106 982.5565
805.0575 980.9572
805.1278 978.5582
805.1747 976.9589
805.2451 974.5599
805.3036 972.5608
805.3622 970.5616
805.4208 968.5625
805.4794 966.5634
805.5381 964.5642
805.5425 962.5651
805.5425 960.5659
805.5425 958.5668
805.5425 956.5676
805.5425 954.5685
805.5425 952.5694
805.5425 950.5703
805.5425 948.5711
805.5425 946.572
805.5425 944.5728
805.5425 942.5737
805.5425 940.1747
805.5425 938.5754
805.5425 936.1764
805.5425 934.5771
805.5425 932.1781
805.5425 930.5788
805.5425 928.1799
805.5425 926.5805
805.5425 924.1816
805.5425 922.5823
805.5425 920.1833
805.5191 920.5831
805.4605 922.5823
805.4019 924.5814
805.3433 926.5805
805.2729 928.9795
805.2261 930.5788
805.1558 932.9778
805.1088 934.5771
805.0385 936.9761
804.9916 938.5754
804.9213 940.9744
804.8745 942.5737
804.8041 944.9727
804.7455 946.9718
804.6869 948.9709
804.64 950.5703
804.5696 952.9692
804.5228 954.5685
804.4525 956.9675
804.4056 958.5668
804.3352 960.9658
804.2883 962.5651
804.218 964.9641
804.1711 966.5634
804.1008 968.9623
804.0539 970.5616
803.9836 972.9606
803.9367 974.5599
803.8664 976.9589
803.8195 978.5582
803.7491 980.9572
803.6906 982.9563
803.632 984.9554
803.5851 986.5547
803.5147 988.9537
803.4678 990.553
803.3975 992.952
803.2556 994.5428
802.4874 996.8089
802.056 999.1519
802.206 1001.545
802.4055 1003.936
802.5385 1005.531
802.738 1007.922
802.871 1009.517
803.0706 1011.909
803.2369 1013.902
803.4031 1015.895
803.5694 1017.888
803.7357 1019.881
803.9019 1021.874
804.0682 1023.867
804.2345 1025.86
804.4008 1027.853
804.567 1029.846
804.7333 1031.839
804.9328 1034.231
805.0659 1035.826
805.2654 1038.217
805.3984 1039.812
805.5382 1042.203
805.5382 1044.196
805.5382 1046.19
805.5382 1048.183
805.5382 1050.176
805.5382 1052.567
805.5382 1054.162
805.5382 1056.553
805.5382 1058.148
805.5382 1060.54
805.5382 1062.533
805.5383 1064.526
805.5383 1066.519
805.5383 1068.512
805.5383 1070.904
805.5383 1072.498
805.5383 1074.89
805.5383 1076.883
805.5383 1078.876
805.5383 1080.869
805.5383 1082.862
805.5383 1084.855
805.5383 1086.848
805.5383 1089.24
805.5383 1090.834
805.5383 1093.226
805.5383 1095.219
805.5383 1097.212
805.5383 1099.205
805.5383 1101.198
805.5383 1103.59
805.5383 1105.583
805.5383 1107.576
805.5383 1109.968
805.5383 1111.562
805.5383 1113.954
805.5383 1116.346
805.5383 1117.94
805.5383 1119.933
805.5383 1121.926
805.5383 1124.318
805.5383 1125.913
805.555 1128.193
806.6826 1130.278
808.0341 1132.26
808.7948 1134.526
808.6072 1136.9
807.7905 1139.151
806.8372 1141.354
805.8839 1143.556
805.2484 1145.025
804.054 1147.094
802.9398 1148.241
801.035 1149.7
799.1595 1151.193
797.8035 1152.734
798.2634 1153.199
798.8154 1153.757
799.7068 1154.658
800.9717 1155.95
802.5479 1157.563
804.2484 1159.256
805.9949 1160.902
807.7415 1162.548
809.197 1163.92
810.6525 1165.291
812.1079 1166.663
813.3221 1168.249
814.8476 1169.859
816.3472 1171.358
817.9425 1172.971
819.7547 1174.525
821.9806 1175.391
824.2993 1176.011
826.6179 1176.63
828.5502 1177.146
830.4824 1177.663
832.801 1178.282
834.3468 1178.695
836.6655 1179.315
838.5977 1179.831
840.5299 1180.347
842.7604 1181.209
844.3868 1182.364
846.3655 1182.545
846.4897 1182.552
846.4897 1182.552
846.4897 1182.304
846.4897 1181.876
846.4897 1181.448
846.4897 1181.091
846.4897 1180.734
846.4897 1180.305
846.4897 1180.02
846.5455 1179.416
846.992 1178.46
848.4498 1177.538
850.8113 1177.109
852.7792 1176.753
854.7471 1176.396
857.1085 1175.967
859.0764 1175.61
861.0443 1175.253
863.4058 1174.825
865.3737 1174.468
867.3416 1174.111
869.703 1173.683
871.6709 1173.326
874.0323 1172.897
876.0002 1172.54
878.3617 1172.112
880.3296 1171.755
882.2975 1171.398
884.6589 1170.97
887.0204 1170.541
889.3818 1170.113
890.9562 1169.827
893.3176 1169.399
895.6791 1168.971
898.0405 1168.542
900.402 1168.114
902.3699 1167.757
904.7313 1167.328
906.6992 1166.972
909.0607 1166.543
911.4222 1166.115
913.7836 1165.687
916.1451 1165.258
918.113 1164.901
920.4744 1164.473
922.4423 1164.116
924.8038 1163.816
927.1652 1163.816
929.5267 1163.816
931.8909 1163.787
934.2524 1163.359
936.2223 1163.055
938.1901 1162.698
938.1901 1162.698
938.1901 1162.698
938.1901 1162.698
938.1901 1162.698
938.1901 1162.698
938.1901 1162.698
938.1901 1162.698
938.1901 1162.698
938.1901 1162.698
938.5837 1162.627
940.9452 1162.199
943.3066 1161.77
945.6681 1161.342
948.0296 1160.913
949.9974 1160.557
952.2045 1159.628
953.8384 1158.475
954.2671 1157.55
954.2671 1157.571
954.2671 1157.889
954.2697 1158.759
954.2752 1160.005
954.2752 1161.034
954.2752 1161.688
954.2752 1161.953
954.2752 1161.672
954.2752 1160.845
954.2916 1159.376
954.3093 1157.281
954.3152 1154.259
954.3152 1151.992
954.3152 1150.103
954.3152 1148.214
954.3152 1145.947
954.3152 1143.705
954.3152 1141.735
954.3152 1140.084
954.3152 1138.491
954.3152 1136.306
954.3206 1133.743
954.2384 1131.367
953.4952 1129.097
952.4077 1126.958
951.139 1124.462
950.0515 1122.322
949.1453 1120.539
947.8765 1118.043
946.9703 1116.26
945.8829 1114.121
944.7953 1112.086
943.7079 1112.086
942.6204 1112.086
941.3111 1111.851
939.8934 1110.558
938.0235 1109.054
937.5855 1107.208
937.5855 1105.359
937.5524 1103.102
937.5764 1100.708
937.6342 1097.908
937.6837 1095.509
937.725 1093.509
937.7745 1091.11
937.8159 1089.11
937.8571 1087.111
937.9067 1084.711
937.9562 1082.312
937.9975 1080.312
938.0388 1078.313
938.0883 1075.913
938.1379 1073.514
938.1709 1071.914
938.2205 1069.515
938.27 1067.115
938.303 1065.515
938.3525 1063.116
938.4021 1060.716
938.4351 1059.117
938.4847 1056.717
938.5342 1054.318
938.5672 1052.718
938.4149 1050.333
937.6272 1048.071
937.5668 1045.866
937.674 1043.484
938.2274 1041.152
938.8661 1038.838
939.5048 1036.525
939.7178 1035.754
939.7178 1035.754
939.7178 1035.754
939.7178 1035.754
939.9307 1034.983
940.463 1033.055
940.9952 1031.127
941.634 1028.813
942.2727 1026.5
942.6985 1024.958
943.3373 1022.644
943.8696 1020.716
944.4019 1018.789
945.0406 1016.475
945.5729 1014.547
946.1051 1012.619
946.7439 1010.306
946.7742 1008.378
947.0854 1006.448
947.7241 1004.135
948.15 1002.593
948.7887 1000.279
949.321 998.3513
949.8533 996.4234
950.492 994.11
951.0243 992.1821
951.5566 990.2543
952.1953 987.9408
952.6212 986.3985
953.0215 984.0851
953.5271 982.1526
954.0594 980.2248
954.3201 977.9114
954.3201 977.2053
954.3201 978.3563
954.3201 979.8871
954.3201 981.6331
954.3201 982.038
954.3201 982.038
954.3201 982.038
954.3201 982.038
954.3201 982.038
954.3201 982.038
954.3201 982.038
954.3201 982.038
954.3201 982.038
954.3201 982.038
954.3201 982.038
954.3201 982.038
953.2353 983.1332
951.6785 984.9583
949.8931 986.5584
948.2277 988.2686
946.8176 990.2037
945.4493 992.1748
944.2722 994.1796
944.5919 996.5468
945.8236 998.5908
947.6906 1000.077
949.8843 1001.043
952.2086 1001.63
954.9705 1001.269
956.9223 999.9079
958.1548 998.071
959.1755 998.071
959.8235 998.071
959.8235 998.071
961.6527 998.8798
963.4819 999.6885
965.6769 1000.659
967.1403 1001.306
969.3353 1002.277
971.5303 1003.247
973.0309 1003.791
975.4127 1003.723
977.632 1002.855
979.5941 1001.478
981.5405 1000.074
983.6286 998.9111
985.6006 998.6383
985.6006 998.6383
985.6006 998.6383
985.668 999.4354
985.7943 1001.832
985.7715 1004.231
985.7466 1005.031
985.7466 1005.031
985.7466 1005.031
987.3458 1005.084
989.3447 1005.15
991.7433 1005.229
993.3425 1005.282
996.5408 1005.355
997.3403 1005.355
997.3403 1005.355
997.3809 1003.355
997.3121 1000.957
997.2441 999.7586
997.2441 999.7586
997.2441 999.7586
997.2441 999.7586
997.2441 999.7586
998.8413 999.6644
1000.838 999.5468
1001.237 999.5233
1001.237 999.5233
1001.237 999.5233
1001.237 999.5233
1001.237 999.5233
1001.237 999.5233
1001.237 999.5233
1001.237 999.5233
1001.237 999.5233
1001.237 999.5233
1001.237 999.5233
1001.237 999.5233
1001.237 999.5233
1001.237 999.5233
1001.237 999.5233
1001.237 999.5233
1001.237 999.5233
1001.237 999.5233
