1000 1000
1000 1000
1000 1000
1000 1000
1000 1000
1000 1000
1000 1000
1000 1000
1000 1000
1000 1000
1000 1000
1000 1000
1000 1000
1000 1000
1000 1000
1000 1000
1000 1000
1000 1000
1000 1000
1000 1000
1000 1000
1000 1000
1000 1000
1000 1000
1000 1000
1000 1000
1000 1000
1000 1000
1000 1000
1000 1000
1000 1000
1000 1000
1000 1000
1000 1000
1000 1000
1000 1000
1000 1000
1000 1000
1000 1000
1000 1000
1000 1000
1000 1000
1000 1000
1000 1000
1000 1000
1000 1000
1000 1000
1000 1000
1000 1000
1000 1000
1000 1000
1000 1000
1000 1000
1000 1000
1000 1000
1000 1000
1000 1000
1000 1000
1000 1000
1000 1000
1000 1000
1000 1000
1000 1000
1000 1000
1000 1000
1000 1000
1000 1000
1000 1000
1000 1000
1000 1000
1000 1000
1000 1000
1000 1000
1000 1000
1000 1000
1000 1000
1000 1000
1000 1000
1000 1000
1000 1000
1000 1000
1000 1000
1000 1000
1000 1000
1000 1000
1000 1000
1000 1000
1000 1000
1000 1000
1000 1000
1000 1000
1000 1000
1000 1000
1000 1000
1000 1000
1000 1000
1000 1000
1000 1000
1000 1000
1000 1000
1000 1000
1000 1000
1000 1000
1000 1000
1000 1000
1000 1000
1000 1000
1002.4 1000
1004.4 1000
1006 1000
1006 1000
1006 1000
1006 1000
1006 1000
1006 1000
1006 1000
1006 1000
1006 1000
1006 1000
1006 1000
1006 1000
1006 1000
1006 1000
1007.2 1000
1009.2 1000
1010.8 1000
1010.8 1000
1010.8 1000
1010.8 1000
1010.8 1000
1010.8 1000
1010.8 1000
1010.8 1000
1012.4 1000
1014 1000
1016.4 1000
1018.4 1000
1019.2 1000
1021.2 1000
1022.8 1000
1025.2 1000
1025.2 1000
1025.2 1000
1025.2 1000
1025.2 1000
1025.2 1000
1025.2 1000
1025.2 1000
1025.2 1000
1025.2 1000
1025.2 1000
1025.2 1000
1025.2 1000
1025.2 1000
1025.2 1000
1025.2 1000
1025.2 1000
1025.2 1000
1025.2 1000
1025.2 1000
1025.2 1000
1025.2 1000
1025.2 1000
1025.2 1000
1025.2 1000
1025.2 1000
1025.2 1000
1025.2 1000
1025.2 1000
1025.2 1000
1025.2 1000
1025.2 1000
1025.2 1000
1025.2 1000
1025.2 1000
1025.2 1000
1025.2 1000
1025.2 1000
1025.2 1000
1025.2 1000
1026 1000
1027.6 1000
1030 1000
1031.6 1000
1031.6 1000
1033.2 1000
1035.6 1000
1037.6 1000
1039.2 1000
1039.2 1000
1039.2 1000
1039.2 1000
1039.2 1000
1039.2 1000
1039.2 1000
1039.2 1000
1039.2 1000
1039.2 1000
1039.2 1000
1039.2 1000
1039.2 1000
1039.2 1000
1039.2 1000
1039.2 1000
1039.2 1000
1039.2 1000
1039.2 1000
1039.2 1000
1039.2 1000
1039.2 1000
1039.2 1000
1039.2 1000
1039.2 1000
1039.2 1000
1039.2 1000
1039.2 1000
1039.2 1000
1039.2 1000
1039.2 1000
1039.2 1000
1039.2 1000
1039.2 1000
1039.2 1000
1039.2 1000
1039.2 1000
1039.2 1000
1039.2 1000
1039.149 998.08
1038.929 998.0794
1038.598 998.0792
1038.598 998.0792
1038.598 998.0792
1038.598 998.0792
1038.598 998.0792
1038.598 998.0792
1038.476 998.079
1038.117 998.0784
1037.391 998.0765
1037.15 998.0762
1037.15 998.0762
1037.15 998.0762
1037.15 998.0762
1037.15 998.0762
1037.15 998.0762
1037.15 998.0762
1037.15 998.0762
1037.15 998.0762
1037.15 998.0762
1037.15 998.0762
1037.15 998.0762
1037.15 998.0762
1037.15 998.0762
1037.15 998.0762
1038.673 998.0244
1040.578 998.0244
1042.483 998.0244
1043.251 997.8173
1043.251 997.8173
1043.251 997.8173
1043.251 997.8173
1043.251 997.8173
1043.251 997.8173
1043.251 997.8173
1043.251 997.8173
1043.251 997.8173
1043.251 997.8173
1043.251 997.8173
1043.251 997.8173
1043.466 997.7137
1043.833 997.4746
1044.3 997.0023
1044.788 995.8363
1044.788 995.8363
1044.789 993.5696
1044.789 992.3223
1044.789 992.0815
1044.789 992.0815
1044.789 992.0815
1044.789 992.0815
1044.789 992.0815
1044.789 992.0814
1044.789 992.0814
1044.789 992.0814
1044.789 992.0814
1044.789 992.0814
1044.789 992.0814
1044.789 992.0814
1044.789 992.0814
1044.789 992.0814
1044.789 992.0814
1044.789 992.0814
1044.789 992.0814
1044.789 992.0814
1044.789 992.0814
1044.789 992.0814
1044.789 992.0814
1044.789 992.0814
1044.789 992.0814
1044.789 992.0814
1044.789 992.0814
1044.789 992.0814
1044.789 992.0814
1044.789 992.0814
1044.789 992.0814
1044.789 992.0814
1044.789 992.0814
1044.789 992.0814
1044.789 992.0814
1044.789 992.0814
1044.789 992.0814
1044.789 992.0814
1044.789 992.0814
1044.789 992.0814
1044.789 992.0814
1044.789 992.0814
1044.789 992.0814
1044.789 992.0814
1044.789 992.0814
1044.789 992.0814
1044.976 992.0722
1046.186 991.9896
1047.54 991.058
1048.676 988.9447
1048.676 988.9447
1048.676 988.9447
1048.676 988.9447
1048.676 988.9447
1048.676 988.9447
1048.676 988.9447
1048.676 988.9447
1048.676 988.9447
1048.676 988.9447
1048.676 988.9447
1048.676 988.9447
1048.676 988.9447
1048.676 988.9447
1048.676 988.9447
1048.676 988.9447
1048.114 987.8727
1048.114 986.9737
1048.114 986.371
1048.115 985.9703
1048.115 985.7994
1048.115 985.7994
1048.115 985.7994
1048.115 985.7994
1048.115 985.7994
1048.115 985.7994
1048.115 985.7994
1048.115 985.7994
1048.511 985.8561
1050.485 986.1748
1053.214 986.7981
1053.989 986.9984
1053.989 986.9984
1053.989 986.9984
1054.391 985.4499
1054.593 984.6756
1054.593 984.6756
1054.593 984.6756
1054.593 984.6756
1054.593 984.6756
1054.593 984.6756
1054.593 984.6756
1054.593 984.6756
1054.593 984.6756
1054.593 984.6756
1052.258 984.1211
1049.891 983.7233
1048.304 983.5259
1048.304 983.5259
1048.304 983.5259
1048.304 983.5259
1048.304 983.5259
1048.304 983.5259
1048.304 983.5259
1048.304 983.5259
1048.304 983.5259
1048.304 983.5259
1048.304 983.5259
1048.304 983.5259
1048.304 983.5259
1048.304 983.5259
1048.304 983.5259
1048.304 983.5259
1048.304 983.5259
1048.304 983.5259
1048.304 983.5259
1049.098 983.6231
1051.075 983.9219
1053.418 984.4417
1054.579 984.7433
1054.579 984.7433
1054.579 984.7433
1054.579 984.7433
1054.579 984.7433
1054.579 984.7433
1054.579 984.7433
1054.579 984.7433
1054.579 984.7433
1054.579 984.7433
1054.579 984.7433
1054.579 984.7433
1054.579 984.7433
1054.579 984.7433
1054.579 984.7433
1054.579 984.7433
1055.09 982.8098
1055.703 980.4894
1056.317 978.169
1056.317 978.169
1056.317 978.169
1056.317 978.169
1056.317 978.169
1056.317 978.169
1056.317 978.169
1056.317 978.169
1056.317 978.169
1056.317 978.169
1056.317 978.169
1056.317 978.169
1056.317 978.169
1054.764 977.7808
1052.41 977.3172
1050.03 977.0109
1050.03 977.0109
1050.03 977.0109
1050.03 977.0109
1050.03 977.0109
1050.03 977.0109
1050.03 977.0109
1050.03 977.0109
1050.03 977.0109
1050.03 977.0109
1050.03 977.0109
1050.03 977.0109
1050.164 975.8184
1050.433 973.4335
1050.657 971.446
1050.657 971.446
1050.657 971.446
1050.657 971.446
1050.657 971.446
1050.657 971.446
1050.657 971.446
1050.657 971.446
1050.657 971.446
1050.747 970.6511
1050.971 968.6637
1051.194 966.6763
1051.463 964.2913
1051.463 964.2913
1051.463 964.2913
1051.463 964.2913
1051.463 964.2913
1051.463 964.2913
1051.463 964.2913
1051.463 964.2913
1051.463 964.2913
1051.463 964.2913
1051.463 964.2913
1051.463 964.2913
1051.553 963.4963
1051.777 961.5089
1052.045 959.124
1052.314 956.7391
1052.404 955.9442
1052.404 955.9442
1052.404 955.9442
1052.404 955.9442
1052.404 955.9442
1052.404 955.9442
1052.404 955.9442
1052.404 955.9442
1052.404 955.9442
1052.404 955.9442
1052.404 955.9442
1052.404 955.9442
1052.404 955.9442
1052.404 955.9442
1052.404 955.9442
1052.404 955.9442
1052.404 955.9442
1052.404 955.9442
1052.404 955.9442
1052.404 955.9442
1052.404 955.9442
1052.404 955.9442
1052.404 955.9442
1052.404 955.9442
1052.404 955.9442
1052.404 955.9442
1052.404 955.9442
1052.404 955.9442
1052.404 955.9442
1052.404 955.9442
1052.404 955.9442
1052.404 955.9442
1052.404 955.9442
1052.404 955.9442
1052.404 955.9442
1052.404 955.9442
1052.404 955.9442
1052.404 955.9442
1052.404 955.9442
1052.404 955.9442
1052.404 955.9442
1052.404 955.9442
1052.404 955.9442
1052.404 955.9442
1052.404 955.9442
1052.404 955.9442
1052.404 955.9442
1052.404 955.9442
1052.404 955.9442
1052.404 955.9442
1052.404 955.9442
1052.583 954.3542
1052.852 951.9693
1053.075 949.9819
1053.075 949.9819
1053.075 949.9819
1053.075 949.9819
1053.075 949.9819
1053.165 949.1869
1053.389 947.1995
1053.658 944.8146
1053.882 942.8271
1054.061 941.2372
1054.061 941.2372
1054.061 941.2372
1054.061 941.2372
1054.061 941.2372
1054.061 941.2372
1054.061 941.2372
1054.061 941.2372
1054.061 941.2372
1054.061 941.2372
1054.061 941.2372
1054.061 941.2372
1054.061 941.2372
1054.061 941.2372
1054.061 941.2372
1054.061 941.2372
1054.061 941.2372
1054.061 941.2372
1054.061 941.2372
1054.195 940.0447
1054.464 937.6599
1054.643 936.0699
1054.777 934.8774
1054.777 934.8774
1054.777 934.8774
1054.777 934.8774
1054.777 934.8774
1054.777 934.8774
1054.777 934.8774
1054.777 934.8774
1054.777 934.8774
1054.777 934.8774
1054.777 934.8774
1054.777 934.8774
1054.777 934.8774
1054.777 934.8774
1054.777 934.8774
1054.777 934.8774
1054.777 934.8774
1054.777 934.8774
1054.777 934.8774
1054.777 934.8774
1054.777 934.8774
1054.777 934.8774
1054.777 934.8774
1054.777 934.8774
1054.777 934.8774
1054.777 934.8774
1054.777 934.8774
1054.777 934.8774
1054.777 934.8774
1054.777 934.8774
1054.777 934.8774
1054.777 934.8774
1054.777 934.8774
1054.777 934.8774
1054.777 934.8774
1054.777 934.8774
1054.777 934.8774
1054.867 934.0825
1055.135 931.6976
1055.27 930.5051
1055.27 930.5051
1055.27 930.5051
1055.27 930.5051
1055.27 930.5051
1055.27 930.5051
1055.27 930.5051
1055.27 930.5051
1055.27 930.5051
1055.27 930.5051
1055.27 930.5051
1055.27 930.5051
1055.27 930.5051
1055.27 930.5051
1055.27 930.5051
1055.27 930.5051
1055.27 930.5051
1055.27 930.5051
1055.27 930.5051
1055.27 930.5051
1055.27 930.5051
1055.27 930.5051
1055.27 930.5051
1055.27 930.5051
1055.315 930.1076
1055.494 928.5177
1055.762 926.1328
1055.986 924.1453
1056.076 923.3503
1056.076 923.3503
1056.076 923.3503
1056.076 923.3503
1056.076 923.3503
1056.076 923.3503
1056.345 920.9655
1056.524 919.3755
1056.792 916.9906
1056.927 915.7982
1056.927 915.7982
1056.927 915.7982
1056.927 915.7982
1056.927 915.7982
1056.927 915.7982
1056.927 915.7982
1056.927 915.7982
1056.927 915.7982
1056.927 915.7982
1056.927 915.7982
1056.927 915.7982
1056.927 915.7982
1056.927 915.7982
1056.927 915.7982
1056.927 915.7982
1056.927 915.7982
1056.927 915.7982
1056.927 915.7982
1056.927 915.7982
1054.537 915.581
1052.138 915.5245
1050.938 915.5436
1050.938 915.5436
1050.938 915.5436
1050.938 915.5436
1050.938 915.5436
1050.938 915.5436
1050.938 915.5436
1050.938 915.5436
1050.938 915.5436
1050.938 915.5436
1050.938 915.5436
1050.888 913.1441
1050.847 911.1446
1050.813 909.5449
1050.813 909.5449
1050.813 909.5449
1050.813 909.5449
1050.813 909.5449
1050.813 909.5449
1050.78 907.9453
1050.73 905.5458
1050.697 903.9461
1050.672 902.7464
1050.672 902.7464
1050.672 902.7464
1050.672 902.7464
1050.672 902.7464
1050.672 902.7464
1050.638 901.1467
1050.597 899.1472
1050.555 897.1476
1050.555 897.1476
1050.555 897.1476
1050.555 897.1476
1050.555 897.1476
1050.555 897.1476
1050.53 895.9479
1050.48 893.5484
1050.447 891.9487
1050.397 889.5493
1050.38 888.7495
1050.38 888.7495
1050.38 888.7495
1050.38 888.7495
1050.38 888.7495
1050.38 888.7495
1050.38 888.7495
1050.38 888.7495
1050.38 888.7495
1050.38 888.7495
1050.38 888.7495
1050.38 888.7495
1050.38 888.7495
1050.38 888.7495
1050.38 888.7495
1050.38 888.7495
1050.38 888.7495
1050.38 888.7495
1050.38 888.7495
1050.363 887.9496
1050.322 885.95
1050.272 883.5505
1050.238 881.9509
1050.238 881.9509
1050.238 881.9509
1050.238 881.9509
1050.238 881.9509
1050.238 881.9509
1050.238 881.9509
1050.238 881.9509
1050.238 881.9509
1050.238 881.9509
1050.238 881.9509
1050.238 881.9509
1050.238 881.9509
1050.238 881.9509
1050.238 881.9509
1050.238 881.9509
1050.238 881.9509
1050.238 881.9509
1050.238 881.9509
1050.238 881.9509
1050.238 881.9509
1050.238 881.9509
1050.238 881.9509
1050.238 881.9509
1050.238 881.9509
1050.238 881.9509
1050.238 881.9509
1050.238 881.9509
1050.238 881.9509
1050.238 881.9509
1050.238 881.9509
1050.238 881.9509
1050.205 880.3513
1050.163 878.3517
1050.122 876.3521
1050.122 876.3521
1050.122 876.3521
1050.122 876.3521
1050.122 876.3521
1050.122 876.3521
1050.122 876.3521
1050.122 876.3521
1050.122 876.3521
1050.122 876.3521
1050.122 876.3521
1050.122 876.3521
1050.122 876.3521
1050.122 876.3521
1050.122 876.3521
1050.122 876.3521
1050.122 876.3521
1050.088 874.7524
1050.055 873.1528
1050.005 870.7534
1049.972 869.1537
1049.922 866.7542
1049.922 866.7542
1049.922 866.7542
1049.922 866.7542
1049.922 866.7542
1049.922 866.7542
1049.922 866.7542
1049.922 866.7542
1049.922 866.7542
1049.922 866.7542
1049.922 866.7542
1049.922 866.7542
1049.922 866.7542
1049.922 866.7542
1049.922 866.7542
1049.922 866.7542
1049.922 866.7542
1049.922 866.7542
1049.922 866.7542
1049.922 866.7542
1049.922 866.7542
1049.922 866.7542
1049.922 866.7542
1049.922 866.7542
1049.913 866.3543
1049.863 863.9548
1049.83 862.3552
1049.788 860.3556
1049.747 858.356
1049.747 858.356
1049.747 858.356
1049.747 858.356
1049.747 858.356
1049.747 858.356
1049.747 858.356
1049.747 858.356
1049.747 858.356
1049.747 858.356
1049.747 858.356
1049.747 858.356
1049.747 858.356
1049.747 858.356
1049.747 858.356
1049.747 858.356
1049.738 857.9561
1049.697 855.9565
1049.655 853.957
1049.613 851.9574
1049.597 851.1576
1049.597 851.1576
1049.597 851.1576
1049.597 851.1576
1050.797 851.142
1052.796 851.1844
1055.182 851.4361
1057.548 851.8343
1057.548 851.8343
1057.548 851.8343
1057.548 851.8343
1057.548 851.8343
1057.548 851.8343
1057.548 851.8343
1057.69 851.047
1058.116 848.6851
1058.471 846.7168
1058.471 846.7168
1058.471 846.7168
1058.471 846.7168
1060.042 847.0198
1060.177 847.3851
1060.178 848.1519
1060.178 848.1519
1060.178 848.1519
1060.178 848.1519
1060.178 848.1519
1060.178 848.1519
1060.178 848.3828
1060.18 849.0126
1060.181 849.8939
1060.181 850.048
1060.181 850.048
1060.181 850.048
1060.181 850.048
1060.181 850.048
1060.181 850.048
1060.181 850.048
1060.181 850.048
1060.224 848.5714
1060.224 847.0948
1060.224 844.8799
1060.224 843.7725
1060.684 841.9117
1061.147 840.8042
1061.147 840.8042
1061.147 840.8042
1061.866 841.0697
1063.261 840.9312
1063.261 840.9312
1063.261 840.9312
1063.261 840.9312
1063.261 840.9312
1063.261 840.9312
1063.261 840.9312
1063.261 840.9312
1063.261 840.9312
1063.261 840.9312
1063.261 840.9312
1063.261 840.9312
1063.261 840.9312
1063.261 840.9312
1063.261 840.9312
1063.328 840.1796
1064.614 838.4854
1064.936 838.2485
1064.936 838.2485
1064.936 838.2485
1065.871 838.1266
1067.139 838.133
1067.545 838.133
1067.545 838.133
1067.545 838.133
1069.614 836.9162
1070.993 836.1049
1073.062 834.8881
1073.464 835.5796
1074.602 837.6921
1075.545 839.8983
1076.349 840.8896
1076.727 840.8896
1077.375 840.8896
1077.788 840.8896
1077.788 840.8896
1077.788 840.8896
1077.788 840.8896
1077.788 840.8896
1077.788 840.8896
1077.788 840.8896
1077.788 840.8896
1077.788 840.8896
1077.788 840.8896
1077.788 840.8896
1077.788 840.8896
1077.788 840.8896
1077.46 839.3235
1077.073 837.7714
1076.383 835.4728
1076.383 835.4728
1076.383 835.4728
1076.383 835.4728
1076.383 835.4728
1076.383 835.4728
1076.383 835.4728
1076.383 835.4728
1076.383 835.4728
1076.383 835.4728
1076.383 835.4728
1076.383 835.4728
1076.383 835.4728
1077.909 834.9937
1079.436 834.5145
1081.726 833.7958
1082.871 833.4365
1082.871 833.4365
1082.871 833.4365
1082.871 833.4365
1082.871 833.4365
1082.871 833.4365
1082.871 833.4365
1082.871 833.4365
1082.989 833.8185
1083.649 836.1258
1084.172 838.4678
1084.328 839.2524
1084.328 839.2524
1084.328 839.2524
1084.328 839.2524
1084.328 839.2524
1084.328 839.2524
1084.328 839.2524
1084.328 839.2524
1086.291 838.8651
1088.253 838.4778
1090.215 838.0905
1092.177 837.7032
1092.569 837.6257
1092.569 837.6257
1092.569 837.6257
1092.569 837.6257
1092.569 837.6257
1092.569 837.6257
1092.569 837.6257
1092.569 837.6257
1092.569 837.6257
1092.569 837.6257
1092.569 837.6257
1092.569 837.6257
1092.569 837.6257
1092.569 837.6257
1092.569 837.6257
1092.569 837.6257
1092.569 837.6257
1092.569 837.6257
1092.569 837.6257
1092.569 837.6257
1093.354 837.4708
1095.317 837.0834
1097.671 836.6187
1099.241 836.3088
1099.241 836.3088
1099.241 836.3088
1099.241 836.3088
1099.241 836.3088
1099.241 836.3088
1099.241 836.3088
1099.241 836.3088
1099.241 836.3088
1099.241 836.3088
1099.241 836.3088
1099.241 836.3088
1099.241 836.3088
1099.241 836.3088
1099.241 836.3088
1099.241 836.3088
1099.241 836.3088
1099.241 836.3088
1099.241 836.3088
1099.241 836.3088
1099.241 836.3088
1099.241 836.3088
1099.241 836.3088
1099.241 836.3088
1099.241 836.3088
1099.241 836.3088
1099.241 836.3088
1099.241 836.3088
1099.241 836.3088
1099.241 836.3088
1099.241 836.3088
1099.241 836.3088
1099.241 836.3088
1099.241 836.3088
1099.241 836.3088
1099.241 836.3088
1099.241 836.3088
1099.241 836.3088
1099.241 836.3088
1099.241 836.3088
1099.241 836.3088
1099.241 836.3088
1099.241 836.3088
1099.241 836.3088
1099.241 836.3088
1099.241 836.3088
1099.241 836.3088
1099.241 836.3088
1099.241 836.3088
1099.241 836.3088
1099.241 836.3088
1099.241 836.3088
1099.241 836.3088
1099.241 836.3088
1099.241 836.3088
1099.241 836.3088
1099.241 836.3088
1099.241 836.3088
1099.241 836.3088
1101.203 835.9215
1103.165 835.5342
1105.127 835.1469
1107.089 834.7596
1108.267 834.5272
1108.267 834.5272
1108.267 834.5272
1108.267 834.5272
1108.267 834.5272
1108.267 834.5272
1108.267 834.5272
1110.229 834.1399
1112.583 833.6751
1114.153 833.3652
1115.723 833.0554
1115.723 833.0554
1115.723 833.0554
1115.723 833.0554
1115.723 833.0554
1115.723 833.0554
1115.723 833.0554
1115.723 833.0554
1115.723 833.0554
1115.723 833.0554
1115.723 833.0554
1115.875 833.8408
1116.148 835.4172
1116.437 837.3962
1116.437 837.3962
1116.437 837.3962
1116.437 837.3962
1116.437 837.3962
1116.437 837.3962
1116.437 837.3962
1116.437 837.3962
1116.437 837.3962
1117.229 837.2838
1118.813 837.0588
1121.189 836.7213
1121.981 836.6088
1121.981 836.6088
1121.981 836.6088
1121.981 836.6088
1121.981 836.6088
1121.981 836.6088
1121.981 836.6088
1121.981 836.6088
1121.981 836.6088
1121.981 836.6088
1121.981 836.6088
1123.565 836.3839
1125.942 836.0464
1127.922 835.7652
1129.506 835.5402
1129.506 835.5402
1129.506 835.5402
1129.506 835.5402
1129.506 835.5402
1129.506 835.5402
1129.506 835.5402
1131.882 835.2028
1133.466 834.9778
1135.842 834.6403
1137.822 834.3591
1138.614 834.2466
1138.614 834.2466
1138.614 834.2466
1138.614 834.2466
1138.614 834.2466
1138.614 834.2466
1138.614 834.2466
1138.614 834.2466
1138.614 834.2466
1138.614 834.2466
1138.822 835.8331
1139.017 838.2247
1139.083 839.8233
1139.083 839.8233
1139.083 839.8233
1139.083 839.8233
1139.083 839.8233
1139.883 839.7944
1142.281 839.7077
1143.88 839.65
1146.279 839.5633
1146.279 839.5633
1146.279 839.5633
1146.279 839.5633
1146.279 839.5633
1147.878 839.5055
1150.276 839.4188
1151.875 839.361
1154.274 839.2744
1156.272 839.2021
1156.272 839.2021
1156.272 839.2021
1156.272 839.2021
1156.272 839.2021
1156.297 840.0018
1156.287 842.4012
1156.117 842.5189
1156.047 842.5189
1156.844 842.5901
1158.836 842.5915
1160.828 842.5915
1163.111 842.4351
1164.542 842.1484
1164.542 842.1484
1164.542 842.1484
1164.542 842.1484
1164.542 842.1484
1164.542 842.1484
1164.542 842.1484
1166.534 842.3265
1168.526 842.5048
1170.518 842.6829
1170.518 842.6829
1170.518 842.6829
1170.518 842.6829
1170.518 842.6829
1170.306 844.6716
1170.062 846.2527
1170.77 847.4196
1170.77 847.4196
1172.334 847.7596
1174.288 848.1846
1176.242 848.6096
1178.197 849.0347
1180.542 849.5447
1182.105 849.8847
1184.45 850.3947
1186.014 850.7347
1186.487 852.4742
1185.962 854.4037
1185.094 857.0657
1184.656 858.1939
1184.278 858.1321
1184.011 858.123
1184.011 858.123
1184.011 858.123
1184.011 858.123
1184.011 858.123
1184.011 858.123
1185.136 858.4309
1187.348 859.3615
1188.823 859.9819
1190.298 860.6024
1190.298 860.6024
1190.298 860.6024
1190.298 860.6024
1189.661 862.07
1188.968 863.5123
1188.135 865.5661
1188.135 865.5661
1188.135 865.5661
1188.135 865.5661
1188.135 865.5661
1188.135 865.5661
1188.135 865.5661
1188.135 865.5661
1188.135 865.5661
1188.135 865.5661
1188.135 865.5661
1188.135 865.5661
1188.135 865.5661
1188.135 865.5661
1188.135 865.5661
1188.135 865.5661
1188.135 865.5661
1188.135 865.5661
1188.135 865.5661
1188.135 865.5661
1188.135 865.5661
1188.135 865.5661
1188.135 865.5661
1188.135 865.5661
1188.135 865.5661
1188.135 865.5661
1188.135 865.5661
1188.135 865.5661
1188.135 865.5661
1188.135 865.5661
1188.135 865.5661
1188.135 865.5661
1188.135 865.5661
1188.135 865.5661
1188.135 865.5661
1188.135 865.5661
1188.135 865.5661
1188.135 865.5661
1188.135 865.5661
1188.135 865.5661
1188.135 865.5661
1188.135 865.5661
1188.135 865.5661
1188.135 865.5661
1188.135 865.5661
1188.135 865.5661
1188.135 865.5661
1188.135 865.5661
1188.135 865.5661
1188.135 865.5661
1188.135 865.5661
1188.135 865.5661
1188.135 865.5661
1188.135 865.5661
1188.135 865.5661
1188.135 865.5661
1188.135 865.5661
1188.135 865.5661
1188.135 865.5661
1188.135 865.5661
1188.135 865.5661
1188.135 865.5661
1188.135 865.5661
1188.135 865.5661
1188.135 865.5661
1188.135 865.5661
1188.135 865.5661
1188.135 865.5661
1188.135 865.5661
1188.135 865.5661
1188.135 865.5661
1188.135 865.5661
1188.135 865.5661
1188.135 865.5661
1188.135 865.5661
1188.135 865.5661
1188.135 865.5661
1188.135 865.5661
1188.135 865.5661
1188.135 865.5661
1188.135 865.5661
1188.135 865.5661
1188.135 865.5661
1188.135 865.5661
1188.135 865.5661
1188.135 865.5661
1188.135 865.5661
1188.135 865.5661
1188.135 865.5661
1188.135 865.5661
1188.135 865.5661
1188.135 865.5661
1188.135 865.5661
1188.135 865.5661
1188.135 865.5661
1188.135 865.5661
1188.135 865.5661
1188.135 865.5661
1188.135 865.5661
1188.135 865.5661
1189.538 866.3358
1191.291 867.298
1193.044 868.2602
1193.044 868.2602
1193.044 868.2602
1192.656 868.9595
1191.425 871.0197
1190.071 873.0004
1189.838 873.326
1189.838 873.326
1189.838 873.326
1189.838 873.326
1189.838 873.326
1189.838 873.326
1189.838 873.326
1189.838 873.326
1189.838 873.326
1189.838 873.326
1189.838 873.326
1189.838 873.326
1189.838 873.326
1189.838 873.326
1189.838 873.326
1191.467 874.4874
1193.42 875.881
1194.723 876.8101
1194.723 876.8101
1194.723 876.8101
1194.723 876.8101
1194.723 876.8101
1194.723 876.8101
1194.723 876.8101
1194.723 876.8101
1194.018 877.7813
1192.786 879.3564
1191.214 881.1691
1190.405 882.0557
1188.711 882.7168
1187.196 882.7201
1186.624 882.7205
1187.132 882.7205
1188.656 882.7205
1189.925 882.7205
1190.433 882.7205
1190.433 882.7205
1190.433 882.7205
1190.433 882.7205
1190.433 882.7205
1190.433 882.7205
1190.433 882.7205
1190.433 882.7205
1190.433 882.7205
1192.111 882.9968
1193.479 884.3894
1194.749 885.9347
1196.018 887.4799
1196.018 887.4799
1195.397 887.984
1193.52 889.436
1193.52 890.5087
1193.52 891.7692
1193.52 892.2585
1193.52 892.2585
1193.682 892.6246
1194.488 894.4548
1195.294 896.285
1196.262 898.4813
1196.746 899.5795
1196.746 899.5795
1196.746 899.5795
1196.012 899.8978
1195.586 900.7575
1195.136 902.0889
1194.709 903.3621
1194.709 903.3621
1194.709 903.3621
1195.238 905.2909
1195.873 907.6055
1196.507 909.92
1196.719 910.6916
1196.719 910.6916
1197.354 913.0061
1197.988 915.3207
1198.517 917.2495
1198.517 917.2495
1198.517 917.2495
1198.517 917.2495
1198.517 917.2495
1198.517 917.2495
1198.517 917.2495
1198.517 917.2495
1198.517 917.2495
1198.517 917.2495
1198.517 917.2495
1198.517 917.2495
1198.517 917.2495
1199.046 919.1783
1199.575 921.1071
1200.104 923.0359
1200.421 924.1932
1200.421 924.1932
1200.421 924.1932
1200.421 924.1932
1198.484 924.6928
1196.128 925.1458
1193.747 925.4426
1193.747 925.4426
1193.747 925.4426
1193.747 925.4426
1193.747 925.4426
1193.747 925.4426
1193.747 925.4426
1193.747 925.4426
1193.747 925.4426
1193.747 925.4426
1193.747 925.4426
1193.747 925.4426
1193.747 925.4426
1193.747 925.4426
1193.747 925.4426
1193.747 925.4426
1193.747 925.4426
1193.747 925.4426
1195.336 925.2517
1197.703 924.8586
1199.663 924.4599
1199.663 924.4599
1199.663 924.4599
1199.663 924.4599
1199.663 924.4599
1199.663 924.4599
1199.663 924.4599
1199.663 924.4599
1199.663 924.4599
1199.663 924.4599
1199.824 925.2435
1200.226 927.2026
1200.709 929.5535
1201.193 931.9043
1201.434 933.0798
1201.434 933.0798
1201.434 933.0798
1201.434 933.0798
1201.434 933.0798
1201.434 933.0798
1201.434 933.0798
1201.434 933.0798
1201.434 933.0798
1201.434 933.0798
1201.676 934.2552
1202.078 936.2142
1202.561 938.5651
1202.883 940.1324
1202.883 940.1324
1202.883 940.1324
1202.883 940.1324
1202.883 940.1324
1202.883 940.1324
1202.883 940.1324
1203.366 942.4833
1203.85 944.8341
1204.333 947.185
1204.494 947.9686
1204.494 947.9686
1204.494 947.9686
1204.494 947.9686
1204.494 947.9686
1204.494 947.9686
1204.494 947.9686
1204.494 947.9686
1204.494 947.9686
1204.494 947.9686
1204.494 947.9686
1204.494 947.9686
1204.494 947.9686
1204.494 947.9686
1204.494 947.9686
1204.494 947.9686
1204.494 947.9686
1204.494 947.9686
1204.494 947.9686
1204.494 947.9686
1204.494 947.9686
1204.494 947.9686
1204.494 947.9686
1204.494 947.9686
1204.494 947.9686
1204.529 949.9277
1204.529 952.2786
1204.529 954.2376
1204.529 956.5885
1204.529 956.5885
1204.529 956.5885
1204.529 956.5885
1204.529 956.5885
1204.529 956.5885
1204.529 956.5885
1204.529 956.5885
1204.529 956.5885
1204.529 956.5885
1204.529 956.5885
1204.529 957.7639
1204.529 960.1148
1204.529 961.2902
1204.529 961.2902
1204.529 961.2902
1204.529 961.2902
1204.529 961.2902
1204.529 961.2902
1202.168 961.7208
1199.793 962.0687
1199.793 962.0687
1199.793 962.0687
1199.793 962.0687
1199.793 962.0687
1199.793 962.0687
1200.135 964.4443
1200.477 966.8198
1200.591 967.6116
1200.591 967.6116
1200.591 967.6116
1200.591 967.6116
1200.876 969.5912
1201.218 971.9667
1201.389 973.1545
1201.389 973.1545
1201.389 973.1545
1201.56 974.3423
1201.901 976.7178
1202.243 979.0933
1202.471 980.677
1202.471 980.677
1202.471 980.677
1202.756 982.6566
1203.098 985.0322
1203.44 987.4077
1203.554 988.1995
1203.554 988.1995
1201.967 988.4019
1199.177 988.6365
1199.177 988.6365
1199.177 988.6365
1199.177 988.6365
1199.177 988.6365
1199.177 988.6365
1199.177 988.6365
1199.205 989.0356
1199.372 991.4297
1199.539 993.8239
1199.706 996.2181
1199.762 997.0162
1199.762 997.0162
1199.762 997.0162
1199.762 997.0162
1199.762 997.0162
1199.762 997.0162
1199.762 997.0162
1199.762 997.0162
1199.762 997.0162
1199.762 997.0162
1199.762 997.0162
1199.762 997.0162
1199.762 997.0162
1199.762 997.0162
1199.762 997.0162
1199.762 997.0162
1199.762 997.0162
1199.762 997.0162
1199.762 997.0162
1199.762 997.0162
1199.762 997.0162
1199.762 997.0162
1199.762 997.0162
1199.762 997.0162
1199.762 997.0162
1199.845 998.2133
1200.041 1001.006
1200.208 1003.401
1200.208 1003.401
1200.208 1003.401
1200.208 1003.401
1200.208 1003.401
1200.208 1003.401
1200.208 1003.401
1200.208 1003.401
1200.208 1003.401
1200.375 1005.795
1200.514 1007.79
1200.681 1010.184
1200.793 1011.78
1200.793 1011.78
1200.793 1011.78
1200.793 1011.78
1200.793 1011.78
1200.793 1011.78
1200.793 1011.78
1200.793 1011.78
1200.793 1011.78
1200.793 1011.78
1200.96 1014.174
1201.127 1016.569
1201.294 1018.963
1201.462 1021.357
1201.462 1021.357
1201.462 1021.357
1201.462 1021.357
1201.462 1021.357
1201.462 1021.357
1201.462 1021.357
1201.462 1021.357
1201.462 1021.357
1201.462 1021.357
1201.462 1021.357
1201.462 1021.357
1201.462 1021.357
1201.462 1021.357
1201.462 1021.357
1201.462 1021.357
1201.573 1022.953
1201.74 1025.347
1201.907 1027.741
1201.991 1028.938
1201.991 1028.938
1201.991 1028.938
1201.991 1028.938
1201.991 1028.938
1201.991 1028.938
1201.991 1028.938
1201.991 1028.938
1201.991 1028.938
1201.991 1028.938
1201.991 1028.938
1201.991 1028.938
1201.991 1028.938
1201.991 1028.938
1202.158 1031.333
1202.27 1032.929
1202.437 1035.323
1202.576 1037.318
1202.576 1037.318
1202.576 1037.318
1202.576 1037.318
1202.576 1037.318
1202.576 1037.318
1202.576 1037.318
1202.576 1037.318
1202.715 1039.313
1202.883 1041.707
1203.05 1044.101
1203.189 1046.097
1203.328 1048.092
1203.328 1048.092
1203.328 1048.092
1203.328 1048.092
1203.328 1048.092
1203.328 1048.092
1203.328 1048.092
1203.328 1048.092
1203.328 1048.092
1203.356 1048.491
1203.524 1050.885
1203.691 1053.279
1203.802 1054.875
1203.802 1054.875
1203.802 1054.875
1203.802 1054.875
1203.802 1054.875
1203.802 1054.875
1203.802 1054.875
1203.802 1054.875
1203.802 1054.875
1203.802 1054.875
1203.802 1054.875
1203.802 1054.875
1203.802 1054.875
1203.802 1054.875
1203.886 1056.072
1204.053 1058.467
1204.22 1060.861
1204.387 1063.255
1204.387 1063.255
1204.387 1063.255
1204.387 1063.255
1204.387 1063.255
1204.387 1063.255
1204.387 1063.255
1204.387 1063.255
1204.387 1063.255
1204.387 1063.255
1204.387 1063.255
1204.387 1063.255
1204.387 1063.255
1204.387 1063.255
1204.387 1063.255
1204.387 1063.255
1204.527 1065.25
1204.539 1067.644
1204.539 1070.038
1204.539 1072.432
1204.539 1072.432
1204.539 1072.432
1204.539 1072.432
1204.539 1072.432
1204.539 1072.432
1204.539 1072.432
1204.539 1072.432
1204.539 1072.432
1204.539 1072.432
1204.539 1074.827
1204.539 1076.822
1204.539 1079.216
1204.539 1081.61
1204.539 1084.004
1204.539 1084.403
1204.539 1084.403
1204.539 1084.403
1204.539 1084.403
1204.539 1084.403
1204.539 1084.403
1204.539 1084.403
1204.539 1084.403
1204.539 1084.403
1204.539 1084.403
1204.539 1084.403
1204.539 1084.403
1204.539 1086
1204.539 1088.394
1204.539 1090.788
1204.539 1091.985
1204.539 1091.985
1204.539 1091.985
1204.539 1091.985
1202.942 1092.076
1200.542 1092.089
1198.149 1091.916
1197.353 1091.834
1197.353 1091.834
1197.353 1091.834
1197.353 1091.834
1197.353 1091.834
1197.353 1091.834
1197.353 1091.834
1197.353 1091.834
1197.353 1091.834
1197.353 1091.834
1197.751 1091.875
1200.144 1092.06
1200.543 1092.083
1200.543 1092.083
1200.543 1092.083
1200.543 1092.083
1200.404 1094.479
1200.266 1096.875
1200.127 1099.271
1200.058 1100.469
1200.058 1100.469
1200.058 1100.469
1200.058 1100.469
1200.058 1100.469
1200.058 1100.469
1199.988 1101.667
1199.849 1104.063
1199.711 1106.459
1199.572 1108.855
1199.433 1111.251
1199.433 1111.251
1199.433 1111.251
1199.433 1111.251
1199.433 1111.251
1199.433 1111.251
1199.433 1111.251
1199.433 1111.251
1199.433 1111.251
1199.433 1111.251
1199.433 1111.251
1199.433 1111.251
1199.433 1111.251
1199.295 1113.647
1199.156 1116.043
1199.04 1118.04
1198.901 1120.436
1198.901 1120.436
1198.901 1120.436
1198.901 1120.436
1198.901 1120.436
1198.901 1120.436
1198.901 1120.436
1198.901 1120.436
1198.901 1120.436
1198.901 1120.436
1198.901 1120.436
1198.901 1120.436
1198.901 1120.436
1198.901 1120.436
1198.901 1120.436
1198.901 1120.436
1198.901 1120.436
1198.901 1120.436
1198.901 1120.436
1198.901 1120.436
1198.901 1120.436
1198.901 1120.436
1198.901 1120.436
1198.901 1120.436
1198.901 1120.436
1198.855 1121.234
1198.717 1123.63
1198.601 1125.627
1198.462 1128.023
1198.462 1128.023
1198.462 1128.023
1198.462 1128.023
1198.462 1128.023
1198.462 1128.023
1196.866 1127.907
1194.485 1127.612
1193.534 1127.279
1193.534 1127.279
1193.534 1127.279
1193.326 1128.856
1192.909 1131.219
1192.492 1133.583
1192.214 1135.158
1192.214 1135.158
1192.214 1135.158
1192.214 1135.158
1192.214 1135.158
1192.214 1135.158
1191.867 1137.128
1191.45 1139.491
1191.033 1141.855
1190.755 1143.431
1190.755 1143.431
1190.755 1143.431
1190.755 1143.431
1190.755 1143.431
1189.968 1143.286
1187.624 1142.772
1186.731 1143.525
1186.33 1143.925
1186.33 1143.925
1185.75 1145.839
1185.054 1148.136
1184.358 1150.433
1184.126 1151.199
1184.126 1151.199
1184.126 1151.199
1184.126 1151.199
1184.126 1151.199
1184.126 1151.199
1184.126 1151.199
1184.126 1151.199
1184.126 1151.199
1184.126 1151.199
1184.126 1151.199
1184.126 1151.199
1184.126 1151.199
1184.126 1151.199
1184.126 1151.199
1184.126 1151.199
1184.126 1151.199
1184.126 1151.199
1184.126 1151.199
1184.126 1151.199
1184.126 1151.199
1183.778 1152.347
1182.966 1155.027
1182.27 1157.323
1181.922 1158.472
1181.922 1158.472
1181.922 1158.472
1181.158 1158.234
1178.891 1157.447
1176.693 1156.484
1175.612 1155.963
1175.612 1155.963
1175.612 1155.963
1174.385 1158.48
1173.334 1160.638
1172.282 1162.795
1171.756 1163.874
1171.756 1163.874
1171.756 1163.874
1171.756 1163.874
1170.329 1163.151
1168.851 1162.226
1168.926 1162.001
1168.926 1162.001
1168.926 1162.001
1168.926 1162.001
1167.732 1164.081
1166.309 1166.492
1165.09 1168.56
1165.09 1168.56
1165.09 1168.56
1165.09 1168.56
1164.404 1168.149
1162.076 1166.594
1160.176 1165.128
1159.862 1164.881
1159.862 1164.881
1159.862 1164.881
1159.366 1165.509
1157.632 1167.707
1156.146 1169.592
1154.66 1171.476
1153.173 1173.36
1153.173 1173.36
1153.173 1173.36
1152.86 1173.111
1151.023 1171.568
1149.313 1169.884
1148.214 1168.721
1146.383 1166.604
1144.753 1164.328
1144.311 1163.868
1144.311 1163.868
1144.311 1163.868
1144.311 1163.868
1144.311 1163.868
1144.311 1163.868
1144.311 1163.868
1144.311 1163.868
1144.311 1163.868
1144.311 1163.868
1144.311 1163.868
1145.446 1165.515
1146.933 1167.398
1148.507 1169.21
1148.507 1169.21
1148.507 1169.21
1148.507 1169.21
1148.507 1169.21
1148.507 1169.21
1148.507 1169.21
1148.507 1169.21
1148.507 1169.21
1147.606 1170.002
1145.803 1171.586
1143.699 1173.434
1143.699 1173.434
1143.699 1173.434
1143.699 1173.434
1142.498 1174.49
1140.695 1176.074
1138.892 1177.659
1138.892 1177.659
1138.108 1176.75
1136.624 1174.864
1135.264 1172.887
1134.594 1171.891
1134.594 1171.891
1134.594 1171.891
1134.594 1171.891
1134.594 1171.891
1134.594 1171.891
1134.594 1171.891
1133.266 1172.784
1131.275 1174.124
1128.951 1175.686
1128.951 1175.686
1128.951 1175.686
1128.951 1175.686
1128.951 1175.686
1128.951 1175.686
1128.951 1175.686
1128.951 1175.686
1127.666 1173.66
1126.205 1170.814
1125.371 1168.996
1125.371 1168.996
1125.371 1168.996
1125.371 1168.996
1125.371 1168.996
1125.371 1168.996
1124.278 1169.491
1121.728 1170.646
1119.541 1171.636
1119.541 1171.636
1119.541 1171.636
1119.541 1171.636
1119.541 1171.636
1118.756 1169.797
1117.96 1167.534
1117.168 1164.434
1117.168 1164.434
1117.168 1164.434
1117.168 1164.434
1114.831 1164.978
1112.104 1165.613
1109.766 1166.157
1109.766 1166.157
1109.766 1166.157
1109.766 1166.157
1109.766 1166.157
1109.766 1166.157
1109.766 1166.157
1109.766 1166.157
1109.766 1166.157
1109.766 1166.157
1109.766 1166.157
1107.429 1166.702
1104.702 1167.337
1103.923 1167.518
1103.923 1167.518
1103.923 1167.518
1103.923 1167.518
1103.923 1167.518
1103.923 1167.518
1103.923 1167.518
1103.923 1167.518
1103.923 1167.518
1103.533 1167.609
1101.196 1168.153
1098.858 1168.697
1096.521 1169.242
1096.521 1169.242
1096.521 1169.242
1096.521 1169.242
1096.521 1169.242
1096.521 1169.242
1096.521 1169.242
1096.521 1169.242
1096.521 1169.242
1096.521 1169.242
1096.521 1169.242
1096.521 1169.242
1096.521 1169.242
1096.521 1169.242
1096.521 1169.242
1096.521 1169.242
1096.521 1169.242
1096.521 1169.242
1096.521 1169.242
1096.521 1169.242
1096.521 1169.242
1096.521 1169.242
1096.521 1169.242
1094.962 1169.605
1092.235 1170.24
1091.067 1170.512
1091.067 1170.512
1091.067 1170.512
1091.067 1170.512
1091.067 1170.512
1091.067 1170.512
1089.898 1170.784
1087.171 1171.419
1084.833 1171.963
1083.275 1172.326
1083.275 1172.326
1083.275 1172.326
1083.275 1172.326
1083.275 1172.326
1083.275 1172.326
1083.275 1172.326
1082.885 1172.417
1080.158 1173.052
1077.431 1173.687
1076.263 1173.959
1076.263 1173.959
1076.263 1173.959
1076.263 1173.959
1076.263 1173.959
1076.263 1173.959
1076.263 1173.959
1076.263 1173.959
1076.263 1173.959
1076.263 1173.959
1073.925 1174.503
1071.198 1175.138
1069.64 1175.501
1069.64 1175.501
1069.64 1175.501
1069.64 1175.501
1069.64 1175.501
1069.64 1175.501
1069.64 1175.501
1069.64 1175.501
1069.64 1175.501
1069.64 1175.501
1069.64 1175.501
1069.64 1175.501
1069.64 1175.501
1069.64 1175.501
1069.64 1175.501
1069.64 1175.501
1069.64 1175.501
1068.861 1175.683
1066.523 1176.227
1063.796 1176.862
1061.459 1177.406
1061.459 1177.406
1061.459 1177.406
1061.459 1177.406
1061.459 1177.406
1061.459 1177.406
1061.459 1177.406
1061.199 1176.235
1060.764 1173.875
1060.764 1173.875
1060.764 1173.875
1060.764 1173.875
1059.581 1174.074
1056.82 1174.54
1054.059 1175.005
1053.27 1175.138
1053.27 1175.138
1053.27 1175.138
1053.27 1175.138
1053.27 1175.138
1052.481 1175.271
1050.115 1175.67
1047.748 1176.069
1046.959 1176.202
1046.959 1176.202
1046.959 1176.202
1046.959 1176.202
1046.714 1174.621
1046.441 1172.237
1046.321 1171.043
1045.127 1171.162
1042.739 1171.399
1040.35 1171.637
1038.36 1171.835
1038.36 1171.835
1038.36 1171.835
1038.36 1171.835
1035.972 1172.072
1033.584 1172.31
1031.196 1172.547
1030.002 1172.666
1030.002 1172.666
1030.002 1172.666
1030.002 1172.666
1028.807 1172.785
1026.419 1173.022
1024.031 1173.26
1021.643 1173.498
1020.847 1173.577
1020.847 1173.577
1020.847 1173.577
1020.449 1173.616
1018.06 1173.854
1015.672 1174.091
1013.284 1174.329
1012.488 1174.408
1012.488 1174.408
1012.488 1174.408
1012.488 1174.408
1012.09 1174.448
1009.702 1174.685
1007.314 1174.923
1004.925 1175.16
1002.537 1175.398
1000.945 1175.556
1000.945 1175.556
1000.945 1175.556
999.7509 1175.675
997.3626 1175.912
994.9744 1176.15
992.9842 1176.348
991.3921 1176.506
991.3921 1176.506
991.3921 1176.506
991.3921 1176.506
991.3921 1176.506
989.7999 1176.665
987.8098 1176.863
985.4215 1177.1
983.0333 1177.338
980.6451 1177.575
980.2471 1177.615
980.2471 1177.615
980.2471 1177.615
980.2471 1177.615
980.2471 1177.615
980.2471 1177.615
979.451 1177.694
977.0628 1177.932
974.6746 1178.169
972.6844 1178.367
972.6844 1178.367
972.6844 1178.367
972.6844 1178.367
972.6844 1178.367
972.6844 1178.367
972.6844 1178.367
972.6844 1178.367
972.6844 1178.367
972.6844 1178.367
972.6844 1178.367
972.6844 1178.367
972.6844 1178.367
972.6844 1178.367
972.6844 1178.367
972.6844 1178.367
972.6844 1178.367
971.8883 1178.446
969.5001 1178.684
967.1119 1178.921
965.1217 1179.119
962.7335 1179.357
962.7335 1179.357
962.7335 1179.357
962.7335 1179.357
962.7335 1179.357
962.7335 1179.357
962.7335 1179.357
962.7335 1179.357
962.6292 1178.161
962.5272 1175.764
962.541 1173.764
962.541 1173.764
962.541 1173.764
962.541 1173.764
962.541 1173.764
962.541 1173.764
962.541 1173.764
962.541 1173.764
962.541 1173.764
962.541 1173.764
962.541 1173.764
962.541 1173.764
962.541 1173.764
962.541 1173.764
962.541 1173.764
962.541 1173.764
962.541 1173.764
962.541 1173.764
962.541 1173.764
962.541 1173.764
962.541 1173.764
962.141 1173.758
959.7413 1173.723
957.3415 1173.688
954.9418 1173.652
952.942 1173.623
950.5422 1173.588
949.3424 1173.57
946.9426 1173.535
944.5429 1173.499
942.5431 1173.47
941.7432 1173.458
941.7432 1173.458
941.7432 1173.458
939.7434 1173.429
937.7437 1173.399
935.7438 1173.37
934.544 1173.352
934.544 1173.352
934.544 1173.352
933.7441 1173.34
931.3443 1173.305
929.3445 1173.276
927.3448 1173.246
926.1449 1173.229
926.1449 1173.229
926.1449 1173.229
926.1449 1173.229
926.1449 1173.229
925.345 1173.217
922.9453 1173.181
920.5455 1173.146
918.9457 1173.123
918.9457 1173.123
918.9457 1173.123
918.9457 1173.123
918.9457 1173.123
918.9457 1173.123
918.9457 1173.123
918.9457 1173.123
918.9457 1173.123
918.9457 1173.123
917.7458 1173.105
915.3461 1173.07
913.3463 1173.04
910.9465 1173.005
910.5466 1172.999
910.5466 1172.999
910.5466 1172.999
910.5466 1172.999
910.5466 1172.999
909.7466 1172.987
907.3469 1172.952
904.9472 1172.917
902.5474 1172.881
902.5474 1172.881
902.5474 1172.881
902.5474 1172.881
902.5474 1172.881
900.5477 1172.852
898.5479 1172.822
896.5481 1172.793
894.1484 1172.758
892.9485 1172.74
892.9485 1172.74
892.9485 1172.74
892.9485 1172.74
892.9485 1172.74
892.1486 1172.728
890.1488 1172.699
887.749 1172.663
885.3493 1172.628
882.9496 1172.593
882.9496 1172.593
882.9496 1172.593
882.9496 1172.593
882.9496 1172.593
882.9496 1172.593
880.9498 1172.563
878.55 1172.528
876.1503 1172.493
876.1503 1172.493
876.1503 1172.493
876.1503 1172.493
876.1503 1172.493
876.1503 1172.493
876.1503 1172.493
875.3504 1172.481
872.9507 1172.446
870.9509 1172.416
868.9511 1172.387
866.5513 1172.351
864.5516 1172.322
864.5516 1172.322
864.5516 1172.322
864.5516 1172.322
864.5516 1172.322
862.5518 1172.292
860.552 1172.263
857.7523 1172.222
856.9524 1172.21
856.9524 1172.21
856.9524 1172.21
856.9524 1172.21
856.9524 1172.21
856.9524 1172.21
856.9524 1172.21
854.5527 1172.175
852.1529 1172.14
850.5531 1172.116
848.1533 1172.081
846.5535 1172.057
846.5535 1172.057
846.5535 1172.057
846.5535 1172.057
846.5805 1170.857
846.7384 1168.463
846.9537 1166.475
846.9537 1166.475
846.9537 1166.475
846.9537 1166.475
845.3642 1166.292
843.3772 1166.064
840.9929 1165.79
838.6086 1165.516
837.8138 1165.425
837.8138 1165.425
836.6216 1165.288
835.032 1165.106
832.6477 1164.832
830.6608 1164.604
828.6738 1164.376
827.0843 1164.193
827.0843 1164.193
827.0843 1164.193
827.0843 1164.193
827.0843 1164.193
827.0843 1164.193
825.4948 1164.011
823.5078 1163.783
821.1235 1163.509
820.3287 1163.418
820.3287 1163.418
820.5324 1161.831
820.8601 1159.858
821.0696 1158.676
821.0696 1158.676
821.0696 1158.676
820.282 1158.536
818.3129 1158.186
815.95 1157.766
814.3747 1157.485
812.4056 1157.135
812.4056 1157.135
812.7863 1155.172
813.3728 1152.845
813.7014 1151.691
813.7014 1151.691
813.7014 1151.691
814.2886 1149.779
814.9138 1147.688
814.7937 1147.568
812.9129 1146.888
811.0321 1146.208
808.7751 1145.391
806.8943 1144.711
806.142 1144.439
806.142 1144.439
806.142 1144.439
806.142 1144.439
806.8503 1142.569
807.4811 1141.099
808.5317 1138.557
808.5317 1138.557
808.5317 1138.557
808.5317 1138.557
809.4552 1136.783
810.6749 1134.716
811.7603 1133.036
811.7603 1133.036
811.7603 1133.036
811.7603 1133.036
811.7603 1133.036
811.7603 1133.036
811.7603 1133.036
811.7603 1133.036
811.7603 1133.036
811.7603 1133.036
811.0906 1132.599
809.4163 1131.505
807.4072 1130.192
806.0344 1129.411
806.0344 1129.411
806.0344 1129.411
806.0344 1129.411
805.8321 1129.049
805.533 1128.274
805.4956 1126.461
805.4956 1125.846
805.4956 1125.846
805.4956 1125.846
805.4956 1125.846
805.4956 1125.846
805.4956 1125.846
805.4956 1125.234
805.4956 1123.452
805.4956 1121.759
805.4956 1121.482
805.4956 1121.482
805.4956 1121.482
805.4956 1121.482
805.4956 1121.482
805.4956 1121.482
805.4956 1120.932
805.4956 1119.857
805.4956 1118.355
805.4956 1117.634
805.4956 1117.634
805.4956 1117.634
805.4956 1117.634
805.4956 1117.634
805.4956 1117.634
805.4956 1117.634
805.4956 1117.395
805.4956 1116.233
805.4956 1114.946
805.4956 1114.533
805.4956 1114.533
805.4956 1114.533
805.4956 1114.533
805.4956 1114.533
805.4956 1114.533
805.4956 1114.533
805.4956 1114.533
805.4956 1113.53
805.4956 1112.791
805.4956 1111.753
805.4956 1111.163
805.4956 1110.717
805.4956 1110.717
805.4956 1110.717
805.4956 1110.717
805.4956 1110.717
805.4956 1110.717
805.4956 1110.717
804.9418 1108.795
804.3881 1106.874
803.8344 1104.952
803.5021 1103.799
803.5021 1103.799
803.5021 1103.799
803.5021 1103.799
803.5021 1103.799
803.5021 1103.799
803.8868 1103.689
805.4672 1103.181
805.4672 1102.781
805.4672 1102.573
805.4672 1102.573
805.3322 1101.785
804.9274 1099.419
804.6575 1097.842
804.2526 1095.476
803.9152 1093.505
803.9152 1093.505
803.9152 1093.505
803.9152 1093.505
803.9152 1093.505
803.9152 1093.505
803.9152 1093.505
803.9152 1093.505
803.9152 1093.505
803.9152 1093.505
803.9152 1093.505
803.9152 1093.505
803.9152 1093.505
803.9152 1093.505
803.7803 1092.716
803.3755 1090.351
803.1056 1088.774
802.7007 1086.408
802.4983 1085.225
802.4983 1085.225
802.4983 1085.225
802.4983 1085.225
802.4983 1085.225
802.4983 1085.225
802.4983 1085.225
802.4983 1085.225
802.4983 1085.225
802.4983 1085.225
802.4983 1085.225
802.4983 1085.225
802.4983 1085.225
802.4983 1085.225
802.4983 1085.225
802.4983 1085.225
802.4983 1085.225
802.4983 1085.225
802.4983 1085.225
802.4983 1085.225
802.4983 1085.225
802.4983 1085.225
802.3633 1084.437
802.026 1082.465
801.6887 1080.494
801.3513 1078.523
801.2163 1077.734
801.2163 1077.734
801.2163 1077.734
801.2163 1077.734
801.2163 1077.734
801.2163 1077.734
801.2163 1077.734
801.2163 1077.734
801.2163 1077.734
801.0139 1076.551
800.6765 1074.58
800.3392 1072.609
800.0018 1070.637
800.0018 1070.637
800.0018 1070.637
800.0018 1070.637
800.0018 1070.637
800.0018 1070.637
800.0018 1070.637
800.0018 1070.637
800.0018 1070.637
801.9773 1070.326
803.5658 1070.135
804.7593 1070.01
804.7593 1070.01
804.516 1067.623
804.3132 1065.633
804.1104 1063.643
803.8671 1061.256
803.8671 1061.256
803.8671 1061.256
803.8671 1061.256
803.7859 1060.46
803.5831 1058.47
803.3804 1056.48
803.1776 1054.491
802.9748 1052.501
802.8531 1051.307
802.8531 1051.307
802.8531 1051.307
802.8531 1051.307
802.8531 1051.307
802.8531 1051.307
802.8531 1051.307
802.8531 1051.307
802.8531 1051.307
802.8531 1051.307
802.8126 1050.909
802.6098 1048.92
802.407 1046.93
802.2042 1044.94
802.0825 1043.746
802.0825 1043.746
802.0825 1043.746
802.0825 1043.746
802.0825 1043.746
802.0825 1043.746
802.0825 1043.746
802.0825 1043.746
802.0825 1043.746
802.0825 1043.746
802.0825 1043.746
802.0825 1043.746
802.0825 1043.746
802.0825 1043.746
802.0014 1042.951
801.7986 1040.961
801.5958 1038.971
801.3931 1036.981
801.2308 1035.39
801.2308 1035.39
801.2308 1035.39
801.2308 1035.39
801.2308 1035.39
801.2308 1035.39
801.2308 1035.39
801.2308 1035.39
801.2308 1035.39
801.2308 1035.39
801.2308 1035.39
801.2308 1035.39
801.2308 1035.39
801.2308 1035.39
801.2308 1035.39
801.2308 1035.39
801.2308 1035.39
801.2308 1035.39
801.2308 1035.39
801.2308 1035.39
801.2308 1035.39
801.2308 1035.39
801.2308 1035.39
801.2308 1035.39
801.1497 1034.594
800.9064 1032.206
800.7441 1030.614
800.5008 1028.227
800.4197 1027.431
800.4197 1027.431
800.4197 1027.431
800.4197 1027.431
800.4197 1027.431
800.4197 1027.431
800.4197 1027.431
800.298 1026.237
800.0952 1024.247
799.8924 1022.258
799.649 1019.87
799.4868 1018.278
799.4057 1017.482
799.4057 1017.482
799.4057 1017.482
799.4057 1017.482
799.4057 1017.482
799.4057 1017.482
799.4057 1017.482
799.2841 1016.289
799.0812 1014.299
798.8785 1012.309
798.6757 1010.32
798.6351 1009.922
798.6351 1009.922
798.6351 1009.922
798.6351 1009.922
798.6351 1009.922
798.6351 1009.922
798.4729 1008.33
798.2701 1006.34
798.0673 1004.35
797.9051 1002.759
797.9051 1002.759
797.9051 1002.759
797.9051 1002.759
797.9051 1002.759
797.7429 1001.167
797.54 999.1773
797.3373 997.1876
797.175 995.5958
797.175 995.5958
797.175 995.5958
797.175 995.5958
797.175 995.5958
797.175 995.5958
797.1345 995.1979
796.9317 993.2082
796.7289 991.2185
796.5667 989.6268
796.3233 987.2391
796.3233 987.2391
796.3233 987.2391
796.3233 987.2391
796.3233 987.2391
796.3233 987.2391
796.08 984.8515
795.9177 983.2598
795.6744 980.8721
795.5121 979.2803
795.2689 976.8927
795.1877 976.0969
795.1877 976.0969
795.1877 976.0969
795.1877 976.0969
795.1877 976.0969
795.1877 976.0969
795.1877 976.0969
795.1066 975.301
794.9038 973.3113
794.701 971.3216
794.4982 969.3319
794.4633 967.3422
794.4633 966.9443
796.4556 966.7708
798.854 966.6943
800.054 966.6941
800.054 966.6941
800.054 966.6941
800.054 966.6941
800.0568 965.8941
800.0653 963.4941
800.071 961.8942
800.0738 961.0941
800.0738 961.0941
800.0738 961.0941
800.0738 961.0941
800.0738 961.0941
800.0738 961.0941
800.0738 961.0941
800.0738 961.0941
800.0823 958.6942
800.088 957.0942
800.0965 954.6942
800.1022 953.0942
800.1078 951.4942
800.1078 951.4942
800.1078 951.4942
800.1078 951.4942
800.1078 951.4942
800.1078 951.4942
800.1078 951.4942
800.1078 951.4942
800.1078 951.4942
800.1078 951.4942
800.1078 951.4942
800.1078 951.4942
800.1078 951.4942
800.1078 951.4942
800.1078 951.4942
800.1078 951.4942
800.1078 951.4942
800.1078 951.4942
800.1078 951.4942
800.1078 951.4942
800.1135 949.8942
800.122 947.4942
800.1277 945.8942
800.1348 943.8942
800.1418 941.8943
800.1432 941.4943
800.1432 941.4943
800.1432 941.4943
800.1432 941.4943
800.1432 941.4943
800.1432 941.4943
800.1432 941.4943
800.1432 941.4943
800.1432 941.4943
800.1432 941.4943
800.1432 941.4943
800.1432 941.4943
800.1432 941.4943
800.1517 939.0943
800.1574 937.4943
800.166 935.0943
800.1688 934.2943
800.1688 934.2943
800.1688 934.2943
800.1688 934.2943
800.1688 934.2943
800.1716 933.4943
800.1772 931.8943
800.1858 929.4943
800.1914 927.8943
800.1943 927.0944
800.1943 927.0944
800.1943 927.0944
800.1943 927.0944
800.1943 927.0944
800.2 925.4944
800.2084 923.0944
800.2169 920.6944
800.2226 919.0944
800.2297 917.0944
800.2297 917.0944
800.2297 917.0944
800.2311 916.6944
800.2368 915.0944
800.2453 912.6945
800.2524 910.6945
800.2595 908.6945
800.2665 906.6945
800.2665 906.6945
800.2665 906.6945
800.2665 906.6945
800.2693 905.8945
800.2765 903.8945
800.2836 901.8945
800.2921 899.4945
800.2977 897.8945
800.3005 897.0945
800.3005 897.0945
800.3005 897.0945
800.3005 897.0945
800.3034 896.2946
800.3119 893.8946
800.319 891.8946
800.326 889.8946
800.3317 888.2946
800.3317 888.2946
800.3317 888.2946
800.3317 888.2946
800.3331 887.8946
800.3417 885.4946
800.3473 883.8947
800.3558 881.4946
800.3586 880.6946
800.3586 880.6946
800.3586 880.6946
800.3586 880.6946
801.9584 880.7188
803.5558 880.8065
806.3395 881.1067
806.3395 881.1067
806.3395 881.1067
806.5342 879.5186
806.8262 877.1364
807.0695 875.1513
807.3129 873.1661
807.4589 871.975
807.4589 871.975
807.4589 871.975
807.4589 871.975
807.4589 871.975
807.751 869.5929
807.9943 867.6078
808.2377 865.6226
808.5297 863.2405
808.5297 863.2405
808.5297 863.2405
808.5297 863.2405
810.5103 863.5172
812.4763 863.8841
813.2603 864.0431
813.2603 864.0431
813.4202 863.2592
813.8201 861.2996
814.2199 859.34
814.6997 856.9885
814.9396 855.8127
814.9396 855.8127
815.4194 853.4611
815.8992 851.1096
816.299 849.1499
817.4179 847.8441
819.761 848.3356
822.0289 849.1201
823.5274 849.6808
823.5274 849.6808
823.5274 849.6808
823.5274 849.6808
823.5274 849.6808
823.5274 849.6808
823.5274 849.6808
823.5274 849.6808
825.7565 850.5699
827.0497 850.6725
827.0497 850.6725
827.8926 848.8588
828.904 846.6824
829.7468 844.8686
830.4211 843.4177
830.4211 843.4177
830.4211 843.4177
830.4211 843.4177
830.4211 843.4177
830.4211 843.4177
830.4211 843.4177
830.4211 843.4177
831.0954 841.9667
831.9382 840.1529
832.7811 838.3392
833.1182 837.6137
833.1182 837.6137
833.1182 837.6137
833.1182 837.6137
833.1182 837.6137
833.1182 837.6137
833.1182 837.6137
833.9611 835.8
834.9724 833.6235
835.8152 831.8098
836.6581 829.996
837.7413 830.5125
839.8581 831.6422
841.8809 832.9332
842.5405 833.3858
842.5405 833.3858
842.5405 833.3858
842.5405 833.3858
842.5405 833.3858
842.5405 833.3858
842.5405 833.3858
842.5405 833.3858
844.4888 834.7869
846.3433 836.3097
847.8408 837.6354
847.8408 837.6354
847.8408 837.6354
847.8408 837.6354
847.8408 837.6354
847.8408 837.6354
847.8408 837.6354
847.8408 837.6354
849.0226 838.7139
850.4386 840.1259
852.3047 842.213
852.3047 842.213
852.3047 842.213
852.3047 842.213
853.8155 840.9024
855.6284 839.3297
856.8369 838.2811
856.8369 838.2811
856.8369 838.2811
856.8369 838.2811
856.8369 838.2811
856.8369 838.2811
857.868 839.5046
859.0961 841.0828
860.2705 842.5336
860.2705 842.5336
860.2705 842.5336
860.2705 842.5336
861.8951 841.3671
863.1948 840.4338
865.1443 839.0341
867.0938 837.6342
868.0685 836.9343
868.0685 836.9343
868.0685 836.9343
868.0685 836.9343
868.0685 836.9343
868.7572 837.917
870.0507 839.938
871.0576 841.6661
871.0576 841.6661
871.0576 841.6661
871.0576 841.6661
872.4434 840.8663
874.1757 839.8667
876.2544 838.6671
878.3331 837.4675
879.026 837.0677
879.026 837.0677
879.026 837.0677
879.026 837.0677
879.026 837.0677
879.026 837.0677
879.026 837.0677
879.026 837.0677
879.2241 837.4152
880.3574 839.5305
881.3323 841.7229
882.2041 842.524
882.3478 842.524
882.3478 842.524
883.841 841.9491
885.7074 841.2303
887.947 840.3679
889.8135 839.6492
889.8135 839.6492
889.8135 839.6492
889.8135 839.6492
889.8135 839.6492
892.0531 838.7867
893.9196 838.068
895.7859 837.3492
895.7859 837.3492
895.7859 837.3492
895.7859 837.3492
896.5998 839.6068
897.2584 841.9141
897.6332 842.5209
897.6332 842.5209
897.6332 842.5209
898.4122 842.3388
900.7493 841.7925
902.6968 841.3374
904.6443 840.8822
906.2023 840.5181
906.2023 840.5181
906.5918 840.427
908.9288 839.8808
910.4868 839.5167
912.8238 838.9704
914.7714 838.5153
914.7714 838.5153
914.7714 838.5153
914.7714 838.5153
916.3293 838.1511
918.2769 837.6959
920.2244 837.2407
922.5614 836.6945
924.1194 836.3303
924.1194 836.3303
924.1194 836.3303
924.1194 836.3303
924.1194 836.3303
924.1194 836.3303
924.1194 836.3303
924.1194 836.3303
924.1194 836.3303
924.1194 836.3303
924.1194 836.3303
924.1194 836.3303
924.1194 836.3303
924.1194 836.3303
924.1194 836.3303
924.1194 836.3303
924.1194 836.3303
924.1194 836.3303
924.1194 836.3303
924.1194 836.3303
924.1194 836.3303
924.1194 836.3303
924.1194 836.3303
924.1194 836.3303
924.1194 836.3303
924.1194 836.3303
924.1194 836.3303
924.1194 836.3303
924.1194 836.3303
926.0669 835.8752
928.4039 835.3289
930.3514 834.8738
932.299 834.4186
933.0779 834.2365
933.0779 834.2365
933.0779 834.2365
933.0779 834.2365
933.0779 834.2365
933.0779 834.2365
933.0779 834.2365
933.0779 834.2365
933.0779 834.2365
934.2465 833.9634
935.8045 833.5992
938.1415 833.053
940.089 832.5978
940.868 832.4158
941.0455 833.1958
941.4421 835.1559
941.7609 837.5342
941.8788 838.7284
941.8788 838.7284
941.8788 838.7284
941.8788 838.7284
941.8788 838.7284
941.8788 838.7284
941.8788 838.7284
944.2682 838.5032
946.6577 838.278
948.2506 838.1278
948.2506 838.1278
948.2506 838.1278
948.2506 838.1278
948.2506 838.1278
950.2418 837.9401
951.8347 837.7899
954.2241 837.5647
955.4188 837.4521
955.4188 837.4521
955.4188 837.4521
955.4188 837.4521
955.4188 837.4521
955.4188 837.4521
955.4188 837.4521
957.41 837.2644
959.7994 837.0391
961.7906 836.8514
962.587 836.7764
962.587 836.7764
962.587 836.7764
962.587 836.7764
962.587 836.7764
962.587 836.7764
962.587 836.7764
962.587 836.7764
962.587 836.7764
962.587 836.7764
962.587 836.7764
962.587 836.7764
962.587 836.7764
964.9764 836.5511
967.3659 836.3259
968.9588 836.1758
968.9588 836.1758
968.9588 836.1758
968.9588 836.1758
968.9588 836.1758
968.9588 836.1758
968.9588 836.1758
968.9588 836.1758
968.9588 836.1758
968.9588 836.1758
968.9588 836.1758
968.9588 836.1758
968.9588 836.1758
968.9588 836.1758
968.9588 836.1758
968.9588 836.1758
968.9588 836.1758
968.9588 836.1758
968.9588 836.1758
970.5518 836.0256
972.9412 835.8004
975.3306 835.5751
976.9235 835.425
977.72 835.3499
977.72 835.3499
977.72 835.3499
977.72 835.3499
977.72 835.3499
977.72 835.3499
977.72 835.3499
978.5164 835.2748
980.5076 835.0871
982.897 834.8619
984.8882 834.6742
984.8882 834.6742
984.8882 834.6742
984.8882 834.6742
984.8882 834.6742
984.8882 834.6742
984.8882 834.6742
984.8882 834.6742
984.8882 834.6742
984.8882 834.6742
984.8882 834.6742
984.8882 834.6742
984.8882 834.6742
984.8882 834.6742
985.6847 834.5991
987.6758 834.4114
990.0652 834.1862
992.4547 833.9609
994.0476 833.8108
996.437 833.5856
996.437 833.5856
996.437 833.5856
996.437 833.5856
996.437 833.5856
996.437 833.5856
996.437 833.5856
996.437 833.5856
997.2335 833.5105
999.2247 833.3228
1001.216 833.1351
1003.605 832.9099
1005.198 832.7597
1005.995 832.6846
1005.995 832.6846
1005.995 832.6846
1005.995 832.6846
1005.995 832.6846
1005.995 832.6846
1005.995 832.6846
1005.995 832.6846
1005.995 832.6846
1005.995 832.6846
1005.995 832.6846
1007.189 832.572
1009.579 832.3468
1011.57 832.1591
1013.561 831.9714
1015.951 831.7462
1017.543 831.596
1017.543 831.596
1017.543 831.596
1017.543 831.596
1017.942 831.5585
1020.331 831.3333
1021.924 831.183
1024.313 830.9578
1026.703 830.7326
1027.499 830.6575
1027.499 830.6575
1027.499 830.6575
1027.499 830.6575
1027.499 830.6575
1027.499 830.6575
1027.499 830.6575
1027.499 830.6575
1027.499 830.6575
1027.499 830.6575
1027.499 830.6575
1027.499 830.6575
1027.499 830.6575
1027.499 830.6575
1027.499 830.6575
1027.499 830.6575
1027.499 830.6575
1027.499 830.6575
1027.499 830.6575
1027.499 830.6575
1027.499 830.6575
1029.49 830.4698
1031.482 830.2822
1033.871 830.0569
1035.464 829.9067
1037.853 829.6815
1038.252 829.644
1038.252 829.644
1038.252 829.644
1038.252 829.644
1038.252 829.644
1038.252 829.644
1038.252 829.644
1038.407 831.6379
1038.458 832.4362
1038.458 832.4362
1038.458 832.4362
1038.458 832.4362
1038.458 832.4362
1038.458 832.4362
1038.458 832.4362
1038.458 832.4362
1038.458 832.4362
1038.458 832.4362
1038.458 832.4362
1038.458 832.4362
1038.458 832.4362
1038.458 832.4362
1038.458 832.4362
1040.854 832.2855
1042.85 832.1599
1043.648 832.1097
1043.648 832.1097
1043.648 832.1097
1043.648 832.1097
1043.648 832.1097
1043.648 832.1097
1043.648 832.1097
1045.245 832.0092
1047.241 831.8836
1049.636 831.7329
1052.032 831.5822
1052.431 831.5571
1052.431 831.5571
1052.431 831.5571
1052.431 831.5571
1052.431 831.5571
1052.431 831.5571
1054.028 831.4567
1056.024 831.3311
1058.419 831.1804
1060.016 831.0799
1060.814 831.0297
1060.814 831.0297
1060.814 831.0297
1060.814 831.0297
1061.214 831.0045
1063.609 830.8538
1065.206 830.7534
1067.601 830.6027
1069.198 830.5022
1069.198 830.5022
1069.198 830.5022
1069.198 830.5022
1069.198 830.5022
1069.198 830.5022
1069.198 830.5022
1069.292 832.4999
1069.269 834.8994
1069.214 836.0981
1069.214 836.0981
1069.214 836.0981
1071.212 836.197
1073.21 836.2958
1075.207 836.3947
1077.205 836.4935
1078.403 836.5529
1078.403 836.5529
1078.403 836.5529
1078.403 836.5529
1079.202 836.5924
1081.599 836.711
1083.197 836.7901
1085.594 836.9088
1087.592 837.0076
1089.19 837.0867
1089.19 837.0867
1089.19 837.0867
1089.19 837.0867
1090.389 837.146
1092.786 837.2646
1094.384 837.3437
1096.781 837.4623
1098.379 837.5414
1099.577 837.6007
1099.577 837.6007
1099.577 837.6007
1099.577 837.6007
1099.613 836.8015
1099.641 834.402
1099.498 832.0067
1099.464 831.6082
1099.464 831.6082
1100.26 831.5383
1102.253 831.3635
1104.644 831.1538
1106.237 831.014
1108.628 830.8043
1108.628 830.8043
1108.628 830.8043
1108.628 830.8043
1108.628 830.8043
1110.222 830.6646
1112.214 830.4897
1114.605 830.2801
1115.534 830.1403
1115.534 829.9305
1115.534 829.9305
1115.534 829.9305
1115.534 829.9305
1115.534 829.8257
1115.534 829.6509
1115.534 829.4762
1115.534 829.3015
1115.534 829.1267
1115.534 829.0917
1115.609 831.0864
1115.629 833.4857
1115.613 834.6856
1115.613 834.6856
1115.613 834.6856
1115.613 834.6856
1115.613 834.6856
1115.613 834.6856
1117.212 834.7126
1119.212 834.7465
1121.212 834.7803
1122.812 834.8073
1122.812 834.8073
1122.812 834.8073
1122.812 834.8073
1122.812 834.8073
1122.812 834.8073
1123.611 834.8209
1126.011 834.8615
1127.611 834.8885
1130.011 834.9291
1132.01 834.9629
1132.01 834.9629
1132.01 834.9629
1132.01 834.9629
1132.01 834.9629
1132.01 834.9629
1133.61 834.99
1135.61 835.0238
1138.009 835.0644
1139.609 835.0914
1139.609 835.0914
1139.609 835.0914
1139.609 835.0914
1139.609 835.0914
1139.609 835.0914
1141.209 835.1185
1143.609 835.1591
1145.208 835.1861
1146.808 835.2132
1146.808 835.2132
1146.808 835.2132
1146.808 835.2132
1146.808 835.2132
1146.808 835.2132
1146.808 835.2132
1146.808 835.2132
1146.808 835.2132
1149.208 835.2538
1150.808 835.2808
1153.207 835.3214
1155.607 835.362
1156.007 835.3688
1156.007 835.3688
1156.007 835.3688
1156.007 835.3688
1156.007 835.3688
1158.406 835.4094
1160.406 835.4432
1162.406 835.477
1164.806 835.5176
1166.405 835.5446
1167.605 835.5649
1167.576 836.7645
1167.494 838.3624
1167.192 840.7421
1166.757 842.538
1166.575 842.5226
1166.575 842.5226
1166.575 842.5226
1167.736 842.8233
1169.673 843.3246
1171.996 843.926
1173.932 844.4273
1175.481 844.8283
1175.481 844.8283
1175.481 844.8283
1175.481 844.8283
1175.481 844.8283
1175.481 844.8283
1175.481 844.8283
1175.481 844.8283
1175.481 844.8283
1175.481 844.8283
1175.481 844.8283
1175.481 844.8283
1175.481 844.8283
1175.481 844.8283
1175.481 844.8283
1175.481 844.8283
1175.481 844.8283
1175.481 844.8283
1175.481 844.8283
1175.481 844.8283
1175.481 844.8283
1175.481 844.8283
1175.481 844.8283
1175.481 844.8283
1175.481 844.8283
1175.481 844.8283
1175.481 844.8283
1175.481 844.8283
1175.481 844.8283
1175.481 844.8283
1175.481 844.8283
1175.481 844.8283
1175.481 844.8283
1175.481 844.8283
1175.481 844.8283
1175.481 844.8283
1175.481 844.8283
1175.481 844.8283
1175.481 844.8283
1175.481 844.8283
1175.481 844.8283
1175.481 844.8283
1175.481 844.8283
1175.481 844.8283
1175.481 844.8283
1175.481 844.8283
1175.481 844.8283
1177.804 845.4298
1179.741 845.931
1181.677 846.4323
1183.613 846.9335
1183.613 846.9335
1183.192 848.4771
1182.709 850.0023
1181.735 852.6272
1181.735 852.6272
1181.735 852.6272
1181.735 852.6272
1181.735 852.6272
1181.735 852.6272
1182.854 853.061
1184.719 853.7841
1186.21 854.3625
1188.448 855.2302
1188.821 855.3748
1188.675 855.7472
1187.909 857.5946
1186.823 859.7335
1186.587 861.3815
1186.587 862.7168
1186.587 862.7168
1186.587 862.7168
1186.587 862.7168
1187.586 863.3821
1189.583 864.7128
1190.915 865.6
1192.912 866.9307
1193.578 867.3743
1193.578 867.3743
1193.578 867.3743
1192.676 868.6959
1191.726 869.9831
1189.866 872.0739
1188.147 873.7488
1188.147 873.7488
1188.147 873.7488
1189.251 874.9073
1190.906 876.6451
1192.286 878.0932
1193.665 879.5413
1193.665 879.5413
1193.665 879.5413
1193.665 879.5413
1193.665 879.5413
1192.493 880.6308
1191.282 881.6763
1189.418 882.7214
1189.418 882.7214
1189.418 882.7214
1189.418 882.7214
1189.418 882.7214
1190.166 882.7214
1191.744 882.8353
1193.169 884.0363
1194.416 885.5999
1195.413 886.8509
1195.413 886.8509
1195.413 886.8509
1195.413 886.8509
1195.413 886.8509
1194.468 887.5905
1193.52 888.9833
1193.52 890.2518
1193.52 890.4587
1193.934 891.1434
1194.968 892.8551
1196.003 894.5668
1197.244 896.6208
1198.278 898.3326
1199.313 900.0443
1200.554 902.0983
1201.589 903.8101
1201.982 905.5217
1201.982 907.5758
1201.982 908.9451
1200.948 909.5544
1199.19 910.5071
1196.991 911.467
1194.736 912.2869
1193.532 913.0981
1193.532 913.7183
1193.532 913.7183
1193.532 913.7183
1193.532 913.7183
1193.697 914.501
1194.11 916.4579
1194.606 918.8061
1195.102 921.1543
1195.598 923.5025
1196.094 925.8508
1196.507 927.8076
1196.507 927.8076
1196.507 927.8076
1197.003 930.1558
1197.499 932.504
1197.994 934.8522
1198.408 936.8091
1198.821 938.766
1199.317 941.1142
1199.812 943.4624
1200.308 945.8106
1200.391 946.202
1200.391 946.202
1199.215 946.4389
1198.079 946.8073
1198.079 947.0307
1198.079 947.0307
1198.079 947.0307
1198.079 947.0307
1198.079 947.0307
1198.079 947.0307
1198.079 947.0307
1198.267 949.4233
1198.456 951.8159
1198.613 953.8098
1198.801 956.2023
1198.989 958.595
1199.177 960.9875
1199.334 962.9814
1199.334 962.9814
1199.334 962.9814
1199.334 962.9814
1199.429 964.1777
1199.617 966.5703
1199.805 968.9629
1199.962 970.9567
1199.962 970.9567
1199.962 970.9567
1199.962 970.9567
1199.962 970.9567
1199.962 970.9567
1199.962 970.9567
1199.962 970.9567
1199.962 970.9567
1199.962 970.9567
1199.962 970.9567
1199.962 970.9567
1199.962 970.9567
1199.962 970.9567
1199.962 970.9567
1199.962 970.9567
1199.962 970.9567
1199.962 970.9567
1199.962 970.9567
1199.962 970.9567
1199.962 970.9567
1199.962 970.9567
1199.962 970.9567
1199.962 970.9567
1199.962 970.9567
1199.962 970.9567
1199.962 970.9567
1199.962 970.9567
1199.962 970.9567
1199.962 970.9567
1199.962 970.9567
1199.962 970.9567
1199.962 970.9567
1199.962 970.9567
1199.962 970.9567
1199.962 970.9567
1199.962 970.9567
1199.962 970.9567
1199.962 970.9567
1199.962 970.9567
1199.962 970.9567
1199.962 970.9567
1199.962 970.9567
1199.962 970.9567
1199.962 970.9567
1199.962 970.9567
1199.962 970.9567
1199.962 970.9567
1199.962 970.9567
1199.962 970.9567
1199.962 970.9567
1199.962 970.9567
1199.962 970.9567
1199.962 970.9567
1199.962 970.9567
1199.962 970.9567
1199.962 970.9567
1199.962 970.9567
1199.962 970.9567
1199.962 970.9567
1199.962 970.9567
1199.962 970.9567
1199.962 970.9567
1199.962 970.9567
1199.962 970.9567
1199.962 970.9567
1199.962 970.9567
1199.962 970.9567
1199.962 970.9567
1199.962 970.9567
1199.962 970.9567
1199.962 970.9567
1199.962 970.9567
1199.962 970.9567
1199.962 970.9567
1199.962 970.9567
1199.962 970.9567
1199.962 970.9567
1199.962 970.9567
1199.962 970.9567
1199.962 970.9567
1199.962 970.9567
1199.962 970.9567
1199.962 970.9567
1199.962 970.9567
1199.962 970.9567
1199.962 970.9567
1199.962 970.9567
1199.962 970.9567
1199.962 970.9567
1199.962 970.9567
1199.962 970.9567
1199.962 970.9567
1199.962 970.9567
1199.962 970.9567
1199.962 970.9567
1199.962 970.9567
1199.962 970.9567
1199.962 970.9567
1199.962 970.9567
1199.962 970.9567
1199.962 970.9567
1199.962 970.9567
1199.962 970.9567
1199.962 970.9567
1199.962 970.9567
1199.962 970.9567
1199.962 970.9567
1199.962 970.9567
1199.962 970.9567
1199.962 970.9567
1199.962 970.9567
1199.962 970.9567
1199.962 970.9567
1199.962 970.9567
1199.962 970.9567
1199.962 970.9567
1199.962 970.9567
1199.962 970.9567
1199.962 970.9567
1199.962 970.9567
1199.962 970.9567
1199.962 970.9567
1199.962 970.9567
1199.962 970.9567
1199.962 970.9567
1199.962 970.9567
1199.962 970.9567
1199.868 969.7604
1199.68 967.3678
1199.491 964.9752
1199.303 962.5826
1199.115 960.19
1199.021 958.9937
1199.021 958.9937
1199.021 958.9937
1199.021 958.9937
1199.021 958.9937
1199.021 958.9937
1199.021 958.9937
1199.021 958.9937
1198.926 957.7974
1198.738 955.4048
1198.55 953.0122
1198.33 950.2209
1198.173 948.2271
1198.006 945.8344
1197.849 943.4418
1197.755 942.2455
1197.567 939.8529
1197.41 937.8591
1197.41 937.8591
1197.41 937.8591
1197.253 935.8652
1197.033 933.0739
1196.908 931.4788
1196.719 929.0862
1196.531 926.6936
1196.343 924.301
1196.154 921.9084
1196.029 920.3134
1195.809 917.522
1195.652 915.5281
1195.464 913.1356
1195.276 910.743
1195.119 908.7491
1194.962 906.7553
1194.773 904.3627
1195.085 902.1378
1195.62 900.3635
1195.474 898.3695
1195.474 898.3695
1195.474 898.3695
1195.474 898.3695
1197.862 898.1296
1200.234 897.769
1200.629 897.7032
1200.629 897.7032
1200.432 896.5196
1200.037 894.1523
1199.708 892.1796
1199.576 891.3904
1199.576 891.3904
1199.576 891.3904
1199.379 890.2068
1198.984 887.8395
1198.589 885.4722
1198.326 883.894
1197.931 881.5266
1197.537 879.1593
1197.274 877.5811
1196.879 875.2138
1196.616 873.6356
1196.418 872.452
1196.418 872.452
1196.418 872.452
1196.418 872.452
1196.418 872.452
1196.155 870.8737
1195.76 868.5064
1195.365 866.1391
1195.234 865.35
1195.234 865.35
1195.234 865.35
1195.234 865.35
1195.234 865.35
1195.234 865.35
1195.234 865.35
1195.234 865.35
1195.234 865.35
1195.234 865.35
1195.234 865.35
1195.234 865.35
1195.234 865.35
1195.234 865.35
1195.234 865.35
1195.234 865.35
1195.234 865.35
1195.234 865.35
1195.234 865.35
1195.234 865.35
1195.234 865.35
1195.234 865.35
1195.234 865.35
1195.234 865.35
1195.234 865.35
1195.234 865.35
1195.234 865.35
1195.234 865.35
1195.234 865.35
1195.234 865.35
1195.234 865.35
1195.234 865.35
1195.234 865.35
1195.234 865.35
1197.201 864.9868
1199.144 864.517
1200.3 863.9739
1200.3 863.9739
1200.3 863.9739
1200.3 863.9739
1200.3 863.9739
1200.3 863.9739
1200.3 863.9739
1200.3 863.9739
1200.3 863.9739
1200.3 863.9739
1200.3 863.9739
1200.3 863.9739
1200.3 863.9739
1200.3 863.9739
1200.3 863.9739
1199.856 862.4369
1199.3 860.5156
1198.745 858.5944
1198.189 856.673
1197.633 854.7518
1197.522 854.3676
1197.522 854.3676
1197.522 854.3676
1197.522 854.3676
1197.522 854.3676
1197.522 854.3676
1197.522 854.3676
1197.522 854.3676
1197.522 854.3676
1197.522 854.3676
1197.522 854.3676
1197.522 854.3676
1197.522 854.3676
1197.522 854.3676
1197.522 854.3676
1197.522 854.3676
1197.522 854.3676
1197.522 854.3676
1197.522 854.3676
1197.522 854.3676
1197.522 854.3676
1197.522 854.3676
1197.522 854.3676
1197.522 854.3676
1197.522 854.3676
1197.522 854.3676
1197.522 854.3676
1197.522 854.3676
1197.522 854.3676
1197.522 854.3676
1197.522 854.3676
1197.522 854.3676
1197.522 854.3676
1197.522 854.3676
1197.522 854.3676
1197.522 854.3676
1197.522 854.3676
1197.522 854.3676
1197.522 854.3676
1195.204 854.9899
1192.855 855.4779
1192.068 855.6231
1192.068 855.6231
1192.068 855.6231
1192.068 855.6231
1192.068 855.6231
1192.068 855.6231
1192.068 855.6231
1192.461 855.5496
1194.809 855.0541
1197.108 854.3675
1198.962 853.6198
1200.293 852.6301
1200.293 852.6301
1200.293 852.6301
1200.293 852.6301
1200.293 852.6301
1200.293 852.6301
1200.293 852.6301
1200.293 852.6301
1200.293 852.6301
1198.465 853.4417
1196.222 854.2955
1195.088 854.6875
1195.088 854.6875
1195.088 854.6875
1195.088 854.6875
1195.088 854.6875
1195.088 854.6875
1195.088 854.6875
1195.476 855.8231
1196.123 857.7157
1196.769 859.6083
1197.416 861.501
1198.062 863.3936
1198.709 865.2863
1199.355 867.1788
1199.355 867.1788
1199.355 867.1788
1199.355 867.1788
1199.355 867.1788
1199.355 867.1788
1199.355 867.1788
1197.454 867.8008
1195.137 868.4243
1192.797 868.9534
1192.797 868.9534
1193.143 870.5155
1193.576 872.4681
1194.009 874.4206
1194.529 876.7637
1194.962 878.7162
1195.395 880.6688
1195.914 883.0118
1196.347 884.9644
1196.671 886.9334
1195.872 889.1451
1194.498 891.1127
1194.278 891.4465
1194.278 891.4465
1194.278 891.4465
1194.278 891.4465
1194.278 891.4465
1194.278 891.4465
1194.278 891.4465
1194.278 891.4465
1194.278 891.4465
1194.41 893.041
1194.576 895.0341
1194.775 897.4258
1195.409 899.0373
1195.692 900.9895
1195.891 903.3812
1196.09 905.7729
1196.255 907.7661
1196.421 909.7592
1196.498 912.1517
1195.922 914.0605
1195.495 916.4114
1195.478 919.2113
1195.463 921.6113
1195.448 924.0112
1195.433 926.4112
1195.421 928.4111
1195.409 930.4111
1195.401 931.6111
1195.401 931.6111
1195.389 933.611
1195.375 936.011
1195.365 937.611
1195.35 940.0109
1195.335 942.4109
1195.32 942.97
1195.306 942.97
1195.291 942.97
1195.279 942.97
1195.264 942.97
1195.252 942.97
1195.237 942.97
1195.222 942.97
1195.207 942.97
1195.193 942.97
1195.178 942.97
1195.178 942.97
1195.178 942.97
1195.178 942.97
1195.178 942.97
1195.168 942.97
1195.153 942.97
1195.138 942.97
1195.124 942.97
1195.111 942.97
1195.099 942.97
1195.092 942.97
1195.092 942.97
1195.092 942.97
1195.092 942.97
1195.092 942.97
1195.092 942.97
1195.092 942.97
1195.092 942.97
1195.092 942.97
1195.092 942.97
1195.092 942.97
1195.092 942.97
1195.092 942.97
1195.092 942.97
1195.092 942.97
1195.092 942.97
1195.092 942.97
1195.092 942.97
1195.092 942.97
1195.092 942.97
1195.092 942.97
1195.092 942.97
1195.092 942.97
1195.084 942.97
1195.07 942.97
1195.055 942.97
1195.04 942.97
1197.037 942.9445
1199.431 942.7715
1201.814 942.4896
1204.17 942.0381
1204.471 941.2864
1204.479 939.7319
1204.483 938.2791
1204.484 937.246
1204.484 937.246
1204.484 937.246
1204.484 937.246
1203.565 938.0178
1201.662 939.479
1200.023 940.6254
1200.023 940.6254
1200.023 940.6254
1200.023 940.6254
1200.023 940.6254
1200.023 940.6254
1200.023 940.6254
1199.027 941.2949
1197.672 942.1442
1195.227 943.0194
1194.139 943.0194
1194.139 943.0194
1194.139 943.0194
1194.139 943.0194
1194.139 943.0194
1194.139 943.0194
1194.139 943.0194
1194.139 943.0194
1194.139 943.0194
1194.139 943.0194
1194.306 943.0194
1195.306 943.0194
1196.281 943.1169
1197.764 944.4675
1198.765 946.6488
1199.765 948.8302
1200.766 951.0116
1201.6 952.8294
1201.6 952.8294
1201.6 952.8294
1201.6 952.8294
1200.505 953.3191
1198.273 954.2017
1198.076 954.8676
1198.076 955.3196
1198.076 955.3196
1198.076 955.3196
1198.076 955.3196
1198.248 956.101
1198.764 958.4449
1199.279 960.7888
1199.795 963.1328
1200.311 965.4767
1200.826 967.8207
1200.79 970.0873
1198.953 971.3588
1196.56 971.5352
1194.16 971.5322
1193.535 971.502
1193.52 972.3019
1193.474 974.7014
1193.457 977.101
1193.457 978.6166
1193.457 978.6166
1193.457 978.6166
1193.457 978.6166
1193.457 978.6166
1193.457 978.6166
1193.457 978.6166
1193.457 978.6166
1193.457 978.6166
1195.457 978.6201
1197.851 978.472
1200.223 978.1083
1201.402 977.886
1201.402 977.886
1201.402 977.886
1201.402 977.886
1201.402 977.886
1201.402 977.886
1201.402 977.886
1201.402 977.886
1201.402 977.886
1201.859 980.2421
1202.316 982.5982
1202.849 985.347
1203.306 987.7031
1203.616 990.0593
1203.616 992.808
1203.616 995.1641
1203.616 997.5203
1203.616 999.8763
1203.616 1002.232
1203.616 1004.589
1203.957 1006.948
1204.414 1009.304
1204.53 1011.66
1204.53 1014.016
1204.53 1016.372
1204.53 1018.728
1204.53 1021.085
1204.509 1023.455
1203.128 1025.373
1200.779 1025.764
1198.779 1025.784
1198.779 1025.784
1198.779 1025.784
1198.781 1026.584
1198.786 1028.984
1198.792 1031.384
1198.797 1033.784
1198.803 1036.184
1198.808 1038.584
1198.814 1040.984
1198.819 1043.384
1198.825 1045.784
1198.829 1047.784
1198.835 1050.184
1198.839 1052.184
1198.845 1054.584
1198.85 1056.984
1198.856 1059.384
1198.861 1061.784
1198.866 1063.784
1198.871 1065.784
1198.876 1068.184
1198.882 1070.584
1198.887 1072.984
1198.893 1075.384
1198.897 1077.384
1198.903 1079.784
1198.907 1081.784
1198.913 1084.184
1198.918 1086.584
1198.924 1088.984
1198.929 1091.384
1198.935 1093.784
1198.939 1095.784
1198.945 1098.184
1198.95 1100.584
1198.955 1102.584
1198.96 1104.984
1198.966 1107.384
1198.971 1109.784
1198.977 1112.184
1198.982 1114.584
1198.988 1116.984
1198.993 1119.384
1198.999 1121.784
1199.004 1124.184
1199.01 1126.584
1199.014 1128.584
1199.019 1130.584
1199.025 1133.384
1199.031 1135.784
1199.035 1137.784
1199.041 1140.184
1199.041 1140.184
1199.041 1140.184
1199.041 1140.184
1199.041 1140.184
1199.041 1140.184
1199.041 1140.184
1199.041 1140.184
1199.041 1140.184
1199.041 1140.184
1199.041 1140.184
1199.041 1140.184
1199.041 1140.184
1199.041 1140.184
1199.041 1140.184
1199.041 1140.184
1199.041 1140.184
1199.041 1140.184
1199.041 1140.184
1197.841 1140.176
1195.444 1140.055
1193.077 1139.674
1191.073 1139.104
1190.528 1139.736
1190.254 1140.01
1190.254 1140.01
1190.254 1140.01
1190.254 1140.01
1190.254 1140.01
1190.254 1140.01
1189.721 1141.085
1188.654 1143.234
1187.587 1145.384
1186.52 1147.534
1185.453 1149.684
1184.386 1151.833
1183.319 1153.983
1181.226 1154.914
1179.121 1153.786
1177.697 1152.574
1177.931 1152.337
1178.351 1151.915
1178.764 1151.501
1178.764 1151.501
1178.764 1151.501
1178.764 1151.501
1178.764 1151.501
1178.764 1151.501
1178.764 1151.501
1178.764 1151.501
1179.525 1152.909
1180.785 1154.95
1182.249 1156.851
1183.552 1158.368
1183.552 1158.368
1183.552 1158.368
1182.951 1158.896
1181.147 1160.48
1179.344 1162.063
1177.54 1163.647
1175.737 1165.23
1173.933 1166.814
1172.13 1168.397
1170.326 1169.98
1168.32 1171.185
1166.13 1170.51
1164.313 1167.897
1163.551 1166.49
1163.551 1166.49
1162.158 1163.875
1161.292 1163.875
1161.292 1163.875
1161.292 1163.875
1158.664 1164.843
1156.412 1165.673
1154.16 1166.503
1151.908 1167.332
1149.656 1168.162
1147.404 1168.992
1145.152 1169.822
1142.9 1170.652
1140.648 1171.481
1138.396 1172.311
1136.145 1173.141
1133.892 1173.971
1131.641 1174.801
1129.013 1175.769
1126.386 1176.737
1124.134 1177.567
1121.834 1178.172
1119.566 1177.651
1117.783 1175.512
1117.47 1173.943
1117.47 1173.943
1117.47 1173.943
1117.47 1173.943
1117.47 1173.943
1117.47 1173.943
1117.47 1173.943
1117.47 1173.943
1117.47 1173.943
1117.47 1173.943
1117.47 1173.943
1117.47 1173.943
1117.47 1173.943
1117.47 1173.943
1117.47 1173.943
1117.47 1173.943
1117.078 1174.02
1114.723 1174.484
1111.976 1175.026
1109.621 1175.49
1107.266 1175.954
1104.519 1176.496
1102.165 1176.96
1099.81 1177.425
1097.455 1177.889
1095.101 1178.353
1092.746 1178.817
1089.999 1179.359
1087.252 1179.9
1084.897 1180.365
1082.706 1180.17
1081.867 1178.073
1081.679 1176.485
1081.679 1176.485
1081.679 1176.485
1081.679 1176.485
1081.679 1176.485
1081.679 1176.485
1081.679 1176.485
1081.679 1176.485
1081.463 1173.693
1081.502 1170.895
1081.65 1168.499
1081.65 1168.499
1081.65 1168.499
1081.65 1168.499
1081.65 1168.499
1081.65 1168.499
1081.65 1168.499
1081.65 1168.499
1081.65 1168.499
1081.65 1168.499
1081.65 1168.499
1081.603 1169.298
1081.557 1171.697
1081.758 1174.087
1082.334 1177.234
1082.334 1177.234
1082.334 1177.234
1079.593 1177.81
1077.245 1178.303
1074.896 1178.797
1072.547 1179.29
1070.981 1179.619
1069.807 1179.866
1067.458 1180.359
1065.11 1180.853
1062.761 1181.346
1062.328 1178.986
1062.099 1176.197
1062.192 1173.4
1062.382 1171.007
1062.382 1171.007
1062.595 1169.019
1063.011 1166.656
1063.432 1164.7
1063.432 1164.7
1063.432 1164.7
1063.432 1164.7
1063.432 1164.7
1063.432 1164.7
1063.432 1164.7
1063.609 1163.92
1063.657 1162.055
1063.31 1160.166
1063.31 1157.284
1063.31 1157.284
1063.31 1157.284
1063.31 1157.284
1063.31 1157.284
1063.31 1157.284
1063.31 1156.221
1063.31 1155.239
1063.31 1155.239
1063.31 1155.239
1063.31 1155.239
1063.31 1155.239
1063.31 1155.239
1063.31 1155.239
1063.31 1155.239
1061.569 1155.222
1060.076 1155.222
1058.583 1155.222
1057.09 1155.222
1055.598 1155.222
1054.105 1155.222
1052.493 1155.033
1052.12 1154.865
1053.562 1155.212
1056.4 1155.195
1056.4 1155.195
1056.4 1155.195
1056.4 1155.195
1056.4 1155.195
1056.4 1155.195
1056.4 1155.195
1056.4 1155.195
1056.4 1155.195
1057.843 1155.193
1060.059 1155.188
1062.753 1155.177
1063.263 1155.175
1063.263 1155.175
1063.263 1155.175
1063.263 1155.175
1063.263 1155.175
1063.263 1155.175
1063.263 1155.175
1063.263 1155.175
1062.476 1155.318
1060.131 1155.826
1057.843 1156.548
1055.247 1157.597
1055.247 1157.597
1055.247 1157.597
1055.247 1157.597
1055.247 1157.597
1055.247 1157.597
1054.771 1156.496
1053.819 1155.233
1052.74 1155.132
1051.244 1153.896
1051.244 1153.896
1051.244 1153.896
1051.244 1153.896
1051.244 1153.896
1051.244 1153.896
1051.244 1153.896
1050.768 1152.794
1049.816 1150.591
1048.864 1148.388
1047.912 1146.185
1046.96 1143.982
1046.325 1142.513
1047.431 1142.047
1049.681 1141.214
1050.868 1140.572
1050.868 1140.218
1050.868 1140.218
1050.868 1140.218
1050.868 1140.218
1050.868 1140.218
1050.868 1140.218
1050.868 1140.218
1050.868 1140.218
1050.868 1140.134
1050.868 1139.703
1050.868 1139.478
1050.868 1139.426
1050.868 1139.426
1050.868 1139.426
1050.868 1139.426
1050.868 1139.426
1050.868 1139.426
1050.868 1139.426
1050.868 1139.426
1050.868 1139.426
1050.868 1139.426
1050.868 1139.426
1050.868 1139.426
1050.868 1139.426
1050.868 1139.426
1050.868 1139.426
1050.868 1139.426
1050.868 1139.426
1050.868 1139.426
1050.868 1139.426
1050.868 1139.426
1050.868 1139.426
1050.868 1139.426
1050.868 1139.426
1050.868 1139.426
1050.868 1139.426
1050.868 1139.426
1050.868 1139.426
1050.868 1139.426
1050.868 1139.426
1050.868 1139.426
1050.868 1139.426
1050.868 1139.426
1050.868 1139.426
1050.868 1139.426
1050.868 1139.426
1050.868 1139.426
1050.868 1139.426
1050.868 1139.426
1050.868 1139.426
1050.84 1137.026
1050.813 1134.626
1050.781 1131.826
1050.771 1131.026
1050.771 1131.026
1050.771 1131.026
1050.771 1131.026
1050.771 1131.026
1050.771 1131.026
1050.771 1131.026
1050.771 1131.026
1050.771 1131.026
1050.771 1131.026
1050.771 1131.026
1050.771 1131.026
1050.771 1131.026
1050.771 1131.026
1050.771 1131.026
1050.771 1131.026
1050.771 1131.026
1050.771 1131.026
1050.771 1131.026
1050.771 1131.026
1050.771 1131.026
1050.771 1131.026
1050.771 1131.026
1050.771 1131.026
1050.771 1131.026
1050.771 1131.026
1050.771 1131.026
1050.771 1131.026
1050.771 1131.026
1050.771 1131.026
1050.749 1129.026
1050.721 1126.627
1050.689 1123.827
1050.675 1122.627
1050.675 1122.627
1050.675 1122.627
1050.675 1122.627
1050.675 1122.627
1050.675 1122.627
1050.652 1120.627
1050.62 1117.827
1050.597 1115.827
1050.57 1113.427
1050.538 1110.628
1050.529 1109.828
1050.529 1109.828
1050.529 1109.828
1050.529 1109.828
1050.501 1107.428
1050.474 1105.028
1050.442 1102.228
1050.414 1099.828
1050.387 1097.428
1050.387 1097.428
1050.387 1097.428
1050.387 1097.428
1050.387 1097.428
1050.387 1097.428
1050.387 1097.428
1050.387 1097.428
1050.368 1095.829
1050.341 1093.429
1050.313 1091.029
1050.3 1089.829
1050.3 1089.829
1050.3 1089.829
1050.3 1089.829
1050.3 1089.829
1050.3 1089.829
1050.3 1089.829
1050.3 1089.829
1050.3 1089.829
1050.3 1089.829
1050.3 1089.829
1050.286 1088.629
1050.258 1086.229
1050.226 1083.429
1050.199 1081.03
1050.171 1078.63
1050.162 1077.83
1050.162 1077.83
1050.162 1077.83
1050.162 1077.83
1050.162 1077.83
1050.162 1077.83
1050.162 1077.83
1050.162 1077.83
1050.162 1077.83
1050.162 1077.83
1050.162 1077.83
1050.162 1077.83
1050.162 1077.83
1050.162 1077.83
1050.162 1077.83
1050.162 1077.83
1050.162 1077.83
1050.162 1077.83
1050.157 1077.43
1050.13 1075.03
1050.102 1072.63
1050.075 1070.23
1050.047 1067.83
1050.047 1067.83
1050.047 1067.83
1050.047 1067.83
1050.047 1067.83
1050.047 1067.83
1050.047 1067.83
1050.047 1067.83
1050.047 1067.83
1050.047 1067.83
1050.047 1067.83
1050.025 1065.831
1049.997 1063.431
1049.97 1061.031
1049.951 1059.431
1049.951 1059.431
1049.951 1059.431
1049.951 1059.431
1049.951 1059.431
1049.951 1059.431
1049.951 1059.431
1049.951 1059.431
1049.951 1059.431
1049.951 1059.431
1049.951 1059.431
1049.951 1059.431
1049.951 1059.431
1049.951 1059.431
1049.951 1059.431
1049.951 1059.431
1049.951 1059.431
1049.951 1059.431
1049.951 1059.431
1049.951 1059.431
1049.951 1059.431
1049.951 1059.431
1049.951 1059.431
1049.951 1059.431
1049.951 1059.431
1049.951 1059.431
1049.951 1059.431
1049.951 1059.431
1049.951 1059.431
1049.951 1059.431
1049.951 1059.431
1049.951 1059.431
1049.951 1059.431
1049.951 1059.431
1049.947 1059.031
1049.919 1056.631
1049.892 1054.231
1049.864 1051.831
1049.841 1049.832
1049.814 1047.432
1049.8 1046.232
1049.8 1046.232
1049.8 1046.232
1049.8 1046.232
1049.8 1046.232
1049.8 1046.232
1049.8 1046.232
1049.8 1046.232
1049.8 1046.232
1049.772 1043.832
1049.75 1041.832
1049.727 1039.832
1049.699 1037.432
1049.672 1035.033
1049.658 1033.833
1049.658 1033.833
1049.658 1033.833
1049.658 1033.833
1049.658 1033.833
1049.658 1033.833
1049.658 1033.833
1049.658 1033.833
1049.635 1031.833
1049.612 1029.833
1049.589 1027.833
1049.562 1025.433
1049.534 1023.033
1049.53 1022.633
1049.53 1022.633
1049.53 1022.633
1049.53 1022.633
1049.53 1022.633
1049.53 1022.633
1049.53 1022.633
1050.73 1022.63
1053.127 1022.722
1055.512 1022.988
1056.305 1023.097
1056.305 1023.097
1056.305 1023.097
1056.305 1023.097
1056.305 1023.097
1056.305 1023.097
1056.305 1023.097
1056.305 1023.097
1056.305 1023.097
1056.305 1023.097
1056.305 1023.097
1053.921 1022.822
1051.523 1022.729
1049.124 1022.789
1049.124 1022.789
1049.124 1022.789
1049.124 1022.789
1049.124 1022.789
1049.124 1022.789
1049.124 1022.789
1049.124 1022.789
1049.124 1022.789
1049.124 1022.789
1049.124 1022.789
1049.124 1022.789
1049.124 1022.789
1049.124 1022.789
1049.124 1022.789
1049.124 1022.789
1049.124 1022.789
1049.124 1022.789
1049.124 1022.789
1049.124 1022.789
1049.124 1022.789
1049.092 1021.99
1048.995 1019.592
1048.897 1017.194
1048.8 1014.796
1048.735 1013.197
1048.686 1011.998
1048.686 1011.998
1048.686 1011.998
1048.686 1011.998
1048.686 1011.998
1048.67 1011.599
1048.572 1009.201
1048.491 1007.202
1048.41 1005.204
1048.313 1002.806
1048.215 1000.408
1049.382 999.5712
1051.382 999.5806
1053.774 999.7667
1054.967 999.8953
1054.967 999.8953
1054.967 999.8953
1054.967 999.8953
1054.967 999.8953
1055.189 997.9077
1055.411 995.92
1055.677 993.5349
1055.943 991.1497
1056.032 990.3546
1056.032 990.3546
1056.032 990.3546
1056.032 990.3546
1056.032 990.3546
1056.21 988.7645
1056.432 986.7768
1056.698 984.3916
1056.92 982.404
1056.964 982.0065
1056.964 982.0065
1056.964 982.0065
1056.964 982.0065
1056.964 982.0065
1056.964 982.0065
1056.964 982.0065
1056.964 982.0065
1056.964 982.0065
1056.964 982.0065
1056.964 982.0065
1056.964 982.0065
1056.964 982.0065
1056.964 982.0065
1057.053 981.2114
1057.275 979.2238
1057.541 976.8386
1057.674 975.6459
1057.674 975.6459
1057.674 975.6459
1056.879 975.5613
1054.885 975.4034
1052.486 975.3788
1050.886 975.4149
1050.886 975.4149
1050.886 975.4149
1050.886 975.4149
1050.886 975.4149
1050.886 975.4149
1050.886 975.4149
1050.886 975.4149
1052.886 975.3956
1054.885 975.4614
1056.083 975.5245
1056.083 975.5245
1056.083 975.5245
1056.083 975.5245
1056.083 975.5245
1056.083 975.5245
1056.083 975.5245
1056.083 975.5245
1056.127 974.7257
1056.236 972.7286
1056.345 970.7316
1056.475 968.3352
1056.475 968.3352
1056.475 968.3352
1056.475 968.3352
1056.475 968.3352
1056.475 968.3352
1056.519 967.5364
1056.628 965.5394
1056.737 963.5424
1056.868 961.1459
1056.955 959.5483
1056.955 959.5483
1056.955 959.5483
1056.955 959.5483
1056.955 959.5483
1056.955 959.5483
1056.955 959.5483
1056.955 959.5483
1056.955 959.5483
1056.998 958.7495
1057.129 956.353
1057.238 954.356
1057.347 952.3589
1057.391 951.5602
1057.391 951.5602
1057.391 951.5602
1057.391 951.5602
1057.391 951.5602
1057.391 951.5602
1057.391 951.5602
1057.391 951.5602
1057.521 949.1637
1057.63 947.1667
1057.739 945.1697
1057.827 943.572
1057.827 943.572
1057.827 943.572
1057.827 943.572
1057.827 943.572
1057.827 943.572
1055.828 943.4907
1053.829 943.5139
1051.049 943.8348
1048.691 944.2815
1048.691 944.2815
1048.691 944.2815
1048.691 944.2815
1048.691 944.2815
1048.691 944.2815
1048.691 944.2815
1048.691 944.2815
1048.691 944.2815
1049.083 944.2032
1051.052 943.8527
1053.038 943.6161
1054.233 943.5085
1054.233 943.5085
1054.233 943.5085
1054.233 943.5085
1054.233 943.5085
1054.233 943.5085
1054.165 942.7114
1053.994 940.7187
1053.824 938.726
1053.721 937.5303
1053.721 937.5303
1053.721 937.5303
1053.721 937.5303
1053.721 937.5303
1053.721 937.5303
1053.721 937.5303
1053.721 937.5303
1053.619 936.3347
1053.449 934.342
1053.244 931.9507
1053.108 930.3566
1052.971 928.7624
1052.971 928.7624
1052.971 928.7624
1052.971 928.7624
1052.971 928.7624
1052.971 928.7624
1052.971 928.7624
1052.971 928.7624
1052.971 928.7624
1052.971 928.7624
1052.971 928.7624
1052.971 928.7624
1052.971 928.7624
1052.971 928.7624
1052.971 928.7624
1052.971 928.7624
1052.971 928.7624
1052.971 928.7624
1052.903 927.9653
1052.699 925.574
1052.528 923.5813
1052.358 921.5886
1052.221 919.9944
1052.221 919.9944
1052.221 919.9944
1052.221 919.9944
1052.221 919.9944
1052.221 919.9944
1052.221 919.9944
1052.221 919.9944
1052.221 919.9944
1052.221 919.9944
1052.221 919.9944
1052.221 919.9944
1052.221 919.9944
1052.221 919.9944
1052.221 919.9944
1052.221 919.9944
1052.221 919.9944
1052.221 919.9944
1052.221 919.9944
1052.221 919.9944
1052.221 919.9944
1052.221 919.9944
1052.221 919.9944
1052.221 919.9944
1052.221 919.9944
1052.221 919.9944
1052.221 919.9944
1052.221 919.9944
1052.221 919.9944
1052.221 919.9944
1052.221 919.9944
1052.221 919.9944
1052.221 919.9944
1052.221 919.9944
1052.221 919.9944
1052.221 919.9944
1052.221 919.9944
1052.221 919.9944
1052.221 919.9944
1052.221 919.9944
1052.017 917.6031
1051.846 915.6104
1051.676 913.6177
1051.505 911.625
1051.505 911.625
1051.505 911.625
1051.505 911.625
1051.505 911.625
1051.505 911.625
1051.505 911.625
1051.505 911.625
1051.505 911.625
1051.505 911.625
1051.505 911.625
1051.505 911.625
1051.505 911.625
1051.505 911.625
1051.505 911.625
1051.505 911.625
1051.505 911.625
1051.505 911.625
1051.505 911.625
1051.505 911.625
1051.505 911.625
1051.505 911.625
1051.505 911.625
1051.505 911.625
1051.505 911.625
1051.505 911.625
1051.505 911.625
1051.505 911.625
1051.505 911.625
1051.505 911.625
1051.505 911.625
1051.505 911.625
1051.505 911.625
1051.505 911.625
1051.505 911.625
