1000 1000
1000 1000
1000 1000
1000 1000
1000 1000
1000 1000
1000 1000
1000 1000
1000 1000
1000 1000
1000 1000
1000.4 1000
1002.4 1000
1004.4 1000
1006 1000
1006 1000
1006 1000
1007.2 1000
1009.2 1000
1011.6 1000
1013.2 1000
1015.6 1000
1017.2 1000
1019.6 1000
1021.6 1000
1023.6 1000
1025.6 1000
1025.6 1000
1025.6 1000
1025.6 1000
1025.6 1000
1025.6 1000
1025.6 1000
1025.6 1000
1028 1000
1030 1000
1032 1000
1034.4 1000
1036.4 1000
1038.4 1000
1040 1000
1041.538 1000.308
1041.948 1002.248
1041.6 1005.024
1040.774 1007.695
1039.873 1009.479
1038.215 1011.038
1036.468 1011.048
1034.494 1011.056
1032.404 1011.061
1030.815 1011.062
1031.919 1011.062
1034.024 1009.908
1036.023 1008.583
1037.81 1006.985
1039.326 1005.126
1040.606 1003.099
1041.563 1000.9
1042.197 998.1777
1042.469 998.0701
1042.698 998.0394
1043.76 997.9394
1046.157 997.825
1048.554 997.7104
1050.552 997.6151
1052.55 997.5197
1054.939 997.5068
1056.758 998.9252
1056.836 1001.302
1056.309 1003.641
1055.4 1005.859
1054.133 1007.894
1052.545 1009.69
1050.345 1011.415
1047.953 1012.677
1047.964 1012.708
1047.947 1012.663
1047.947 1012.663
1047.947 1012.663
1047.947 1012.663
1047.947 1012.663
1047.947 1012.663
1048.074 1013.042
1048.835 1015.319
1049.469 1017.215
1050.104 1019.112
1050.865 1021.388
1051.626 1023.664
1052.26 1025.561
1052.894 1027.458
1053.655 1029.734
1054.416 1032.01
1053.812 1033.858
1051.958 1034.543
1049.597 1034.972
1048.411 1035.154
1045.629 1035.47
1044.833 1035.544
1044.833 1035.544
1045.629 1035.466
1048.007 1035.148
1050.341 1034.596
1052.597 1033.78
1054.71 1032.647
1057.015 1031.058
1057.324 1032.308
1058.091 1034.626
1059.544 1036.537
1060.206 1038.129
1060.206 1039.72
1060.206 1041.631
1060.206 1043.541
1059.77 1045.378
1057.749 1046.671
1055.204 1047.829
1052.88 1048.417
1050.49 1048.616
1048.094 1048.509
1045.709 1048.239
1045.709 1048.239
1045.353 1051.016
1045.047 1053.396
1044.793 1055.38
1044.755 1057.364
1044.755 1059.744
1044.755 1062.125
1044.755 1064.505
1044.755 1065.299
1044.755 1065.299
1044.755 1065.299
1044.755 1065.299
1044.755 1066.489
1044.755 1068.869
1044.755 1070.853
1045.494 1072.262
1045.802 1074.443
1045.802 1076.824
1045.802 1079.204
1045.802 1081.585
1045.802 1083.965
1045.802 1086.346
1045.802 1088.726
1045.802 1088.726
1045.802 1088.726
1045.802 1089.916
1045.802 1092.297
1045.802 1094.677
1045.548 1097.058
1045.242 1099.438
1044.937 1101.819
1044.754 1104.199
1044.754 1106.58
1044.754 1107.373
1044.754 1107.373
1044.754 1107.373
1044.754 1107.373
1044.754 1107.373
1044.754 1107.373
1044.754 1107.373
1044.754 1107.373
1044.754 1107.373
1044.754 1107.373
1044.754 1107.373
1044.754 1107.373
1044.754 1107.373
1044.754 1107.373
1044.754 1107.373
1044.754 1108.563
1044.754 1110.944
1044.754 1113.324
1044.754 1115.705
1044.754 1118.085
1044.754 1120.466
1044.754 1122.846
1044.754 1125.227
1044.754 1126.417
1044.754 1126.417
1044.754 1126.417
1044.754 1126.417
1046.344 1126.596
1048.74 1126.734
1051.133 1126.588
1053.858 1125.957
1056.12 1125.157
1058.126 1124.771
1059.051 1126.985
1060.13 1129.569
1060.224 1130.018
1060.224 1130.018
1060.224 1130.018
1060.224 1130.018
1058.738 1130.069
1056.849 1130.074
1054.513 1130.085
1051.721 1130.108
1048.951 1129.725
1046.631 1129.112
1044.88 1130.23
1044.769 1132.89
1044.769 1135.17
1044.769 1137.45
1044.769 1139.35
1044.769 1141.63
1044.769 1141.63
1045.531 1141.875
1045.531 1141.875
1045.409 1142.256
1044.769 1144.542
1044.769 1146.829
1044.769 1147.591
1044.769 1147.591
1044.769 1147.591
1044.769 1149.877
1044.769 1152.164
1044.769 1154.45
1044.769 1156.737
1044.769 1159.023
1044.769 1161.309
1044.769 1162.453
1044.769 1162.453
1044.769 1162.453
1044.769 1162.453
1045.915 1162.807
1048.237 1163.412
1051.009 1163.784
1053.8 1163.634
1056.132 1163.076
1058.342 1162.146
1061.119 1160.558
1062.47 1159.702
1062.47 1159.702
1062.47 1159.702
1062.47 1159.702
1062.47 1159.702
1063.771 1162.109
1065.061 1164.133
1066.351 1166.157
1067.642 1168.18
1068.932 1170.204
1069.792 1171.553
1069.792 1171.553
1070.128 1171.336
1072.105 1169.976
1073.961 1168.456
1075.457 1167.128
1076.915 1165.759
1079.017 1163.864
1080.309 1163.864
1081.425 1163.864
1081.952 1163.864
1084.709 1165.385
1086.871 1166.428
1089.032 1167.472
1091.193 1168.516
1093.354 1169.559
1095.876 1170.777
1098.037 1171.821
1098.037 1171.821
1098.037 1171.821
1099.019 1169.631
1099.825 1167.371
1100.477 1165.271
1100.928 1165.243
1102.01 1164.81
1102.873 1163.874
1102.892 1163.874
1102.892 1163.874
1102.892 1163.874
1102.892 1163.874
1102.892 1163.874
1102.782 1166.271
1102.384 1169.041
1101.682 1171.751
1101.111 1173.667
1101.111 1173.667
1103.409 1174.359
1105.707 1175.05
1108.006 1175.742
1110.304 1176.433
1112.602 1177.124
1114.9 1177.816
1117.199 1178.507
1119.497 1179.199
1122.178 1180.005
1124.476 1180.697
1126.859 1179.538
1127.325 1177.185
1127.596 1175.203
1127.772 1173.613
1127.886 1171.217
1127.865 1168.817
1127.865 1168.817
1127.865 1168.817
1129.065 1168.794
1131.464 1168.75
1133.864 1168.705
1136.263 1168.66
1138.663 1168.615
1141.063 1168.571
1143.462 1168.526
1145.862 1168.481
1147.861 1168.444
1147.861 1168.444
1147.861 1168.444
1147.861 1168.444
1147.861 1168.444
1147.861 1168.444
1147.861 1168.444
1147.861 1168.444
1150.661 1168.392
1153.06 1168.347
1153.06 1168.347
1153.06 1168.347
1153.06 1168.347
1153.46 1168.34
1155.86 1168.295
1158.26 1168.25
1160.659 1168.205
1163.059 1168.161
1165.458 1168.116
1167.712 1167.509
1169.172 1165.697
1168.831 1162.981
1169.014 1161.137
1169.011 1161.138
1169.011 1161.138
1169.011 1161.138
1170.374 1159.823
1172.013 1158.169
1173.948 1156.234
1175.606 1154.575
1177.265 1152.917
1179.083 1151.407
1181.359 1151.875
1183.51 1153.668
1185.071 1151.844
1186.892 1149.718
1188.453 1147.895
1190.014 1146.071
1190.956 1143.568
1189.922 1141.903
1188.672 1141.594
1189.77 1140.426
1191.236 1138.667
1192.694 1135.819
1193.605 1134.038
1194.881 1131.546
1197.066 1131.254
1198.753 1132.327
1201.156 1133.451
1202.832 1131.883
1203.815 1129.926
1204.495 1127.729
1204.519 1125.975
1203.392 1123.889
1200.943 1122.537
1198.314 1121.581
1195.958 1121.138
1193.561 1121.083
1193.535 1121.348
1193.467 1120.39
1193.467 1118.016
1193.467 1115.643
1193.467 1113.27
1193.467 1110.897
1193.467 1108.524
1193.467 1106.151
1193.467 1103.778
1194.007 1101.52
1195.887 1101.002
1198.684 1100.874
1198.641 1099.675
1198.557 1097.276
1198.473 1094.878
1198.388 1092.479
1198.304 1090.081
1198.219 1087.682
1198.135 1085.284
1198.064 1083.285
1197.98 1080.886
1197.91 1078.888
1197.825 1076.489
1197.741 1074.091
1197.656 1071.692
1197.586 1069.693
1197.516 1067.695
1197.516 1067.695
1197.516 1067.695
1197.516 1067.695
1197.516 1067.695
1197.516 1067.695
1197.516 1067.695
1197.516 1067.695
1197.516 1067.695
1197.516 1067.695
1197.487 1066.895
1197.403 1064.497
1197.318 1062.098
1197.248 1060.099
1197.178 1058.101
1197.093 1055.702
1197.009 1053.303
1196.924 1050.905
1196.854 1048.906
1196.784 1046.907
1196.755 1046.108
1196.755 1046.108
1196.755 1046.108
1196.755 1046.108
1196.755 1046.108
1196.755 1046.108
1196.755 1046.108
1196.755 1046.108
1196.755 1046.108
1196.755 1046.108
1196.755 1046.108
1196.755 1046.108
1196.755 1046.108
1196.755 1046.108
1196.755 1046.108
1196.755 1046.108
1196.755 1046.108
1196.755 1046.108
1196.755 1046.108
1196.755 1046.108
1196.685 1044.109
1196.615 1042.11
1196.53 1039.712
1196.46 1037.713
1196.375 1035.315
1196.291 1032.916
1196.207 1030.518
1196.122 1028.119
1196.038 1025.721
1195.953 1023.322
1195.883 1021.323
1195.813 1019.325
1196.89 1017.695
1199.289 1017.742
1202.479 1017.994
1202.479 1017.994
1202.513 1017.596
1202.716 1015.204
1202.918 1012.813
1203.121 1010.422
1203.324 1008.03
1203.526 1005.639
1203.625 1003.247
1203.625 1000.856
1202.827 999.2003
1200.43 999.0853
1199.656 997.4703
1199.703 994.6707
1199.749 991.871
1199.788 989.4714
1199.828 987.0717
1199.868 984.672
1199.907 982.2723
1199.947 979.8727
1199.986 977.473
1200.026 975.0733
1200.066 972.6736
1200.105 970.274
1200.145 967.8743
1200.184 965.4746
1200.224 963.075
1200.264 960.6753
1200.303 958.2756
1200.343 955.8759
1200.382 953.4763
1200.422 951.0766
1200.462 948.6769
1200.501 946.2772
1200.541 943.8776
1200.574 941.8779
1200.614 939.4781
1200.646 937.4785
1200.686 935.0788
1200.726 932.6791
1200.765 930.2794
1200.798 928.2797
1200.831 926.28
1200.851 925.0801
1200.851 925.0801
1200.851 925.0801
1200.851 925.0801
1200.851 925.0801
1200.851 925.0801
1200.851 925.0801
1200.851 925.0801
1200.851 925.0801
1200.858 924.6802
1200.897 922.2805
1200.924 920.6807
1200.963 918.2811
1200.99 916.6813
1201.029 914.2816
1201.069 911.882
1201.109 909.4822
1201.141 907.4825
1201.175 905.4828
1201.208 903.4831
1201.208 903.4831
1201.208 903.4831
1201.208 903.4831
1201.208 903.4831
1201.208 903.4831
1201.208 903.4831
1201.214 903.0831
1201.254 900.6835
1201.287 898.6837
1201.32 896.684
1201.359 894.2843
1201.399 891.8846
1201.425 890.2849
1201.355 887.9305
1201.271 885.5557
1201.271 883.5559
1201.271 881.5562
1200.684 879.7621
1200.432 877.9025
1200.465 875.9028
1198.964 874.4286
1196.967 874.5298
1194.583 874.801
1194.273 872.4211
1193.912 869.6445
1193.705 868.0579
1193.395 865.6779
1193.189 864.0913
1192.879 861.7114
1192.621 859.7281
1192.267 857.7698
1190.849 856.4764
1188.488 856.7275
1185.886 857.7509
1184.342 858.1513
1182.81 858.1514
1181.489 858.1514
1180.707 857.3692
1179.049 855.7748
1177.371 854.0968
1175.693 852.4188
1174.295 851.0204
1173.175 849.4135
1172.441 847.163
1170.916 845.3328
1169.032 843.879
1167.709 842.8621
1167.081 842.6006
1166.327 842.5242
1165.765 842.5242
1165.811 842.5544
1165.813 842.5544
1165.873 842.5544
1165.873 842.5544
1163.696 842.162
1161.697 842.229
1159.299 842.3094
1157.7 842.363
1155.301 842.4434
1153.702 842.4969
1152.962 841.5555
1151.358 840.9466
1149.359 840.9623
1147.36 840.9623
1145.361 840.9623
1142.962 840.9623
1141.363 840.9623
1138.965 840.9623
1137.365 840.9623
1134.967 840.9623
1133.368 840.9623
1130.969 840.9623
1129.37 840.9623
1126.971 840.9623
1125.372 840.9623
1122.974 840.9623
1120.975 840.9623
1118.976 840.9623
1116.977 840.9623
1114.978 840.9623
1112.579 840.9623
1110.98 840.9623
1108.582 840.9623
1106.983 840.9623
1104.584 840.9623
1102.585 840.9623
1100.586 840.9623
1098.188 840.9623
1096.189 840.9623
1094.19 840.9623
1092.191 840.9623
1090.192 840.9623
1088.193 840.9623
1086.194 840.9623
1085.395 840.9623
1085.395 840.9623
1085.395 840.9623
1085.395 840.9623
1085.395 840.9623
1085.395 840.9623
1085.395 840.9623
1085.395 840.9623
1085.395 840.9623
1085.395 840.9623
1085.395 840.9623
1084.595 840.9623
1082.596 840.9623
1080.198 840.9623
1079.398 840.9623
1079.398 840.9623
1079.398 840.9623
1079.398 840.9623
1079.398 840.9623
1079.398 840.9623
1076.999 840.9623
1075 840.9623
1073.624 840.9623
1073.624 840.9623
1073.665 840.9623
1073.906 840.9623
1074.44 840.9623
1075.344 840.9623
1076.527 840.9623
1076.988 840.9623
1076.018 840.9623
1074.369 840.9623
1073.624 840.9623
1073.624 840.9623
1073.624 840.9623
1073.624 840.9623
1073.624 840.9623
1073.624 840.9623
1073.624 840.9623
1073.624 840.9623
1073.624 840.9623
1073.624 840.9623
1073.624 840.9623
1073.624 840.9623
1073.624 840.9623
1073.624 840.9623
1073.61 840.5757
1072.732 838.6701
1071.677 836.5173
1070.996 834.2188
1070.708 831.8388
1070.821 829.4442
1071.31 827.0963
1072.042 824.8113
1071.025 823.1459
1068.781 822.295
1066.537 821.8298
1064.667 821.8298
1062.797 821.8298
1060.927 821.8298
1059.033 821.81
1056.871 822.6642
1056.202 824.533
1055.861 827.308
1056 829.7013
1056.536 832.0379
1057.454 834.2524
1058.729 836.2828
1060.284 838.1087
1061.993 839.7931
1062.871 840.6111
1062.871 840.6111
1061.66 841.163
1059.95 842.7941
1058.591 844.2613
1057.232 845.7286
1055.873 847.1958
1054.612 848.7297
1054.835 850.5878
1056.741 852.0432
1058.474 853.0389
1060.179 853.9058
1060.179 854.4373
1060.179 854.7551
1060.179 854.8774
1060.179 854.8774
1059.943 857.2658
1059.746 859.256
1059.549 861.2463
1059.312 863.6346
1059.155 865.2269
1058.918 867.6152
1058.761 869.2075
1058.524 871.5958
1058.327 873.5861
1058.13 875.5763
1057.933 877.5666
1057.736 879.5569
1057.5 881.9452
1057.343 883.5374
1057.106 885.9258
1056.909 887.916
1056.712 889.9063
1056.476 892.2946
1056.239 894.683
1056.082 896.2752
1055.845 898.6635
1055.688 900.2557
1055.452 902.644
1055.255 904.6343
1055.057 906.6246
1054.86 908.6149
1054.664 910.6052
1054.427 912.9935
1054.23 914.9838
1054.033 916.9741
1053.797 919.3624
1053.6 921.3527
1053.403 923.343
1053.167 925.7313
1053.009 927.3235
1052.772 929.7118
1052.576 931.7021
1052.379 933.6924
1052.142 936.0807
1051.945 938.071
1051.748 940.0613
1051.512 942.4496
1051.679 944.0369
1052.502 946.2842
1052.944 948.632
1052.995 951.0314
1053.046 953.4309
1053.097 955.8304
1053.131 957.43
1053.182 959.8295
1053.225 961.829
1053.267 963.8286
1053.318 966.228
1053.37 968.6274
1053.404 970.2271
1053.455 972.6266
1053.506 975.026
1053.548 977.0256
1053.591 979.0251
1053.642 981.4246
1053.693 983.824
1053.727 985.4236
1053.778 987.8231
1053.778 987.8231
1053.778 987.8231
1053.778 987.8231
1053.778 987.8231
1053.778 987.8231
1053.795 988.6229
1053.846 991.0224
1053.888 993.022
1053.939 995.4214
1053.982 997.421
1054.024 999.4205
1054.075 1001.82
1054.126 1004.219
1054.161 1005.819
1054.212 1008.219
1054.263 1010.618
1054.305 1012.617
1054.356 1015.017
1054.399 1017.017
1054.45 1019.416
1054.501 1021.815
1054.543 1023.815
1054.586 1025.815
1054.637 1028.214
1054.688 1030.613
1054.739 1033.013
1054.773 1034.613
1054.824 1037.012
1054.858 1038.612
1054.858 1038.612
1054.858 1038.612
1054.858 1038.612
1054.858 1038.612
1054.858 1038.612
1054.858 1038.612
1054.858 1038.612
1054.858 1038.612
1054.858 1038.612
1054.858 1038.612
1054.858 1038.612
1054.858 1038.612
1054.858 1038.612
1054.858 1038.612
1054.858 1038.612
1054.858 1038.612
1054.858 1038.612
1054.858 1038.612
1054.858 1038.612
1054.858 1038.612
1054.858 1038.612
1054.858 1038.612
1054.858 1038.612
1054.858 1038.612
1054.901 1040.611
1054.935 1042.211
1054.986 1044.61
1055.028 1046.61
1055.079 1049.009
1055.122 1051.009
1055.173 1053.408
1055.224 1055.808
1055.275 1058.207
1055.326 1060.607
1055.368 1062.606
1055.411 1064.606
1055.462 1067.005
1055.513 1069.405
1055.564 1071.804
1055.598 1073.404
1055.615 1074.204
1055.666 1076.603
1055.708 1078.603
1055.751 1080.602
1055.802 1083.002
1055.853 1085.401
1055.904 1087.801
1055.955 1090.2
1056.006 1092.599
1056.057 1094.999
1056.108 1097.398
1056.151 1099.398
1056.202 1101.797
1056.253 1104.197
1056.304 1106.596
1056.346 1108.596
1056.397 1110.995
1056.448 1113.395
1056.5 1115.794
1056.551 1118.194
1056.602 1120.593
1056.653 1122.993
1056.704 1125.392
1056.755 1127.792
1056.806 1130.018
1056.857 1130.018
1056.908 1130.018
1056.959 1130.018
1057.01 1130.018
1057.061 1130.018
1057.112 1130.018
1057.163 1130.018
1055.58 1130.025
1053.184 1129.902
1050.823 1129.484
1048.2 1128.518
1045.814 1127.061
1044.803 1125.51
1044.801 1124.952
1044.79 1127.538
1044.79 1129.299
1044.79 1131.06
1044.79 1132.822
1044.79 1134.583
1044.79 1136.344
1044.79 1138.105
1044.79 1139.867
1044.79 1141.334
1044.79 1143.096
1044.79 1142.474
1044.79 1140.696
1044.781 1138.014
1044.769 1135.788
1044.756 1133.446
1044.747 1130.656
1044.747 1129.611
1044.747 1129.595
1044.747 1129.599
1044.747 1129.604
1044.747 1129.609
1044.747 1129.614
1044.747 1129.618
1044.747 1129.895
1044.747 1131.811
1045.103 1134.183
1045.817 1136.471
1046.837 1138.642
1048.226 1141.073
1048.226 1141.073
1047.883 1141.278
1045.821 1142.506
1044.813 1143.734
1044.813 1144.963
1044.813 1146.191
1044.813 1147.419
1044.813 1148.648
1044.813 1149.876
1044.813 1150.081
1044.813 1150.081
1044.813 1150.081
1044.813 1150.081
1044.813 1150.081
1044.813 1151.309
1044.813 1152.332
1044.813 1153.561
1044.813 1154.789
1044.813 1156.017
1044.813 1157.245
1044.813 1158.474
1044.813 1159.702
1044.813 1160.93
1044.813 1162.159
1044.813 1162.977
1044.813 1164.001
1044.743 1165.297
1044.221 1166.302
1044.763 1165.176
1044.77 1162.987
1044.757 1160.263
1044.757 1158.607
1044.757 1158.429
1044.757 1158.605
1044.757 1158.605
1044.757 1158.605
1044.757 1158.605
1044.757 1158.605
1044.757 1158.605
1044.757 1158.605
1044.757 1158.605
1044.757 1158.605
1044.757 1158.605
1044.896 1160.199
1045.232 1162.575
1045.844 1164.893
1047.188 1167.792
1048.449 1169.834
1048.67 1170.167
1047.337 1171.052
1045.338 1172.379
1043.338 1173.706
1041.338 1175.034
1039.339 1176.361
1037.339 1177.688
1035.339 1179.015
1032.737 1178.552
1031.512 1176.038
1030.729 1173.77
1029.985 1171.07
1029.985 1171.07
1029.598 1171.172
1027.277 1171.783
1024.956 1172.395
1022.635 1173.006
1020.701 1173.515
1018.38 1174.126
1016.06 1174.737
1014.125 1175.246
1011.418 1175.959
1009.484 1176.469
1007.163 1177.08
1004.842 1177.691
1002.521 1178.302
1000.2 1178.913
997.8793 1179.524
995.5583 1180.135
993.2375 1180.746
990.9166 1181.358
988.5957 1181.969
986.2748 1182.578
983.9539 1182.578
982.0198 1182.578
979.6989 1182.578
977.3781 1182.578
975.0571 1182.578
972.7363 1182.578
970.4154 1182.578
968.0945 1182.578
966.1604 1182.578
963.8395 1182.578
961.9055 1182.578
961.9055 1182.578
961.9055 1182.578
961.9055 1182.578
961.4336 1180.635
961.0796 1178.667
960.9688 1175.873
961.301 1173.499
962.0245 1171.213
963.1191 1169.08
964.7546 1166.81
965.5046 1164.682
964.6243 1163.854
964.6243 1163.854
964.6243 1163.854
964.6243 1163.854
964.6243 1163.854
964.6243 1163.854
964.6243 1163.854
964.5961 1164.766
963.6528 1166.756
962.326 1168.755
961.6974 1169.778
958.9636 1168.115
956.9132 1167.241
955.1616 1166.609
953.1111 1165.362
951.4025 1164.322
949.4825 1162.943
948.9831 1160.75
950.3359 1158.801
952.0959 1157.174
954.1016 1155.86
954.2706 1154.776
954.2706 1154.195
954.2706 1153.995
954.2706 1153.928
954.2423 1152.329
954.1929 1149.529
954.1576 1147.529
953.323 1145.307
951.1747 1144.36
948.4389 1144.892
946.113 1145.185
945.4631 1144.571
944.6408 1142.316
944.6408 1142.316
944.6408 1142.316
946.9104 1141.536
949.2335 1140.939
951.6171 1140.681
954.2624 1140.883
954.2649 1141.55
954.266 1142.312
953.8893 1142.583
951.6083 1141.838
949.2716 1141.296
946.4822 1141.109
943.7097 1141.469
941.405 1142.134
939.1655 1142.996
937.6884 1143.611
937.6884 1143.611
937.6884 1143.611
937.6884 1143.611
937.6884 1143.611
937.6884 1143.611
937.5753 1142.135
937.5753 1140.291
937.5753 1138.078
937.5753 1135.865
937.5753 1133.652
937.5753 1131.808
937.5753 1129.963
937.5753 1128.857
937.5753 1128.857
939.4312 1128.112
941.7015 1127.335
943.2287 1126.858
943.2287 1126.858
943.2287 1126.858
943.2287 1126.858
943.2287 1126.858
942.6349 1124.948
941.9224 1122.656
941.3286 1120.746
940.6161 1118.454
939.9036 1116.163
939.191 1113.871
938.6575 1111.974
938.376 1110.09
939.1682 1108.596
939.7921 1107.981
939.7921 1107.53
939.7921 1107.53
939.7921 1107.53
939.7921 1107.53
939.4332 1105.97
938.8949 1103.631
938.4463 1101.682
937.9977 1099.733
937.5623 1097.395
937.5623 1095.056
937.5623 1093.107
937.5623 1091.158
937.8317 1088.852
939.9514 1087.951
941.6833 1087.008
944.0715 1086.952
944.4713 1086.952
944.4713 1086.952
944.4814 1086.552
944.5418 1084.153
944.5922 1082.154
944.6627 1079.355
944.7231 1076.955
944.7633 1075.356
944.8237 1072.957
944.864 1071.357
944.9244 1068.958
944.9849 1066.559
945.0352 1064.559
945.0855 1062.56
945.1459 1060.161
945.1963 1058.161
945.2466 1056.162
945.307 1053.763
945.3674 1051.364
945.4178 1049.364
945.4681 1047.365
945.5185 1045.365
945.5486 1044.166
945.5486 1044.166
945.5486 1044.166
945.5486 1044.166
945.5486 1044.166
945.5486 1044.166
945.5486 1044.166
945.5486 1044.166
945.5486 1044.166
945.5486 1044.166
945.5486 1044.166
945.5486 1044.166
945.5486 1044.166
945.5486 1044.166
945.5486 1044.166
945.5486 1044.166
945.5486 1044.166
945.5486 1044.166
945.5486 1044.166
945.5486 1044.166
945.5486 1044.166
945.6091 1041.767
945.6594 1039.767
945.7098 1037.768
945.7702 1035.369
945.8205 1033.369
945.8708 1031.37
945.9313 1028.971
945.9917 1026.571
946.032 1024.972
946.0521 1024.172
946.0521 1024.172
946.0521 1024.172
946.0521 1024.172
946.0521 1024.172
946.0521 1024.172
946.0923 1022.573
946.1427 1020.573
946.2031 1018.174
946.2535 1016.175
946.3038 1014.175
946.3642 1011.776
946.4146 1009.777
946.4347 1008.977
946.4347 1008.977
946.4347 1008.977
946.4347 1008.977
946.4347 1008.977
946.4347 1008.977
946.4347 1008.977
946.4347 1008.977
946.4347 1008.977
946.4347 1008.977
946.4347 1008.977
946.4347 1008.977
946.4347 1008.977
946.4347 1008.977
946.4347 1008.977
946.4347 1008.977
946.4347 1008.977
946.4347 1008.977
946.4347 1008.977
946.4347 1008.977
946.4347 1008.977
946.4347 1008.977
946.4347 1008.977
946.4347 1008.977
946.4347 1008.977
946.4347 1008.977
946.4347 1008.977
946.4347 1008.977
946.4347 1008.977
946.4347 1008.977
946.4649 1007.777
946.5253 1005.378
946.5757 1003.379
946.626 1001.379
946.6864 998.9801
946.7267 997.3806
946.7871 994.9814
946.8475 992.5822
946.8878 990.9827
946.9482 988.5834
946.9985 986.584
947.0489 984.5847
947.0992 982.5853
947.1495 980.5859
947.21 978.1867
947.2603 976.1873
947.3107 974.188
947.3711 971.7888
947.4214 969.7894
947.4717 967.79
947.5322 965.3907
947.5724 963.7913
947.6329 961.392
947.6832 959.3926
947.7335 957.3933
947.7939 954.9941
947.8443 952.9947
947.8947 950.9953
947.955 948.5961
948.0054 946.5967
948.0557 944.5974
948.1161 942.1981
948.1665 940.1987
948.2168 938.1994
948.2772 935.8002
948.3175 934.2006
948.3779 931.8014
948.4283 929.8021
948.4786 927.8027
948.539 925.4034
948.5894 923.4041
948.6397 921.4047
948.7001 919.0055
948.7404 917.4059
948.8008 915.0067
948.8612 912.6075
948.9015 911.008
948.9619 908.6088
949.0122 906.6094
949.0626 904.61
949.123 902.2108
949.1733 900.2114
949.2237 898.212
949.274 896.2127
949.3243 894.2133
949.3848 891.8141
949.425 890.2146
949.4855 887.8154
949.5358 885.816
949.5861 883.8167
949.6365 881.8173
949.6868 879.8179
949.7473 877.4186
949.7976 875.4193
949.8479 873.4199
949.8983 871.4205
949.9486 869.4212
949.9889 867.8217
949.9889 867.8217
949.9889 867.8217
949.9889 867.8217
950.009 867.022
950.0695 864.6227
950.1198 862.6234
950.1701 860.624
950.2305 858.2247
950.2708 856.6252
950.3312 854.226
950.3916 851.8268
950.4319 850.2273
950.4319 850.2273
950.4319 850.2273
950.4319 850.2273
950.032 850.2187
947.6324 850.2322
945.2457 850.4684
942.9225 851.0601
940.7304 852.0304
938.7232 853.3423
937.6041 854.8761
937.6027 856.5056
937.5991 854.7561
937.5991 853.0065
937.5991 851.5486
937.5991 850.0907
937.5991 848.6328
937.5991 847.1748
937.5991 845.4253
937.5991 843.9674
937.5991 842.5095
937.5991 840.7599
937.04 839.1559
935.6709 837.698
933.6899 836.5145
932.4371 837.4848
930.8812 838.1397
929.5898 838.1464
928.0523 838.8844
926.8491 841.3664
926.8491 841.3664
926.8491 841.3664
926.8491 841.3664
925.3683 840.7602
923.5175 840.0024
921.6666 839.2448
919.4455 838.3354
917.9647 837.7293
915.7437 836.82
913.5226 835.9108
911.6717 835.153
909.8207 834.3953
907.9698 833.6376
906.119 832.8798
903.8979 831.9706
902.0469 831.2128
900.196 830.4551
898.4219 831.6882
897.7098 833.9758
897.3554 836.3469
897.3979 838.7437
897.8215 841.1041
898.3172 842.5223
896.8633 842.5718
895.1898 842.5718
895.1898 842.5718
895.1898 842.5718
894.6714 841.0581
894.0179 838.7496
893.6451 836.3808
893.6545 833.9836
894.0858 831.219
894.6676 828.8909
893.5098 828.5758
891.194 827.9455
889.2642 827.4202
887.3344 826.895
885.0187 826.2646
883.0889 825.7394
881.1591 825.2141
878.8433 824.5837
876.5276 823.9534
874.5978 823.4282
872.668 822.9029
870.3126 822.5111
867.9347 822.7942
865.5657 822.4982
863.205 822.0657
860.8443 821.8159
858.4836 821.8159
856.1229 821.8159
853.7621 821.8159
852.1884 821.8159
849.9346 822.095
849.1411 824.2412
848.994 826.6351
849.2003 829.0236
849.8019 831.3441
850.9806 833.8791
852.3156 835.8719
853.0957 838.315
851.2516 839.851
849.4074 841.3869
847.5633 842.5474
846.0266 842.5474
844.4897 842.5474
842.6456 842.5474
840.8015 842.5474
839.5721 842.5474
837.728 842.5474
835.8839 842.5474
834.6544 842.5474
832.7717 842.6368
830.8569 843.9902
829.3201 845.2702
828.5697 847.3764
829.3064 848.4088
829.4273 848.2888
829.7974 847.9221
830.1477 847.5738
828.5957 849.1909
827.0185 850.7681
825.4412 852.3453
823.9833 853.6719
821.6722 854.0176
819.6827 852.6864
817.976 851.0012
816.4471 849.1519
815.2372 847.5594
814.5266 846.5925
812.9651 844.2686
812.7477 843.9327
812.7477 843.9327
812.0761 844.3674
810.0613 845.6715
808.0466 846.9756
806.3676 848.0623
804.6886 849.149
802.6738 850.4531
800.8491 851.9838
800.5851 853.5281
802.1304 855.8198
803.6282 857.1428
806.3636 858.7908
808.2291 859.5086
810.9338 860.2293
811.5314 862.4545
811.0515 864.8061
810.5716 867.1576
810.1717 869.1172
809.6918 871.4688
809.2918 873.4283
808.8919 875.3879
808.492 877.3475
807.0902 878.4171
805.1566 877.9075
802.9011 877.09
800.7039 876.1248
800.2066 877.2169
799.2122 879.4012
798.2177 881.5854
797.3889 883.4056
796.5602 885.2259
796.1377 887.5773
796.4933 889.5372
797.681 891.6123
799.574 893.6694
801.4891 895.1114
803.3525 896.6225
804.848 898.4872
805.5144 900.6475
805.5144 902.8663
805.1915 905.0775
803.7004 905.657
801.0091 906.4213
799.0284 906.6877
796.6317 906.641
794.5325 906.1069
794.5305 905.3709
794.5299 904.5262
794.5299 904.5262
794.5299 904.5262
794.5299 904.5262
796.0309 905.0803
798.3228 905.7898
800.6815 906.2231
803.0745 906.3985
804.6739 906.4406
804.6739 906.4406
804.6739 906.4406
804.6428 908.0403
804.6041 910.0399
804.5808 911.2397
804.5808 911.2397
804.5808 911.2397
804.5808 911.2397
803.781 911.2201
801.7836 911.1209
799.7906 910.9535
799.7906 910.9535
799.7906 910.9535
799.7906 910.9535
799.7552 911.3519
799.5777 913.3441
799.4001 915.3362
799.2227 917.3282
799.0452 919.3204
798.8322 921.7109
798.6902 923.3046
798.4772 925.6951
798.3351 927.2888
798.1222 929.6793
797.9802 931.273
797.7672 933.6636
797.6252 935.2573
797.4477 937.2493
797.2701 939.2415
797.0927 941.2336
796.9152 943.2256
796.7377 945.2178
796.5602 947.2099
796.3826 949.202
796.2051 951.1941
796.0276 953.1862
795.8502 955.1783
795.6727 957.1704
795.4952 959.1625
795.3176 961.1547
795.1401 963.1467
794.9626 965.1389
794.7852 967.131
794.6077 969.123
794.4622 971.1152
794.4622 973.1073
794.4622 975.0994
794.4622 977.0915
794.4622 979.0836
794.4622 981.0757
794.4622 983.0678
794.4622 985.0599
794.4622 987.0521
794.4622 989.0441
794.4622 991.0363
794.4622 993.0284
794.4622 995.0204
794.4622 997.0126
794.4622 999.0047
794.4622 1000.997
794.4622 1002.989
794.4622 1005.379
794.4621 1006.973
794.4621 1009.364
794.4621 1010.957
794.4621 1013.348
794.4621 1014.942
794.4621 1017.332
794.4621 1018.926
794.4621 1021.316
794.4621 1021.316
794.4621 1021.316
794.4621 1021.316
794.4621 1021.316
794.4621 1021.316
794.4621 1021.715
794.4621 1023.707
794.462 1025.699
794.462 1027.691
794.462 1029.683
794.462 1031.675
794.462 1033.667
794.462 1035.659
794.462 1037.652
794.462 1039.644
794.462 1041.636
794.462 1043.628
794.462 1045.62
794.462 1048.01
794.462 1049.604
794.462 1051.995
794.462 1053.589
794.462 1055.979
794.462 1057.573
794.462 1059.963
794.462 1061.955
794.462 1063.947
794.462 1065.94
794.462 1067.932
794.462 1070.322
794.462 1071.916
794.462 1074.306
794.462 1075.9
794.462 1078.291
794.462 1080.283
794.462 1082.275
794.462 1084.267
794.462 1086.259
794.4729 1088.648
794.5071 1090.226
794.5071 1092.616
794.5071 1094.21
794.5071 1096.6
794.5071 1098.194
794.5071 1100.585
794.5071 1102.178
794.5071 1104.569
794.5071 1106.561
794.5071 1108.553
794.4622 1110.545
794.4622 1112.537
794.4622 1114.529
794.7097 1116.509
795.5208 1118.761
795.8915 1121.118
795.9561 1123.517
796.0207 1125.917
796.0637 1127.516
796.1176 1129.515
796.1714 1131.515
796.3341 1133.905
796.9042 1135.392
798.4802 1137.179
800.5301 1138.411
802.7859 1139.222
805.0753 1139.936
807.2256 1140.985
809.0823 1142.478
810.6951 1144.255
812.308 1146.032
813.3832 1147.217
814.996 1148.994
816.6089 1150.771
817.6841 1151.956
819.297 1153.734
820.3722 1154.918
821.985 1156.696
823.3291 1158.177
824.71 1159.62
826.7367 1160.876
828.7875 1161.534
828.9217 1161.661
828.9217 1161.661
829.0562 1162.22
830.289 1163.553
832.5619 1164.323
834.8348 1165.094
836.35 1165.608
838.6229 1166.379
840.517 1167.021
842.411 1167.663
844.6839 1168.434
846.9568 1169.205
848.472 1169.719
850.7449 1170.489
852.639 1171.132
854.533 1171.774
856.8059 1172.545
858.3212 1173.058
860.6083 1173.775
862.9957 1173.795
864.853 1173.079
867.5104 1172.213
869.8983 1172.155
872.2917 1172.331
874.6853 1172.507
877.0789 1172.683
879.0734 1172.83
881.0681 1172.977
883.4616 1173.153
885.8551 1173.329
888.2487 1173.505
889.8444 1173.623
892.2379 1173.799
894.6314 1173.975
895.8282 1174.063
895.8282 1174.063
895.8282 1174.063
895.8282 1174.063
895.8282 1174.063
895.8282 1174.063
895.8282 1174.063
895.8282 1174.063
895.8282 1174.063
896.2271 1174.092
898.6206 1174.268
901.0142 1174.444
903.0087 1174.591
905.0034 1174.738
907.3969 1174.914
909.7904 1175.09
910.1893 1175.119
910.1893 1175.119
910.1893 1175.119
912.5829 1175.295
914.9764 1175.472
917.3699 1175.648
919.7635 1175.824
921.7581 1175.97
923.7527 1176.117
924.8987 1174.227
924.8376 1171.829
924.3367 1169.078
923.3978 1166.442
922.4207 1164.25
922.8085 1163.835
924.9833 1163.835
927.1583 1163.835
929.3331 1163.835
931.5081 1163.835
933.7039 1163.234
935.6144 1163.191
937.1053 1162.216
937.6092 1160.672
937.5961 1159.003
937.5961 1157.48
937.5961 1156.43
937.5814 1154.716
937.5854 1152.366
938.1234 1149.618
938.6614 1146.87
939.2514 1144.967
940.6835 1143.054
943.1615 1141.752
945.0833 1140.377
946.3064 1138.35
947.2999 1136.165
948.2258 1133.953
948.3206 1131.567
947.5616 1129.303
946.1345 1127.376
944.8569 1124.445
944.6149 1122.064
944.5462 1119.665
944.4775 1117.266
944.4089 1114.867
944.3401 1112.468
944.283 1112.095
944.2142 1112.095
944.2142 1112.095
944.2142 1112.095
944.2142 1112.095
944.2142 1112.095
944.2142 1112.095
944.2142 1112.095
944.2142 1112.095
941.8178 1112.22
939.4421 1112.552
937.6065 1113.579
937.6065 1114.8
937.6065 1116.088
937.59 1114.193
937.59 1113.6
937.59 1113.6
937.59 1113.6
937.59 1113.6
937.59 1113.6
937.59 1113.6
937.59 1113.6
937.59 1113.6
937.59 1113.6
937.59 1113.6
937.59 1113.6
937.59 1113.6
937.59 1113.6
937.59 1113.6
937.59 1113.6
937.59 1113.6
937.59 1113.6
937.59 1113.6
939.2484 1112.483
940.8577 1111.598
942.7559 1112.043
945.4152 1112.038
946.9468 1112.038
946.8314 1112.038
946.1389 1112.038
945.4465 1112.038
944.754 1112.038
944.0615 1112.038
943.369 1112.038
942.7919 1112.038
942.2078 1112.036
941.0485 1111.712
939.9902 1110.328
939.9902 1110.328
939.9902 1110.328
939.9902 1110.328
940.5673 1112.243
941.2598 1114.541
941.9522 1116.839
942.6447 1119.137
943.2218 1121.052
943.7989 1122.966
944.4914 1125.264
945.1839 1127.562
945.8763 1129.86
946.5688 1132.158
947.1459 1134.073
947.8384 1136.371
948.4155 1138.286
949.108 1140.584
949.8005 1142.882
950.493 1145.18
951.1855 1147.478
951.878 1149.776
952.4551 1151.691
953.1476 1153.988
953.7246 1155.903
954.3184 1158.201
954.3184 1160.499
954.3184 1162.797
954.3184 1164.712
954.7962 1166.631
955.3733 1168.546
955.6041 1169.312
956.2966 1171.61
956.8737 1173.525
957.4507 1175.439
958.1432 1177.737
958.8358 1180.035
959.5283 1182.333
960.2208 1182.522
960.2208 1182.522
957.9379 1182.575
956.0808 1182.575
953.647 1182.575
951.5237 1182.575
950.0144 1182.575
948.8369 1182.575
947.9636 1182.575
947.0459 1182.575
947.0459 1182.575
947.4311 1182.577
949.7421 1182.577
952.0531 1182.577
954.3641 1182.577
956.6752 1182.577
957.0603 1182.577
957.0603 1182.577
955.1345 1182.037
952.8234 1181.39
950.5125 1180.743
948.5865 1180.203
946.2756 1179.556
943.9645 1178.908
941.6535 1178.261
939.3425 1177.613
937.0315 1176.966
934.7205 1176.318
932.7946 1175.779
930.8433 1175.373
928.4805 1175.738
926.4222 1176.972
923.372 1177.518
920.9786 1177.339
918.5853 1177.161
916.192 1176.983
914.1974 1176.834
913.0008 1176.745
913.0008 1176.745
913.0008 1176.745
913.0008 1176.745
913.0008 1176.745
911.8041 1176.656
909.4108 1176.477
907.8152 1176.358
905.4218 1176.18
903.0284 1176.002
900.6351 1175.823
898.2418 1175.645
895.8484 1175.466
894.2528 1175.348
891.8594 1175.169
889.4661 1174.991
887.0727 1174.812
885.0782 1174.664
883.0838 1174.515
881.4882 1174.396
881.4882 1174.396
881.4882 1174.396
881.4882 1174.396
879.0948 1174.218
876.7015 1174.039
874.3081 1173.861
872.3137 1173.712
870.3192 1173.564
867.9258 1173.385
865.5325 1173.207
863.538 1173.058
861.5435 1172.91
859.1501 1172.731
857.1557 1172.583
855.1613 1172.434
852.7679 1172.255
851.1723 1172.136
848.8141 1171.755
846.8762 1170.392
846.2902 1168.117
846.9371 1165.834
848.2144 1163.866
849.8079 1163.858
849.8091 1164.133
848.1195 1165.837
846.5839 1167.68
845.1563 1170.083
844.4349 1171.947
843.8748 1174.686
843.8132 1177.083
842.6368 1179.597
840.4188 1180.478
838.0485 1180.854
835.6782 1181.23
834.959 1180.972
833.7531 1180.053
832.6729 1179.433
830.9949 1178.549
829.0784 1178.513
828.2631 1177.825
826.2172 1177.461
824.637 1177.712
822.658 1177.622
821.3918 1176.407
820.5113 1174.657
820.7317 1171.87
821.3457 1169.552
822.3376 1167.37
823.9348 1165.076
825.3084 1163.623
827.0934 1162.019
828.2609 1161.045
826.6219 1159.304
825.2136 1157.896
823.5372 1157.112
821.6068 1158.439
820.0263 1160.242
818.7036 1162.243
817.1207 1163.684
814.9047 1162.994
812.7781 1161.881
810.6515 1160.769
809.3443 1159.858
808.0954 1158.307
807.3811 1156.026
807.3905 1153.23
807.8312 1150.874
808.2271 1148.509
808.2947 1146.115
807.7747 1144.191
806.8668 1141.542
806.2183 1139.65
805.3772 1137.846
804.0075 1136.402
801.8883 1135.277
800.0371 1133.759
798.6525 1131.8
797.1133 1129.461
796.4953 1127.565
796.5283 1125.578
797.2703 1123.309
798.2485 1121.12
798.9155 1118.826
798.9542 1116.437
798.722 1114.048
798.5284 1112.057
798.3348 1110.067
798.1413 1108.076
797.9477 1106.086
797.7155 1103.697
797.5606 1102.104
797.3283 1099.716
797.1735 1098.123
796.9412 1095.734
796.7477 1093.744
796.5541 1091.753
796.3605 1089.763
796.167 1087.772
795.9734 1085.781
795.7798 1083.791
795.5476 1081.402
795.3928 1079.809
795.1605 1077.421
795.0056 1075.828
794.7734 1073.44
794.5798 1071.449
794.4629 1069.458
794.4629 1067.07
794.4629 1065.477
794.4629 1063.088
794.4629 1061.098
794.4629 1059.107
794.4629 1057.116
795.3525 1055.656
797.7492 1055.539
800.149 1055.557
800.149 1055.557
800.149 1055.557
799.749 1055.55
797.7839 1054.175
795.4954 1053.777
794.5328 1054.27
794.532 1054.917
794.4776 1054.261
794.4776 1051.958
794.4776 1050.039
794.4776 1048.12
794.4693 1046.19
794.571 1044.199
794.8202 1041.826
794.4697 1039.456
794.4697 1037.096
794.4697 1034.736
794.4697 1033.163
794.4697 1030.803
794.4697 1029.23
794.4697 1026.87
794.4697 1025.297
794.4697 1022.937
794.4697 1020.97
794.4697 1019.003
794.4697 1017.037
794.4697 1015.07
794.4697 1013.103
794.4697 1011.137
794.4697 1009.17
794.4697 1007.203
794.4697 1005.237
794.4697 1003.27
794.4697 1001.303
794.4697 999.3368
794.4697 997.3701
794.4697 995.4035
794.4697 993.4368
794.4697 991.4702
794.4697 989.1102
794.4697 987.5369
794.4697 985.5703
794.4697 983.6036
794.4697 981.637
794.4697 979.6703
794.4697 977.3104
794.4697 975.7371
794.4697 973.3771
794.4697 971.8038
794.4697 969.4438
794.4697 967.8705
794.4697 965.5105
794.4697 963.9371
794.4697 961.5772
794.4697 959.6105
794.4697 957.6439
794.4697 956.0706
794.4697 953.7106
794.4697 951.744
794.4697 949.7773
794.4697 947.8107
794.4697 945.844
794.4697 943.8774
794.4697 941.9107
794.4697 939.9441
794.4697 937.9774
794.4697 935.6175
794.4697 934.0441
794.4697 931.6842
794.4697 930.1108
794.4697 927.7509
794.4697 926.1776
794.4697 923.8176
794.4697 922.2443
794.4697 919.8843
794.4697 918.311
794.4697 915.951
794.4697 913.9844
794.4697 912.0177
794.4697 910.0511
794.4697 908.0844
794.4697 906.1178
794.4697 904.1511
794.4697 901.7911
794.4697 900.2178
794.4697 897.8578
794.4697 895.8912
794.4697 893.9246
794.5381 891.5427
794.8749 889.574
794.6954 887.1823
794.464 884.7969
794.478 882.8044
794.9633 880.4573
794.8432 878.0604
794.712 875.6639
794.6027 873.6669
795.0327 871.7328
796.5707 869.9107
798.301 868.2519
799.8693 866.4437
800.8438 864.2637
801.57 861.9763
802.2963 859.6888
803.0225 857.4013
803.5067 855.8763
804.2328 853.5888
805.8624 851.9744
807.7871 852.3864
810.231 853.745
812.0856 855.264
813.6609 857.071
814.8777 859.0341
814.3232 860.2238
814.3079 862.0034
813.793 860.9194
812.4478 858.4654
811.2847 856.8399
809.3088 854.8621
807.3362 853.4999
805.1871 852.4346
804.091 850.4045
804.9302 847.7374
805.7556 845.4838
807.2279 843.8771
808.5109 842.5942
809.8113 841.2687
811.5461 839.6373
813.7516 838.7108
815.9901 837.8676
818.0184 836.6055
819.7444 835.2527
822.2144 835.2321
823.9255 835.2321
825.9969 835.2321
828.0684 835.2321
829.5479 835.2321
831.321 835.0097
833.6719 834.5624
836.2912 833.607
838.6454 832.0912
840.6633 830.792
842.345 829.7093
844.0266 828.6266
846.1951 827.6635
848.5332 827.936
849.9708 829.8215
850.5731 832.1345
850.7017 834.5283
850.4317 837.3133
852.1265 839.4382
854.4771 839.9225
856.8278 840.4067
859.1848 840.6033
860.4073 839.1007
860.593 836.3096
860.3516 833.9246
859.7158 831.6131
858.7227 829.4303
858.1323 826.7852
859.8447 825.1989
862.4005 825.6504
863.5359 827.7596
864.2895 830.0355
864.6713 832.403
864.7773 834.7999
864.7552 837.1997
866.355 837.2292
868.7546 837.2735
871.1542 837.3177
873.5538 837.3621
875.9534 837.4063
877.5531 837.4359
879.9527 837.4801
882.3523 837.5244
884.3519 837.5613
886.3516 837.5982
888.7512 837.6425
890.7509 837.6794
892.7505 837.7162
895.1136 837.4113
896.8787 836.4811
899.5356 835.6563
901.9138 835.3445
904.298 835.0703
906.285 834.8417
908.2719 834.6132
910.6561 834.339
912.6431 834.1104
915.0273 833.8362
917.0142 833.6077
919.3985 833.3334
920.988 833.1506
923.3723 832.8763
925.7566 832.6021
927.3461 832.4193
929.7304 832.145
932.1147 831.8708
934.1016 831.6423
936.0884 831.4138
938.4727 831.1395
940.4597 830.9109
942.4465 830.6824
944.8308 830.4082
947.2151 830.134
948.8046 829.9511
951.1889 829.6769
953.5732 829.4026
955.5674 829.3486
957.5273 829.7158
959.9238 829.6573
962.3195 829.5153
964.7153 829.3734
967.1111 829.2313
968.7083 829.1367
971.1041 828.9946
973.1006 828.8763
975.0971 828.7579
977.4929 828.616
979.4894 828.4976
981.4859 828.3793
983.8817 828.2372
986.2775 828.0953
987.8747 828.0005
990.2705 827.8586
992.6663 827.7166
994.2635 827.6219
996.6592 827.4799
998.6558 827.3615
1000.652 827.2432
1003.048 827.1012
1005.045 826.9828
1007.041 826.8645
1009.437 826.7225
1011.833 826.5805
1013.43 826.4858
1015.826 826.3438
1018.221 826.2018
1020.218 826.0834
1022.214 825.9651
1023.649 826.7571
1025.523 827.0048
1027.518 827.0721
1029.89 827.3753
1032.289 827.3167
1034.688 827.258
1037.088 827.1993
1038.687 827.1603
1041.086 827.1016
1043.486 827.043
1045.085 827.0039
1047.085 826.955
1049.084 826.9062
1050.683 826.8671
1053.083 826.8084
1055.082 826.7596
1057.082 826.7107
1059.481 826.652
1061.08 826.613
1063.48 826.5543
1065.079 826.5152
1067.479 826.4565
1069.478 826.4077
1071.477 826.3588
1073.477 826.3099
1075.476 826.2611
1077.475 826.2122
1079.475 826.1634
1081.874 826.1047
1083.474 826.0656
1085.873 826.007
1087.473 825.9679
1089.872 825.9092
1091.471 825.8702
1093.871 825.8115
1095.47 825.7724
1097.869 825.7137
1099.869 825.6649
1101.868 825.616
1103.868 825.5672
1105.867 825.5183
1107.866 825.4694
1109.866 825.4206
1112.265 825.3619
1113.838 825.6358
1115.538 826.5755
1115.538 827.0947
1115.538 827.2991
1115.538 827.5034
1115.538 827.6396
1115.538 827.8439
1115.538 827.9138
1115.541 827.3829
1115.541 826.7548
1115.541 826.6581
1115.541 826.6135
1115.541 826.5763
1115.541 826.5391
1115.541 826.5168
1115.541 826.4796
1115.541 826.4424
1115.541 826.4053
1115.541 826.3681
1115.541 826.3309
1115.541 826.2863
1115.541 826.2565
1115.541 826.2119
1115.541 826.1822
1115.541 826.1376
1115.541 826.1078
1115.541 826.0632
1115.541 826.0334
1115.541 825.9888
1115.541 825.959
1115.541 825.9144
1115.541 825.8847
1115.541 825.8401
1115.541 825.8104
1115.541 825.7657
1115.541 825.736
1114.741 825.736
1113.141 825.7657
1110.742 825.8104
1109.142 825.8401
1106.743 825.8847
1104.743 825.9219
1102.754 826.0446
1101.274 827.2671
1100.882 829.2208
1100.307 831.9572
1099.404 834.1777
1098.39 836.3452
1098.502 838.7131
1099.917 840.6287
1101.844 840.9243
1104.578 840.9612
1106.928 840.4906
1109.215 839.7679
1111.572 839.3416
1113.56 839.501
1116.285 840.1437
1118.621 840.6946
1118.621 840.6946
1118.621 840.6946
1120.179 840.9466
1122.514 840.9466
1124.461 840.9467
1126.452 840.8627
1128.678 840.0118
1130.188 838.1684
1131.829 836.428
1133.856 835.1534
1136.146 834.4402
1138.474 834.0863
1140.414 834.0863
1142.385 834.0824
1144.347 834.4227
1146.723 835.8793
1148.397 837.5978
1150.274 839.0912
1152.459 840.0668
1154.399 840.5529
1156.727 841.1362
1158.667 841.6223
1160.995 842.2056
1162.547 842.5791
1164.468 842.1199
1166.024 842.4758
1168.355 842.9801
1170.295 843.4662
1172.235 843.9523
1174.446 844.8456
1175.952 846.1435
1177.125 848.6727
1178.053 850.8839
1179.413 852.8539
1181.201 854.4499
1183.069 855.9569
1184.625 857.2128
1186.182 858.4686
1188.05 859.9756
1189.295 860.9803
1190.946 862.7037
1191.63 864.1465
1191.893 866.5249
1192.144 868.9094
1193.194 871.4889
1194.259 873.1816
1195.751 875.5515
1196.816 877.2442
1198.094 879.2755
1199.159 880.9682
1199.851 882.8322
1199.801 885.2095
1199.448 887.5732
1199.603 889.9561
1200.267 892.2617
1200.967 894.5574
1201.667 896.8531
1202.25 898.7662
1202.833 900.6793
1202.373 901.8436
1201.838 904.0426
1201.32 906.3831
1201.51 908.7727
1201.864 911.1464
1202.012 913.5201
1202.012 915.8938
1202.012 918.2675
1202.012 920.2456
1202.012 922.6193
1202.012 924.5974
1202.366 926.9711
1202.72 929.3448
1203.074 931.7185
1203.429 934.0922
1203.665 935.6747
1204.019 938.0484
1204.374 940.4221
1204.533 942.7958
1204.533 945.1695
1204.237 947.5446
1203.647 949.4515
1203.73 952.2501
1203.843 954.6474
1203.956 957.0447
1204.069 959.4421
1204.182 961.8394
1204.295 964.2368
1204.427 967.0336
1204.54 969.431
1204.541 971.8283
1204.541 974.6252
1204.541 976.623
1204.541 979.0203
1204.541 981.4177
1204.467 983.7254
1203.627 985.8185
1203.627 988.2158
1203.627 990.2136
1203.627 993.0105
1203.627 995.4078
1203.627 997.8052
1203.627 1000.203
1203.627 1002.6
1203.627 1004.997
1203.74 1007.395
1203.854 1009.792
1203.967 1012.189
1204.08 1014.587
1204.193 1016.984
1204.306 1019.381
1204.419 1021.779
1204.532 1024.176
1204.541 1026.573
1204.541 1028.971
1204.541 1031.368
1204.541 1033.765
1204.541 1036.163
1204.541 1038.16
1204.541 1040.158
1204.541 1042.555
1204.541 1044.953
1204.541 1047.35
1204.541 1049.747
1204.541 1052.145
1204.541 1054.542
1204.541 1056.54
1204.541 1058.538
1204.541 1060.935
1204.541 1063.332
1204.541 1065.73
1204.541 1068.127
1204.541 1070.524
1204.541 1072.922
1204.541 1074.92
1204.541 1077.317
1204.541 1079.315
1204.541 1081.712
1204.541 1084.109
1204.541 1086.507
1204.541 1088.904
1204.541 1091.301
1204.541 1093.699
1204.541 1096.096
1204.541 1097.694
1204.541 1100.092
1204.541 1102.489
1204.541 1104.886
1204.541 1107.284
1204.172 1109.487
1204.172 1111.885
1204.172 1114.282
1204.172 1116.679
1204.172 1119.077
1204.06 1121.47
1203.057 1123.633
1202.304 1125.901
1202.1 1128.293
1201.897 1130.684
1201.66 1133.474
1201.457 1135.865
1201.254 1138.257
1201.152 1139.452
1201.152 1139.452
1201.152 1139.452
1201.152 1139.452
1198.766 1139.191
1196.413 1138.729
1194.14 1137.961
1191.952 1136.977
1191.081 1138.957
1189.996 1141.098
1188.911 1143.238
1187.827 1145.379
1186.742 1147.52
1186.019 1148.947
1186.019 1148.947
1186.019 1148.947
1186.019 1148.947
1186.019 1148.947
1186.019 1148.947
1186.019 1148.947
1186.019 1148.947
1186.019 1148.947
1186.019 1148.947
1186.019 1148.947
1186.019 1148.947
1186.019 1148.947
1186.019 1148.947
1186.019 1148.947
1186.019 1148.947
1186.019 1148.947
1186.019 1148.947
1184.934 1151.088
1183.849 1153.229
1182.764 1155.37
1181.499 1157.867
1179.99 1159.696
1177.723 1160.303
1175.383 1158.856
1173.626 1157.246
1172.695 1157.561
1172.518 1157.738
1172.518 1157.738
1172.518 1157.738
1172.518 1157.738
1172.922 1158.428
1174.211 1160.453
1175.981 1162.617
1177.793 1164.188
1180.121 1165.742
1180.109 1168.272
1178.915 1170.354
1177.523 1172.783
1176.131 1175.213
1174.938 1177.295
1173.943 1179.03
1172.551 1181.46
1170.973 1182.546
1168.781 1182.574
1166.407 1182.594
1163.698 1182.594
1161.351 1182.594
1159.451 1182.594
1156.919 1182.594
1155.019 1182.594
1153.12 1182.594
1152.803 1182.594
1152.561 1182.276
1151.167 1180.323
1149.796 1177.885
1148.881 1175.243
1148.518 1172.873
1148.541 1169.676
1146.832 1168.125
1144.046 1167.838
1141.261 1167.555
1138.873 1167.313
1136.485 1167.07
1134.129 1167.3
1131.815 1167.85
1129.016 1167.817
1126.217 1167.747
1123.817 1167.687
1121.418 1167.626
1119.019 1167.566
1116.62 1167.506
1114.22 1167.446
1113.021 1167.416
1113.003 1168.615
1113.119 1171.412
1113.533 1173.773
1114.284 1176.051
1115.4 1178.619
1116.08 1180.067
1116.08 1180.067
1113.184 1181.43
1111.013 1182.452
1108.841 1182.564
1106.586 1182.581
1103.79 1182.566
1101.107 1182.581
1098.84 1182.581
1095.817 1182.581
1093.549 1182.581
1091.282 1182.581
1090.149 1182.581
1090.149 1182.581
1090.149 1182.581
1090.149 1182.581
1090.149 1182.581
1089.535 1180.678
1088.796 1177.977
1088.796 1177.977
1088.796 1177.977
1088.796 1177.977
1088.796 1177.977
1088.796 1177.977
1088.796 1177.977
1087.634 1178.28
1084.925 1178.985
1082.602 1179.589
1079.892 1180.295
1077.57 1180.899
1075.247 1181.503
1072.537 1182.209
1070.759 1180.466
1070.385 1178.106
1070.365 1175.707
1070.542 1172.512
1070.568 1172.113
1070.568 1172.113
1070.568 1172.113
1070.568 1172.113
1070.568 1172.113
1070.568 1172.113
1070.568 1172.113
1070.568 1172.113
1070.521 1172.911
1070.481 1175.711
1070.504 1177.311
1070.504 1177.311
1070.504 1177.311
1070.504 1177.311
1070.504 1177.311
1070.504 1177.311
1068.904 1177.334
1066.504 1177.37
1064.104 1177.405
1061.305 1177.447
1058.905 1177.482
1056.105 1177.524
1053.705 1177.559
1051.306 1177.595
1048.906 1177.63
1046.506 1177.666
1043.706 1177.707
1041.307 1177.743
1038.507 1177.784
1036.507 1177.814
1033.708 1177.855
1031.308 1177.891
1028.908 1177.927
1026.508 1177.962
1024.109 1177.998
1021.709 1178.033
1019.309 1178.069
1016.909 1178.104
1014.11 1178.146
1012.11 1178.175
1009.31 1178.217
1007.31 1178.246
1004.911 1178.282
1002.511 1178.318
1000.111 1178.353
997.7115 1178.389
995.3118 1178.424
992.912 1178.46
990.5123 1178.495
988.1125 1178.531
985.7128 1178.566
983.713 1178.596
981.3133 1178.631
978.9136 1178.667
976.9138 1178.697
974.514 1178.732
972.1143 1178.768
969.7145 1178.803
967.3148 1178.839
964.9151 1178.874
962.9153 1178.904
960.9155 1178.933
958.5158 1178.969
956.116 1179.005
953.7163 1179.04
951.7166 1179.07
949.3168 1179.105
947.317 1179.135
944.9173 1179.17
942.5175 1179.206
940.1178 1179.241
938.118 1179.271
935.7183 1179.307
933.7185 1179.336
931.3188 1179.372
928.919 1179.407
926.5193 1179.443
924.1196 1179.478
921.7198 1179.514
920.12 1179.538
917.7203 1179.573
915.3205 1179.609
912.9208 1179.644
910.5211 1179.68
908.5212 1179.709
906.1215 1179.745
904.1218 1179.775
901.722 1179.81
899.3223 1179.846
897.3225 1179.875
894.9227 1179.911
892.923 1179.94
890.5233 1179.976
888.1235 1180.011
885.7238 1180.047
883.324 1180.083
881.7242 1180.106
879.3245 1180.142
876.9247 1180.177
875.3249 1180.201
872.9429 1180.028
870.8329 1178.928
868.9572 1177.44
866.8444 1176.325
864.525 1175.722
862.1884 1175.174
859.8517 1174.626
857.9044 1174.17
855.9572 1173.714
853.6205 1173.166
851.2839 1172.618
849.7261 1172.253
847.3894 1171.705
845.0527 1171.157
843.495 1170.792
841.1583 1170.245
839.2462 1169.676
837.606 1168.541
836.2271 1166.592
834.7321 1164.72
832.7542 1163.841
830.6189 1163.693
828.5071 1162.556
826.402 1161.403
824.9987 1160.634
822.8936 1159.482
820.7885 1158.329
819.5572 1157.312
818.3116 1155.285
817.1469 1153.203
815.5478 1151.423
813.7158 1149.873
811.8837 1148.323
810.3571 1147.031
808.8304 1145.738
807.3037 1144.446
805.8115 1143.119
804.7182 1141.455
804.1607 1139.132
804.1945 1136.733
803.759 1134.376
802.7089 1132.224
801.5186 1130.14
800.5267 1128.403
799.3365 1126.319
798.543 1124.93
797.4575 1122.796
797.1846 1121.222
796.9968 1118.837
796.2231 1116.571
795.2901 1114.36
794.4862 1112.149
794.4862 1110.675
794.5311 1108.501
794.5311 1107.027
794.5214 1104.783
794.5939 1103.191
795.192 1100.871
795.4395 1098.494
795.1302 1096.118
794.6763 1093.762
794.5151 1091.405
794.5151 1089.834
794.4703 1087.474
794.4703 1085.903
794.4702 1083.546
794.4702 1081.582
794.4702 1079.619
794.4702 1077.655
794.4702 1075.691
794.4702 1073.727
794.4702 1071.763
794.4702 1069.406
794.4703 1067.835
794.4702 1065.479
794.4702 1063.515
794.4702 1061.551
794.4702 1059.194
794.4702 1057.623
794.4702 1055.266
794.4702 1053.302
794.4702 1051.339
794.4702 1048.982
794.4702 1047.411
794.4702 1045.054
794.4702 1043.483
794.4702 1041.126
794.4702 1039.555
794.4702 1037.198
794.4702 1035.234
794.4702 1033.271
794.4702 1031.307
794.4702 1029.343
794.4702 1027.379
794.4702 1025.415
794.4702 1023.058
794.4702 1021.487
794.4702 1019.131
794.4702 1017.559
794.4702 1015.203
794.4702 1013.632
794.4702 1011.275
794.4702 1009.704
794.4702 1007.347
794.4702 1005.776
794.4702 1003.419
794.4702 1001.848
794.4702 999.4915
794.4702 997.9204
794.4702 995.5637
794.4702 993.9926
794.4702 991.6359
794.4702 990.0648
794.4702 988.1009
794.4702 986.137
794.4702 983.7803
794.4702 982.2092
794.4702 980.2453
794.4702 978.2814
794.4702 976.3175
794.4702 974.3536
794.4702 971.9969
794.4702 970.4258
794.4702 968.0691
794.4702 966.498
794.4702 964.5341
794.4702 962.5702
794.4702 960.6063
794.4702 958.6424
794.4702 956.6785
794.4702 954.7146
794.4702 952.7507
794.4702 950.7868
794.4702 948.8229
794.4702 946.859
794.4702 944.8951
794.4702 942.9312
794.4702 940.9673
794.4702 939.0034
794.4702 937.0395
794.4702 935.0756
794.4702 932.7189
794.4702 931.1478
794.4702 928.7911
794.4702 927.22
794.4702 924.8633
794.4702 923.2922
794.4702 920.9355
794.4702 919.3644
794.4702 917.0077
794.4702 915.4366
794.4702 913.0799
794.4702 911.116
794.4703 909.1521
794.4702 907.1882
794.4702 905.2243
794.4702 902.8676
794.4702 901.2965
794.4702 898.9398
794.4702 897.3687
794.4702 895.012
794.4702 893.0482
794.4702 891.0842
794.4702 888.7275
794.4702 886.7637
794.4955 884.7808
795.0708 882.4669
796.2447 880.3776
797.0535 878.1278
797.1782 875.731
797.3029 873.3343
797.386 871.7365
797.5107 869.3397
797.6146 867.3424
797.7185 865.3451
798.2391 863.0147
799.0718 861.6531
801.0259 859.6519
802.2103 857.5696
803.0285 854.8919
803.7299 852.5966
804.3143 850.684
804.8988 848.7712
805.6002 846.476
806.5339 844.7273
807.9827 843.3568
810.5928 842.3754
813.3713 842.0662
815.7681 841.9878
818.1671 841.9268
820.3994 841.1711
822.0977 840.1154
822.0977 840.1154
822.0977 840.1154
822.0977 840.1154
822.0977 840.1154
823.0745 841.3419
825.2165 842.4199
827.3403 843.5356
829.3488 844.8463
830.8801 846.3754
830.8863 846.862
830.8863 846.8621
830.8863 846.8621
830.8863 846.5861
830.8863 845.5963
831.2162 843.9366
832.1372 841.744
831.8984 839.3823
832.1163 836.6041
833.8064 834.3946
835.7797 833.0286
837.753 831.6625
839.7263 830.2964
841.432 829.2627
843.3843 828.8447
845.7382 829.2355
848.512 829.5973
851.2546 829.0631
853.5515 828.3671
855.8484 827.6711
858.1453 826.9752
860.0593 826.3953
861.9734 825.8152
864.2833 825.1779
866.6664 825.2968
868.7914 826.3718
870.5273 828.022
872.2007 829.7366
874.0836 831.2203
876.7094 832.177
879.4016 832.9465
881.3246 833.4962
883.318 833.5408
885.5774 832.7766
887.2881 831.1329
888.5212 829.0784
888.642 826.3646
888.4324 825.183
891.189 824.6917
893.158 824.3408
895.127 823.9898
897.4897 823.5687
899.8525 823.1476
901.8215 822.7966
902.7941 823.3436
904.5433 824.64
906.4948 826.0283
908.6618 827.0415
911.4299 827.4595
913.8085 827.7798
916.187 828.1002
918.1727 828.3115
920.5273 827.9406
922.7902 827.1625
925.1747 826.9748
927.5747 826.9836
929.9747 826.9925
931.9747 826.9998
933.9694 827.0702
936.2381 827.807
938.2979 829.0292
940.5644 829.762
942.9332 830.1479
945.3019 830.5338
947.6707 830.9197
949.2499 831.1769
951.6187 831.5629
953.9874 831.9487
955.5667 832.206
957.9354 832.5919
960.3042 832.9778
961.8834 833.235
964.2521 833.6209
966.2261 833.9425
968.2001 834.2641
970.5791 834.5057
972.5422 834.1732
974.9286 834.1226
977.319 834.3363
979.7095 834.55
981.7016 834.728
984.092 834.9417
986.0841 835.1198
988.0762 835.2978
990.4666 835.5115
992.4587 835.6895
994.4507 835.8676
996.8412 836.0813
998.4349 836.2237
1000.825 836.4374
1002.817 836.6154
1004.809 836.7935
1007.2 837.0071
1009.192 837.1852
1011.184 837.3633
1013.575 837.577
1015.168 837.7194
1017.559 837.933
1019.152 838.0755
1021.543 838.2892
1023.535 838.4672
1025.527 838.6453
1027.917 838.8589
1029.909 839.037
1031.873 838.7206
1034.085 837.802
1036.434 837.3874
1038.832 837.2902
1041.23 837.1931
1043.228 837.1121
1045.227 837.0311
1047.625 836.934
1049.623 836.853
1051.621 836.772
1053.62 836.691
1055.618 836.6101
1058.016 836.5129
1059.615 836.4482
1062.013 836.351
1063.612 836.2863
1066.01 836.1891
1067.608 836.1243
1070.006 836.0272
1072.005 835.9462
1074.003 835.8652
1076.001 835.7842
1078 835.7032
1079.998 835.6223
1081.997 835.5413
1083.995 835.4604
1085.993 835.3794
1088.391 835.2822
1089.99 835.2175
1092.388 835.1203
1094.386 835.0394
1096.385 834.9584
1098.383 834.8774
1100.381 834.7964
1102.779 834.6993
1104.378 834.6345
1106.776 834.5374
1108.775 834.4564
1110.773 834.3754
1112.771 834.2944
1114.77 834.2135
1117.168 834.1163
1118.766 834.0701
1121.164 834.0701
1122.763 834.0701
1125.161 834.0701
1126.76 834.0701
1129.158 834.0701
1131.156 834.0701
1133.155 834.0701
1135.153 834.0701
1137.151 834.0701
1139.15 834.0701
1141.148 834.0701
1143.146 834.0701
1145.145 834.0053
1147.543 833.9081
1149.141 833.8434
1151.539 833.7462
1153.538 833.6653
1155.524 833.7932
1157.74 834.6735
1160.014 835.4205
1162.405 835.6182
1164.797 835.8159
1166.791 835.9806
1168.784 836.1453
1170.777 836.31
1172.77 836.4747
1175.016 837.2977
1176.783 838.8926
1178.534 840.524
1180.648 841.6293
1182.91 842.4302
1185.173 843.231
1187.435 844.0318
1188.944 844.5657
1191.206 845.3665
1192.943 846.3364
1194.307 847.7923
1195.225 849.9984
1196.141 852.2156
1197.527 854.1667
1199.652 855.9905
1200.305 857.2933
1200.305 858.8565
1200.305 860.1592
1200.305 860.6803
1200.305 860.6803
1200.305 860.6803
1200.305 860.6803
1200.305 860.6803
1200.305 860.6803
1200.305 860.6803
1199.515 861.584
1198.144 863.0398
1196.116 864.9698
1196.93 865.8514
1198.559 867.6145
1199.644 868.7899
1200.311 870.553
1200.311 872.0223
1200.311 873.4916
1200.323 875.3423
1200.349 877.2783
1199.112 879.2789
1197.039 880.4863
1197.454 883.15
1198.561 885.2794
1199.483 887.054
1200.405 888.8286
1201.512 890.9581
1202.619 893.0875
1203.357 894.5072
1204.395 896.6647
1204.544 899.0208
1204.249 900.6771
1204.305 900.6721
1204.465 900.6661
1204.465 900.6661
1204.465 900.6661
1204.465 900.6661
1204.465 900.6661
1204.465 900.6661
1204.446 900.6666
1203.31 900.9874
1202.133 902.4071
1201.923 905.1588
1201.923 905.1588
1201.923 905.1588
1202.014 905.9529
1202.014 907.9385
1202.014 910.3212
1202.014 912.7038
1202.014 915.0864
1202.014 917.072
1202.014 919.0575
1202.014 921.4402
1202.014 923.8228
1202.206 926.2054
1202.494 928.5881
1202.734 930.5737
1202.974 932.5592
1203.262 934.9418
1203.55 937.3245
1203.838 939.7072
1204.126 942.0898
1204.366 944.0753
1204.535 946.4579
1204.535 948.4435
1204.535 950.8262
1204.535 953.2088
1204.535 955.5914
1204.535 957.9741
1204.535 960.3568
1204.535 962.7394
1204.352 965.1177
1204.024 967.4797
1204.166 969.8755
1204.356 973.0699
1204.499 975.4656
1204.54 977.8614
1204.54 980.2572
1204.54 982.653
1203.916 984.3895
1203.627 986.6347
1203.627 989.0305
1203.627 991.4263
1203.627 993.822
1203.627 996.2178
1203.627 998.6136
1203.627 1001.009
1203.627 1003.405
1203.674 1005.801
1203.816 1008.197
1203.959 1010.592
1204.101 1012.988
1204.244 1015.384
1204.41 1018.179
1204.528 1020.176
1204.54 1022.971
1204.54 1024.967
1204.54 1027.363
1204.54 1029.759
1204.54 1032.154
1204.54 1034.55
1204.54 1036.946
1204.54 1038.942
1204.54 1041.737
1204.54 1043.734
1204.54 1045.73
1204.54 1048.126
1204.54 1050.522
1204.54 1052.918
1204.54 1055.313
1204.54 1057.709
1204.54 1060.105
1204.54 1062.102
1204.54 1064.497
1204.54 1065.296
1204.54 1065.296
1204.54 1065.296
1204.54 1065.296
1204.54 1065.296
1204.54 1065.296
1204.54 1067.692
1204.54 1070.087
1204.54 1072.483
1204.54 1074.879
1204.54 1077.275
1204.54 1079.271
1204.54 1081.667
1204.54 1083.663
1204.54 1086.059
1204.54 1088.455
1204.54 1090.851
1204.54 1093.247
1204.54 1095.642
1204.54 1098.038
1204.54 1100.434
1204.54 1102.43
1204.54 1104.826
1204.54 1107.222
1204.158 1109.017
1204.171 1111.413
1204.171 1113.809
1204.121 1116.202
1203.441 1118.489
1202.078 1120.452
1200.828 1122.951
1200.349 1125.71
1199.945 1128.076
1199.542 1130.442
1198.766 1132.688
1197.005 1134.234
1194.255 1134.702
1193.143 1134.253
1193.143 1134.253
1193.143 1134.253
1193.143 1134.253
1193.143 1134.253
1194.632 1134.838
1196.911 1135.587
1199.252 1136.114
1201.22 1136.468
1201.085 1137.256
1200.613 1140.016
1200.208 1142.382
1199.803 1144.747
1199.398 1147.113
1198.993 1149.478
1198.365 1151.783
1196.924 1153.69
1194.992 1155.702
1193.894 1157.822
1193.019 1160.056
1191.997 1162.663
1190.363 1164.734
1188.573 1166.317
1186.317 1167.107
1183.604 1167.776
1181.136 1169.063
1179.345 1170.651
1176.973 1172.09
1174.313 1172.928
1172.275 1174.179
1170.336 1175.592
1167.946 1177.022
1165.573 1177.305
1162.923 1178.127
1160.791 1179.226
1157.965 1180.728
1155.651 1181.281
1153.266 1181.102
1150.517 1181.52
1147.801 1182.027
1145.478 1181.512
1143.148 1179.975
1140.762 1178.518
1138.542 1177.627
1135.361 1177.282
1132.975 1177.024
1130.589 1176.765
1127.407 1176.421
1125.419 1176.205
1122.741 1176.936
1120.415 1177.401
1118.016 1177.352
1118.016 1177.352
1118.016 1177.352
1118.016 1177.352
1118.016 1177.352
1118.016 1177.352
1118.016 1177.352
1118.016 1177.352
1115.616 1177.303
1113.217 1177.254
1110.817 1177.204
1108.018 1177.147
1105.218 1177.089
1102.819 1177.04
1100.419 1176.99
1098.02 1176.941
1095.22 1176.883
1092.421 1176.826
1090.022 1176.776
1087.622 1176.727
1085.223 1176.678
1082.423 1176.62
1079.624 1176.563
1079.624 1176.563
1079.647 1175.763
1079.809 1173.369
1080.215 1171.005
1081.325 1168.011
1082.577 1165.967
1083.568 1164.899
1081.705 1163.856
1079.957 1163.856
1077.625 1163.856
1075.876 1163.856
1074.127 1163.856
1072.378 1163.856
1071.212 1163.856
1071.212 1163.856
1071.212 1163.856
1071.212 1163.856
1073.191 1163.856
1075.047 1163.849
1077.473 1163.835
1079.731 1163.824
1082.466 1163.815
1081.678 1163.956
1079.334 1164.466
1077.055 1165.214
1074.25 1166.741
1072.408 1168.275
1070.617 1170.422
1069.186 1172.826
1067.94 1175.334
1065.414 1174.126
1063.249 1173.09
1060.723 1171.882
1058.557 1170.847
1056.392 1169.812
1054.391 1167.864
1053.474 1165.655
1053.265 1163.272
1053.574 1160.494
1054.181 1157.765
1054.456 1155.386
1053.926 1155.236
1053 1155.197
1051.633 1154.46
1050.704 1152.327
1049.972 1150.042
1049.24 1147.756
1048.509 1145.47
1047.777 1143.184
1047.177 1140.868
1047.413 1138.497
1048.562 1136.409
1050.235 1134.694
1050.894 1133.063
1051.804 1130.404
1052.505 1128.109
1053.183 1125.807
1053.463 1123.44
1052.808 1121.147
1051.772 1118.554
1051.649 1115.788
1051.766 1113.391
1051.883 1110.993
1052.001 1108.596
1052.118 1106.199
1052.235 1103.802
1052.352 1101.405
1052.47 1099.008
1052.587 1096.611
1052.704 1094.214
1052.821 1091.816
1052.939 1089.419
1053.056 1087.022
1053.173 1084.625
1053.291 1082.228
1053.408 1079.831
1053.525 1077.433
1053.642 1075.036
1053.76 1072.639
1053.877 1070.242
1053.994 1067.845
1054.111 1065.448
1054.229 1063.051
1054.346 1060.654
1054.444 1058.656
1054.561 1056.259
1054.659 1054.261
1054.776 1051.864
1054.893 1049.467
1055.01 1047.07
1055.128 1044.673
1055.245 1042.276
1055.343 1040.278
1055.46 1037.881
1055.557 1035.883
1055.675 1033.486
1055.792 1031.089
1055.909 1028.692
1056.007 1026.694
1056.105 1024.697
1056.222 1022.299
1056.339 1019.902
1056.457 1017.505
1056.574 1015.108
1056.672 1013.11
1056.769 1011.113
1056.886 1008.716
1057.004 1006.319
1057.101 1004.321
1057.199 1002.323
1057.316 999.9262
1057.434 997.5291
1057.551 995.1319
1057.524 993.5356
1057.167 991.1736
1057.197 988.7738
1057.228 986.374
1057.258 983.9742
1057.288 981.5743
1057.313 979.5745
1057.344 977.1747
1057.369 975.1749
1057.4 972.7751
1057.425 970.7752
1057.45 968.7754
1057.48 966.3756
1057.506 964.3757
1057.531 962.3759
1057.561 959.9761
1057.587 957.9763
1057.617 955.5764
1057.642 953.5766
1057.667 951.5768
1057.693 949.5769
1057.723 947.1771
1057.748 945.1773
1057.774 943.1774
1057.804 940.7776
1057.829 938.7778
1057.854 936.778
1057.885 934.3781
1057.91 932.3783
1057.935 930.3785
1057.966 927.9786
1057.986 926.3788
1058.016 923.9789
1058.047 921.5792
1058.067 919.9793
1058.097 917.5795
1058.123 915.5797
1058.148 913.5798
1058.178 911.18
1058.198 909.5801
1058.229 907.1803
1058.254 905.1805
1058.279 903.1807
1058.31 900.7808
1058.33 899.181
1058.36 896.7811
1058.385 894.7813
1058.411 892.7815
1058.441 890.3817
1058.466 888.3818
1058.492 886.382
1058.522 883.9822
1058.542 882.3823
1058.573 879.9825
1058.603 877.5827
1058.623 875.9828
1058.653 873.583
1058.679 871.5831
1058.704 869.5833
1058.729 867.5835
1058.729 867.5835
1058.729 867.5835
1058.729 867.5835
1058.729 867.5835
1058.729 867.5835
1058.729 867.5835
1058.729 867.5835
1058.729 867.5835
1058.729 867.5835
1058.729 867.5835
1058.729 867.5835
1058.729 867.5835
1058.729 867.5835
1058.729 867.5835
1058.719 868.3834
1058.699 869.9833
1058.669 872.3831
1058.643 874.3829
1058.618 876.3828
1058.593 878.3826
1058.568 880.3824
1058.537 882.7823
1058.517 884.3821
1058.487 886.7819
1058.456 889.1818
1058.436 890.7816
1058.406 893.1815
1058.38 895.1813
1058.355 897.1811
1058.325 899.5809
1058.305 901.1808
1058.274 903.5806
1058.249 905.5804
1058.224 907.5803
1058.193 909.9801
1058.168 911.9799
1058.143 913.9798
1058.117 915.9796
1058.092 917.9794
1058.062 920.3793
1058.037 922.3791
1058.011 924.379
1057.981 926.7787
1057.956 928.7786
1057.93 930.7784
1057.905 932.7783
1057.88 934.7781
1057.849 937.1779
1057.824 939.1777
1057.799 941.1776
1057.769 943.5774
1057.743 945.5773
1057.718 947.5771
1057.688 949.9769
1057.662 951.9767
1057.637 953.9766
1057.607 956.3764
1057.582 958.3762
1057.556 960.376
1057.526 962.7759
1057.501 964.7757
1057.475 966.7756
1057.445 969.1754
1057.42 971.1752
1057.394 973.175
1057.364 975.5748
1057.339 977.5747
1057.313 979.5745
1057.283 981.9744
1057.258 983.9742
1057.233 985.974
1057.202 988.3738
1057.172 990.7736
1057.147 992.7735
1057.121 994.7733
1057.091 997.1731
1057.061 999.5729
1057.035 1001.573
1057.01 1003.573
1056.98 1005.972
1056.949 1008.372
1056.924 1010.372
1056.899 1012.372
1056.869 1014.772
1056.838 1017.172
1056.808 1019.571
1056.798 1020.371
1056.798 1020.371
1056.803 1019.971
1056.833 1017.571
1056.864 1015.172
1056.889 1013.172
1056.919 1010.772
1056.614 1008.809
1055.501 1006.697
1053.64 1005.2
1051.674 1003.83
1049.986 1002.146
1048.78 1000.08
1047.572 997.554
1046.709 995.7497
1045.674 993.5845
1044.824 992.0736
1044.824 992.0736
1044.824 992.0736
1044.824 992.0736
1044.824 992.0736
1045.687 993.8779
1046.55 995.6822
1047.586 997.8473
1048.448 999.6516
1049.311 1001.456
1050.347 1003.621
1051.382 1005.786
1052.245 1007.59
1053.108 1009.395
1054.144 1011.56
1055.179 1013.725
1054.25 1015.706
1052.189 1016.934
1050.314 1018.427
1048.681 1020.185
1047.222 1022.09
1045.453 1021.811
1044.809 1021.353
1044.809 1021.353
1044.809 1021.353
1044.809 1021.353
1044.809 1021.353
1044.809 1021.353
1044.967 1021.353
1045.728 1021.349
1047.312 1020.577
1047.312 1020.577
1047.846 1019.854
1048.083 1018.076
1048.083 1015.999
1048.083 1014.613
1047.808 1012.492
1046.34 1010.616
1044.254 1009.48
1041.906 1009.873
1040.076 1011.045
1038.864 1011.045
1037.817 1011.045
1037.215 1011.045
1034.514 1010.311
1031.831 1009.508
1030.298 1009.049
1028.279 1007.783
1026.511 1006.173
1024.42 1005.02
1022.223 1004.054
1020.026 1003.089
1018.195 1002.284
1016.246 1001.86
1013.855 1002.001
1011.5 1001.601
1009.202 1000.906
1006.905 1000.212
1004.607 999.518
1002.693 998.9395
1000.778 998.361
998.864 997.7825
996.9085 997.4168
994.5463 997.7397
992.3585 998.7204
990.0755 999.4458
987.6859 999.4332
986.0876 999.3587
986.0876 999.3587
986.0876 999.3587
986.0876 999.3587
986.0876 999.3587
986.0876 999.3587
986.0876 999.3587
986.0876 999.3587
984.8889 999.3028
982.8911 999.2097
980.8932 999.1165
978.4958 999.0048
976.498 998.9116
974.5002 998.8184
972.1028 998.7067
970.105 998.6135
968.1072 998.5203
966.9084 998.4645
966.9084 998.4645
966.9084 998.4645
966.9084 998.4645
966.9084 998.4645
966.8495 1000.863
966.9776 1003.259
967.4479 1005.28
968.2672 1005.284
968.8339 1005.286
967.1354 1005.32
965.0096 1005.32
962.8839 1005.32
960.7582 1005.32
958.6325 1005.32
957.2154 1005.32
955.1351 1005.32
954.731 1005.32
956.2712 1005.32
957.6193 1005.32
959.4872 1005.32
961.946 1005.326
964.2098 1005.335
966.5326 1005.339
968.4791 1005.339
968.4791 1005.339
966.9252 1004.958
965.0058 1004.397
962.7809 1003.502
960.7225 1002.273
958.62 1000.43
957.132 998.5508
955.6768 997.782
953.5535 997.0676
951.2663 997.6767
949.0722 998.6493
946.8781 999.6219
945.0497 1000.432
943.4878 1001.668
942.2085 1003.676
941.6832 1006.008
941.6949 1008.405
942.1063 1010.767
942.8456 1013.049
943.3193 1015.802
943.103 1018.184
942.4106 1020.897
941.8172 1023.223
941.4215 1024.773
940.8281 1027.098
940.3335 1029.036
939.8389 1030.974
939.2454 1033.3
938.9289 1035.269
939.2336 1037.237
940.4848 1039.261
942.3752 1040.735
943.8851 1042.6
944.8174 1044.786
945.3127 1047.542
945.7372 1049.904
946.091 1051.873
946.0665 1054.262
945.4003 1056.142
944.8843 1058.483
944.9802 1061.282
945.0623 1063.68
945.1308 1065.679
945.1992 1067.678
945.2814 1070.077
945.3635 1072.475
945.4183 1074.074
945.5005 1076.473
945.3722 1078.851
944.335 1080.503
942.0266 1081.088
940.4352 1080.922
940.4352 1080.922
940.4352 1080.922
940.3479 1081.717
940.0858 1084.103
939.8237 1086.488
939.6053 1088.476
939.3432 1090.862
939.1804 1092.852
939.8268 1095.057
939.8268 1096.137
939.8268 1096.283
939.8268 1095.998
939.8574 1097.977
939.8574 1100.351
939.8574 1102.725
939.8574 1105.099
939.8574 1107.078
939.8574 1109.056
940.0939 1111.431
940.4446 1113.805
940.7953 1116.179
941.1461 1118.554
941.4969 1120.928
941.7307 1122.511
942.0815 1124.885
942.4323 1127.259
942.783 1129.633
943.1337 1132.008
943.426 1133.986
943.7768 1136.36
944.0691 1138.339
944.4199 1140.713
944.7706 1143.087
945.1213 1145.462
945.4721 1147.836
945.8229 1150.21
946.1736 1152.584
946.4659 1154.563
946.8167 1156.937
947.1089 1158.916
947.4597 1161.29
947.8105 1163.664
948.1613 1166.038
948.6086 1168.392
949.5952 1170.123
952.0538 1171.385
954.4042 1170.991
956.3938 1169.671
958.0948 1167.982
959.8806 1167.264
960.799 1167.269
961.3872 1167.269
960.9413 1167.269
957.912 1167.208
955.5252 1167.082
953.1385 1166.83
950.7517 1166.579
948.7628 1166.369
946.7738 1166.159
944.3871 1165.907
942.0004 1165.655
939.6136 1165.403
937.2269 1165.151
935.2379 1164.941
933.249 1164.731
930.8622 1164.479
928.4755 1164.228
926.0887 1163.976
923.702 1163.81
921.3152 1163.81
921.5178 1163.81
921.5532 1163.81
921.5547 1163.81
922.9432 1163.81
925.1963 1163.81
927.9076 1163.81
929.8443 1163.81
932.1683 1163.71
934.4923 1163.22
936.7972 1162.771
938.579 1161.226
939.0456 1158.947
938.0535 1156.786
937.593 1154.948
937.593 1153.159
937.5593 1150.761
938.089 1148.472
939.1968 1146.343
940.4894 1143.859
941.4126 1142.085
942.5204 1139.956
943.6283 1137.827
944.7361 1135.698
945.3932 1133.407
945.0482 1131.042
943.3768 1129.37
941.1323 1128.632
938.7581 1128.343
937.6191 1127.579
937.6144 1126.468
937.6054 1125.193
937.59 1123.448
937.5772 1121.371
937.7012 1118.196
938.548 1115.962
939.8396 1113.943
941.2036 1111.972
941.2874 1111.857
940.5397 1111.321
939.8633 1109.058
939.8633 1106.664
939.8633 1104.27
939.8633 1102.276
939.8633 1099.882
939.8633 1097.887
939.8633 1095.892
939.8633 1093.499
939.8633 1091.105
939.8676 1089.11
940.0123 1087.115
940.1859 1084.722
940.3596 1082.328
940.5043 1080.333
940.649 1078.338
940.8226 1075.945
940.9963 1073.551
941.1411 1071.556
941.2858 1069.561
941.4594 1067.168
941.6041 1065.173
941.7778 1062.779
941.9225 1060.784
942.0672 1058.79
942.2408 1056.396
942.3856 1054.401
942.5592 1052.007
942.675 1050.412
942.8486 1048.018
943.0223 1045.624
943.1381 1044.028
943.3117 1041.635
943.4854 1039.241
943.6011 1037.645
943.7748 1035.252
943.9195 1033.257
944.0642 1031.262
944.2379 1028.868
944.3536 1027.272
944.5273 1024.879
944.701 1022.485
944.8457 1020.49
944.9904 1018.496
945.1351 1016.501
945.2798 1014.506
945.4535 1012.112
945.5982 1010.118
945.7429 1008.123
945.9166 1005.729
946.0613 1003.734
945.9825 1001.747
945.004 999.5772
943.5808 997.6476
942.6602 995.439
942.2701 993.071
941.88 990.7029
941.5549 988.7295
941.2299 986.756
940.9608 984.3774
941.2768 982.8126
942.1492 980.163
942.2078 978.1689
942.1284 975.37
942.0716 973.3708
942.0035 970.9717
941.9467 968.9726
941.8899 966.9734
941.8218 964.5743
941.7764 962.975
941.7083 960.576
941.6401 958.1769
941.5947 956.5776
941.5266 954.1785
941.4698 952.1793
941.4131 950.1802
941.345 947.7811
941.2881 945.7819
941.2314 943.7827
941.1633 941.3837
941.1065 939.3845
941.0497 937.3853
941.0223 934.9872
941.5853 933.0732
941.9096 931.1035
942.0073 928.3052
942.091 925.9067
942.1607 923.9079
942.2444 921.5093
942.3142 919.5106
942.384 917.5118
942.4677 915.1133
942.5374 913.1145
942.6072 911.1157
942.6909 908.7172
942.7467 907.1181
942.8304 904.7196
942.9001 902.7208
942.9699 900.722
943.0536 898.3235
943.1094 896.7244
943.1931 894.3259
943.2629 892.3271
943.3326 890.3284
943.4163 887.9298
943.4721 886.3308
943.5558 883.9323
943.6256 881.9335
943.6953 879.9347
943.7791 877.5361
943.8348 875.9371
943.9186 873.5386
943.9604 872.3393
943.9604 872.3393
943.9604 872.3393
943.9604 872.3393
944.0162 870.7403
944.086 868.7415
944.1557 866.7427
944.2394 864.3442
944.2952 862.7451
944.379 860.3466
944.4348 858.7476
944.5184 856.3491
944.5882 854.3502
944.658 852.3514
944.7137 850.7524
944.7137 850.7524
944.7137 850.7524
944.7137 850.7524
944.7137 850.7524
944.7137 850.7524
944.7137 850.7524
944.7137 850.7524
944.7137 850.7524
944.7137 850.7524
944.7137 850.7524
944.7137 850.7524
944.7137 850.7524
944.7137 850.7524
944.7137 850.7524
944.7137 850.7524
944.7137 850.7524
944.7137 850.7524
944.7137 850.7524
944.7137 850.7524
942.7143 850.7103
940.7157 850.7726
937.952 851.1988
937.618 851.9753
937.6137 853.0707
937.6115 852.3561
937.5884 850.4202
938.694 848.5916
938.2722 846.3448
937.5847 844.2736
937.5847 842.5477
937.5847 840.8217
936.7643 838.8396
934.9411 838.1789
932.5822 838.1789
931.0638 838.1789
929.876 838.1789
928.7086 838.4071
927.4383 839.905
925.6503 841.3502
923.2934 841.5638
920.8986 841.407
918.5037 841.2502
916.5079 841.1195
914.5122 840.9888
912.1174 840.832
909.7225 840.6752
908.1259 840.5707
905.731 840.4139
903.7353 840.2832
901.8492 839.6564
899.6335 838.7919
897.2654 838.4067
894.8904 838.0609
892.5154 837.7151
890.1405 837.3693
888.5572 837.1387
886.1823 836.793
883.8073 836.4471
881.8281 836.1589
879.849 835.8708
877.4741 835.525
875.0991 835.1791
873.12 834.891
871.1409 834.6028
868.7659 834.257
866.3909 833.9112
864.4118 833.623
862.4327 833.3348
860.0577 832.989
857.6737 832.9672
855.4369 833.7899
853.7131 835.4484
852.3563 837.426
850.8657 839.2969
849.0298 840.8351
846.8557 841.8513
844.3065 842.5655
842.1215 842.5655
840.3007 842.5655
838.1156 842.5655
835.9306 842.5655
834.1097 842.5655
832.2693 842.8771
830.0843 843.8699
827.9872 845.0226
826.6425 846.4996
825.475 848.1182
823.5732 849.5685
821.2131 851.075
819.1901 852.3663
817.5042 853.4424
815.4812 854.7336
813.7953 855.8098
812.1095 856.8858
810.5546 858.6929
808.9438 860.4549
807.0488 861.9263
805.9875 863.6642
807.3796 865.5834
808.7822 867.0078
811.0266 868.6747
813.1772 869.7339
814.2651 870.426
814.28 871.4756
814.3173 873.7222
814.1501 876.1146
813.9426 878.5056
813.735 880.8966
813.5261 882.6925
812.7794 882.7002
811.6455 882.7065
811.0731 882.7065
810.5328 882.7065
810.1469 882.7065
809.6837 882.7065
809.2978 882.7065
808.9119 882.7065
808.4487 882.7065
808.14 882.7065
807.543 882.7488
806.5954 883.1511
805.626 884.5535
805.1629 886.9084
804.8541 888.4783
804.391 890.8332
804.0051 892.7956
803.6191 894.7581
803.8069 897.1348
804.4453 899.4437
804.444 901.8377
804.2731 904.2316
804.1307 906.2266
803.9882 908.2215
803.8173 910.6154
803.7034 912.2113
803.5325 914.6052
803.3901 916.6002
803.2477 918.5951
803.1053 920.59
802.9629 922.5849
802.8205 924.5798
802.6781 926.5748
802.5072 928.9687
802.3932 930.5646
802.2224 932.9585
802.1085 934.5544
801.9376 936.9484
801.8236 938.5443
801.6527 940.9382
801.5388 942.5342
801.3679 944.928
801.254 946.524
801.0831 948.9179
800.9692 950.5139
800.7983 952.9078
800.6843 954.5037
800.5134 956.8976
800.3995 958.4935
800.2286 960.8875
800.1147 962.4834
799.9438 964.8773
799.8299 966.4733
799.659 968.8671
799.545 970.4631
799.3742 972.857
799.2603 974.4529
799.0894 976.8469
798.9754 978.4427
798.8046 980.8367
798.6906 982.4326
798.5197 984.8265
798.4058 986.4225
798.2349 988.8164
798.121 990.4123
797.9501 992.8062
797.8362 994.4022
797.6653 996.7961
797.5513 998.392
797.3804 1000.786
797.238 1002.781
797.0956 1004.776
797.0386 1005.574
796.8962 1007.569
796.7538 1009.564
796.6115 1011.559
796.4406 1013.952
796.8546 1015.484
798.8901 1016.528
800.9457 1017.597
801.7581 1019.799
802.0849 1022.176
802.4117 1024.554
802.6296 1026.139
802.9565 1028.517
803.2289 1030.498
803.5012 1032.479
803.7191 1034.065
804.046 1036.442
804.2639 1038.027
804.5907 1040.405
804.8086 1041.99
805.1354 1044.368
805.4078 1046.349
805.534 1048.33
805.534 1050.312
805.534 1052.293
805.534 1054.671
805.534 1056.256
805.534 1058.634
805.534 1060.615
805.534 1062.596
805.534 1064.578
805.534 1066.559
805.534 1068.54
805.534 1070.522
805.534 1072.899
805.534 1074.484
805.534 1076.862
805.534 1078.447
805.534 1080.825
805.534 1082.41
805.534 1084.788
805.534 1086.769
805.534 1088.75
805.534 1091.128
805.534 1092.713
805.534 1095.091
805.534 1097.072
805.534 1099.053
805.534 1101.035
805.534 1103.016
805.534 1105.394
805.534 1107.375
805.534 1109.357
805.534 1111.338
805.534 1113.319
805.534 1115.697
805.534 1117.282
805.534 1119.66
805.534 1121.641
805.534 1123.622
805.534 1126
805.534 1127.498
806.2568 1129.522
807.9625 1131.199
809.182 1133.25
810.0413 1135.491
810.0289 1136.865
809.3348 1137.566
808.8742 1138.026
808.2017 1139.255
808.4812 1141.034
809.8179 1142.503
811.4063 1144.091
812.7772 1145.462
814.191 1146.876
815.7775 1148.463
817.4634 1150.146
819.1531 1151.835
820.8427 1153.525
822.2507 1154.933
823.6587 1156.341
825.3483 1158.031
826.4747 1159.157
828.1644 1160.847
829.278 1162.64
830.4359 1163.595
832.773 1163.974
835.1012 1163.819
837.3489 1163.819
839.689 1163.817
842.0752 1163.984
844.4327 1164.433
847.1832 1164.958
849.1478 1165.332
851.5053 1165.782
853.4699 1166.156
855.4345 1166.531
857.7921 1166.98
860.1496 1167.43
862.1142 1167.804
864.0788 1168.179
866.4363 1168.628
868.4009 1169.003
870.3656 1169.378
872.7231 1169.827
875.0806 1170.276
877.4382 1170.726
879.4028 1171.101
881.3674 1171.475
883.7249 1171.925
886.0825 1172.374
888.0471 1172.749
890.0117 1173.123
892.3692 1173.573
894.7267 1174.022
896.6913 1174.397
898.6559 1174.771
901.0135 1175.221
903.371 1175.67
905.7286 1176.12
908.0861 1176.569
910.0778 1176.5
912.2643 1175.54
914.9429 1174.772
917.3408 1174.697
919.7408 1174.688
922.0508 1174.116
924.0867 1172.856
926.3622 1172.105
928.7077 1171.631
930.8224 1170.523
932.4534 1167.323
932.9508 1165.387
933.7042 1163.276
933.9289 1163.276
933.1375 1163.272
933.0878 1163.251
933.0876 1163.251
933.1128 1163.252
933.4702 1163.252
933.9172 1163.252
934.4399 1163.252
934.8132 1163.252
935.2994 1163.243
936.2655 1162.963
937.5351 1161.372
939.19 1159.7
941.5058 1159.264
943.8385 1159.724
946.4709 1159.007
948.295 1156.884
949.667 1154.926
950.259 1152.614
950.0541 1150.239
949.127 1148.03
947.3232 1145.394
945.6107 1143.717
943.6425 1142.348
941.4886 1141.293
939.2418 1140.451
937.7803 1138.071
937.5801 1135.568
937.5801 1133.422
937.5801 1131.276
937.5801 1129.488
937.5801 1127.343
937.5801 1125.197
937.5801 1123.409
937.5801 1121.263
937.5801 1119.117
937.5801 1116.971
937.5801 1115.183
937.679 1113.539
938.2881 1112.919
938.8168 1110.777
939.5822 1108.508
939.8515 1106.177
939.5998 1103.397
939.2172 1101.028
938.8347 1098.659
938.4522 1096.289
938.1334 1094.315
937.7509 1091.946
937.5571 1089.576
937.5571 1087.602
937.5571 1085.627
937.5571 1083.258
937.5571 1080.889
937.5571 1078.914
937.5571 1076.94
937.5571 1074.571
937.557 1072.596
937.557 1070.622
937.5571 1068.252
937.557 1065.883
937.557 1063.909
937.557 1061.934
937.557 1059.565
937.557 1057.591
937.557 1055.616
937.557 1053.247
937.557 1050.877
937.557 1049.298
937.557 1046.929
937.557 1044.559
937.5569 1042.585
937.5569 1040.61
937.5569 1038.241
937.5569 1036.267
937.5569 1034.292
937.5569 1031.923
937.5569 1030.343
937.5569 1027.974
937.5569 1026
937.5569 1024.025
937.5569 1021.656
937.5569 1019.286
937.5569 1017.707
937.5569 1015.338
937.5569 1012.968
937.5569 1011.389
937.5569 1009.019
937.5569 1006.65
937.5569 1005.071
937.5568 1002.701
937.5568 1000.332
937.5568 998.7524
937.5568 996.3831
937.5568 994.4086
937.5568 992.4342
937.5568 990.0649
937.5568 988.0905
937.5568 986.116
937.5568 983.7467
937.5568 982.1672
937.5568 979.7979
937.5568 977.4285
937.5569 975.849
937.5568 973.4797
937.5569 971.5052
937.5569 969.5308
937.5569 967.1615
937.5569 964.7922
937.5568 963.2126
937.5568 960.8433
937.5568 958.8689
937.5568 956.8944
937.5568 954.5251
937.5568 952.1558
937.5568 950.5762
937.5568 948.2069
937.5568 946.2325
937.5568 944.2581
937.5568 941.8887
937.5568 939.9143
937.5568 937.9399
937.5568 935.5706
937.5568 933.5961
937.5568 931.6217
937.5568 929.2524
937.5568 927.278
937.5568 925.3035
937.5568 922.9342
937.5568 920.9598
937.5568 918.9854
937.5568 916.616
937.5568 914.6416
937.5568 912.6672
937.5568 910.2979
937.5568 908.7183
937.5568 906.3489
937.5568 903.9797
937.5568 902.4001
937.5568 900.0308
937.5568 898.0563
937.5568 896.0819
937.5568 893.7126
937.5568 892.1331
937.5568 889.7637
937.5568 887.3944
937.5568 885.8149
937.5568 883.4456
937.5568 881.4711
937.5568 879.4967
937.5568 877.1274
937.5568 875.5478
937.5568 873.1785
937.5568 871.204
937.5568 869.2296
937.5568 866.8603
937.5568 864.8859
937.5568 862.9114
937.5568 860.937
937.5568 858.5677
937.5568 856.5933
937.5568 854.6188
937.5568 852.6444
937.6376 850.655
938.2641 848.761
940.0939 846.6664
942.0001 845.2095
943.6671 843.4848
944.8853 840.9857
945.9213 838.8336
947.376 837.4632
949.1712 836.5995
951.9385 836.2028
954.307 835.8281
956.8809 834.7404
958.8752 833.4348
961.1273 832.6215
963.1906 831.4096
965.1797 830.0667
967.1689 828.7239
968.9874 827.9221
970.9766 827.8068
973.717 827.2903
975.8945 826.8901
978.4261 826.8901
980.2576 826.6807
982.0659 825.8262
984.2358 824.8009
986.0441 823.9465
987.8524 823.092
990.0743 822.2108
992.453 822.0568
993.9869 822.4941
997.152 822.9222
999.1318 822.6583
1001.878 822.1107
1004.231 821.8171
1005.8 821.8171
1008.154 821.8171
1010.508 821.8171
1012.469 821.8171
1014.445 821.8041
1016.767 822.3683
1018.713 823.7487
1020.295 825.5532
1022.073 827.1594
1024.629 828.2506
1026.931 828.9285
1028.85 829.4933
1031.193 829.9497
1033.535 829.4927
1035.613 828.2935
1037.87 827.498
1040.263 827.3475
1042.663 827.334
1045.063 827.3205
1047.063 827.3092
1049.063 827.298
1051.463 827.2844
1053.063 827.2755
1055.463 827.2619
1057.463 827.2507
1059.463 827.2394
1061.863 827.2259
1063.463 827.2169
1065.863 827.2034
1067.463 827.1943
1068.263 827.1899
1068.263 827.1899
1068.263 827.1899
1068.263 827.1899
1068.263 827.1899
1069.063 827.1854
1071.063 827.1741
1073.063 827.1628
1075.063 827.1516
1077.463 827.1381
1079.063 827.129
1081.463 827.1155
1083.063 827.1065
1083.863 827.1021
1083.863 827.1021
1083.863 827.1021
1083.863 827.1021
1083.863 827.1021
1084.663 827.0975
1086.663 827.0862
1089.063 827.0728
1090.663 827.0637
1093.063 827.0502
1095.063 827.0389
1097.063 827.0277
1099.063 827.0164
1101.062 827.0052
1103.062 826.9939
1105.062 826.9827
1107.462 826.9692
1109.062 826.9601
1111.462 826.9467
1113.062 826.9376
1115.462 826.9241
1115.534 826.9151
1115.534 826.9016
1115.534 826.8926
1115.534 826.8791
1115.534 826.8678
1115.534 826.8566
1115.534 826.8453
1115.534 826.834
1115.534 826.8228
1115.534 826.8115
1115.534 826.8002
1115.534 826.789
1115.534 826.7755
1115.534 826.7665
1115.534 826.7529
1115.534 826.744
1115.534 826.7304
1115.534 826.7214
1115.534 826.7079
1115.534 826.6967
1115.534 826.6854
1115.534 826.6741
1115.534 826.6628
1115.534 826.6516
1115.534 826.6403
1115.534 826.6268
1115.534 826.6178
1115.534 826.6043
1115.534 826.5953
1115.534 826.6818
1115.542 827.4136
1115.572 828.9163
1115.523 831.2949
1114.61 833.5114
1113.385 835.5735
1113.46 837.8967
1115.235 839.4996
1117.466 840.3589
1119.852 840.3473
1122.113 839.5652
1124.174 838.3411
1126.145 836.9749
1128.288 835.9092
1130.631 835.4366
1133.024 835.3469
1135.322 835.98
1137.245 837.3896
1138.779 839.2323
1140.504 840.892
1142.631 840.9346
1144.885 840.9376
1147.198 840.9526
1148.792 840.8749
1151.003 839.9838
1152.876 838.4888
1154.791 837.0485
1156.952 836.0319
1159.303 835.5698
1161.674 835.6163
1163.733 836.7892
1164.801 838.9142
1165.877 841.0563
1166.925 842.5692
1168.248 843.2815
1168.958 845.3457
1169.925 846.587
1171.063 847.7249
1172.23 848.8958
1173.407 850.1039
1175.307 852.0331
1176.86 853.2756
1179.138 853.9904
1181.53 854.1569
1183.927 854.1761
1186.276 854.6375
1188.363 855.7627
1189.85 857.6183
1190.585 859.8854
1190.54 862.2781
1190.058 864.6265
1189.192 866.8617
1188.194 869.0402
1187.538 871.3348
1187.471 873.7208
1187.721 876.1077
1188.034 878.4828
1188.836 880.3054
1190.556 881.9562
1192.93 883.4363
1194.442 884.7384
1195.976 887.0712
1197.115 889.1838
1198.254 891.2966
1199.013 892.705
1200.151 894.8177
1201.29 896.9304
1202.049 898.3389
1203.188 900.4516
1203.016 901.1523
1202.142 902.3667
1202.02 905.0908
1202.02 907.3497
1202.02 909.6086
1202.02 911.8675
1202.02 913.7499
1202.02 915.6323
1202.02 917.8911
1202.02 920.15
1202.02 922.4089
1202.02 924.2913
1202.658 926.5583
1203.334 928.4407
1204.145 930.6996
1204.518 932.9584
1204.518 935.2173
1204.535 937.5552
1204.411 939.1461
1204.531 941.9189
1204.531 944.6349
1204.531 946.963
1204.531 949.291
1204.531 951.619
1204.531 953.5591
1204.531 955.8871
1204.531 958.2151
1204.531 960.5432
1204.382 962.9315
1204.531 965.7056
1204.531 968.0671
1204.531 970.4286
1204.531 972.7901
1204.531 975.1516
1204.531 977.5131
1204.531 979.8746
1204.531 982.2361
1204.147 984.0383
1203.617 985.9304
1203.617 988.6855
1203.617 991.0469
1203.617 993.4084
1203.617 996.1636
1203.617 998.525
1203.617 1000.887
1203.617 1003.248
1203.688 1005.61
1204.117 1007.971
1204.531 1010.333
1204.531 1012.694
1204.531 1015.056
1204.531 1017.417
1204.531 1019.779
1204.531 1022.14
1204.531 1024.502
1204.531 1026.863
1204.531 1029.225
1204.531 1031.586
1204.531 1033.948
1204.531 1036.309
1204.531 1038.277
1204.531 1040.639
1204.531 1042.606
1204.531 1044.968
1204.531 1047.329
1204.531 1049.691
1204.531 1052.052
1204.531 1054.414
1204.531 1056.382
1204.531 1059.137
1204.531 1060.711
1204.531 1063.073
1204.531 1065.434
1204.531 1067.796
1204.531 1070.157
1204.531 1072.125
1204.531 1074.093
1204.531 1076.455
1204.531 1078.816
1204.531 1081.178
1204.531 1083.539
1204.531 1085.901
1204.531 1087.869
1204.531 1090.23
1204.531 1092.198
1204.531 1094.559
1204.464 1096.941
1204.387 1099.325
1204.535 1101.706
1204.535 1104.484
1204.535 1106.865
1204.152 1109.015
1204.166 1110.998
1204.166 1113.378
1204.166 1115.759
1204.166 1118.14
1204.166 1120.521
1204.166 1122.901
1204.28 1125.283
1204.535 1127.664
1203.96 1129.653
1202.882 1131.765
1201.719 1133.86
1201.118 1136.571
1200.841 1139.357
1200.603 1141.745
1200.365 1144.134
1200.128 1146.522
1199.89 1148.91
1199.506 1151.27
1198.309 1153.32
1196.449 1154.803
1193.844 1155.814
1191.089 1156.291
1188.692 1156.267
1185.947 1155.735
1183.285 1154.878
1180.543 1154.362
1177.782 1154.737
1175.523 1155.48
1173.589 1156.881
1172.306 1158.897
1171.83 1162.028
1172.17 1164.388
1171.841 1166.742
1170.614 1169.241
1168.841 1171.394
1166.722 1172.486
1163.943 1172.733
1161.204 1172.172
1158.981 1171.275
1156.308 1169.528
1154.275 1168.26
1151.69 1167.201
1148.898 1166.99
1146.505 1166.81
1144.112 1166.63
1142.915 1166.54
1142.915 1166.54
1142.915 1166.54
1142.915 1166.54
1142.915 1166.54
1142.915 1166.54
1142.915 1166.54
1142.805 1168.536
1142.844 1170.935
1143.213 1173.304
1144.184 1176.351
1144.931 1178.206
1144.931 1178.206
1141.977 1179.435
1139.761 1180.357
1137.545 1181.279
1135.329 1182.201
1132.744 1182.568
1130.051 1182.589
1127.714 1182.124
1125.671 1180.879
1123.938 1179.223
1121.416 1177.265
1119.239 1176.288
1116.115 1175.598
1113.771 1175.08
1111.037 1174.476
1108.656 1174.296
1106.38 1175.018
1103.956 1176.408
1101.676 1177.09
1098.481 1177.264
1096.084 1177.395
1093.288 1177.547
1090.492 1177.699
1088.096 1177.83
1085.7 1177.96
1085.7 1177.96
1085.7 1177.96
1085.7 1177.96
1085.7 1177.96
1085.7 1177.96
1085.7 1177.96
1084.501 1178.026
1082.105 1178.156
1079.708 1178.287
1077.312 1178.417
1074.516 1178.57
1071.72 1178.722
1069.332 1178.687
1067.12 1177.802
1065.362 1176.186
1063.69 1173.459
1062.92 1171.189
1062.501 1168.023
1062.504 1165.631
1061.569 1163.014
1059.977 1160.712
1058.569 1158.768
1056.928 1156.5
1054.44 1155.386
1052.454 1156.63
1050.778 1158.307
1048.419 1157.882
1047.029 1155.471
1046.541 1153.132
1047.14 1150.841
1048.655 1149.009
1050.867 1148.08
1050.867 1147.832
1050.867 1147.878
1050.923 1145.736
1050.937 1142.95
1050.937 1140.561
1050.937 1138.172
1050.937 1135.784
1050.937 1133.395
1051.071 1131.005
1051.303 1128.617
1051.536 1126.228
1051.768 1123.839
1052.001 1121.45
1052.234 1119.062
1052.466 1116.673
1052.699 1114.284
1052.932 1111.896
1053.164 1109.507
1053.397 1107.118
1053.63 1104.73
1053.862 1102.341
1054.056 1100.35
1054.289 1097.962
1054.56 1095.175
1054.793 1092.786
1055.026 1090.397
1055.258 1088.009
1055.452 1086.018
1055.724 1083.231
1055.917 1081.241
1056.15 1078.852
1056.383 1076.463
1056.615 1074.075
1056.848 1071.686
1057.042 1069.695
1057.275 1067.307
1057.507 1064.918
1057.74 1062.529
1057.972 1060.141
1058.205 1057.752
1058.438 1055.363
1058.632 1053.373
1058.864 1050.984
1059.058 1048.993
1059.291 1046.605
1059.523 1044.216
1059.756 1041.827
1059.989 1039.439
1060.221 1037.05
1060.247 1035.405
1060.247 1035.405
1060.209 1035.404
1059.617 1035.388
1057.942 1034.459
1055.993 1033.069
1053.923 1031.857
1052.052 1030.359
1050.332 1027.671
1049.81 1025.345
1050.188 1022.975
1049.994 1020.592
1049.32 1018.291
1048.418 1016.076
1048.096 1014.358
1048.088 1013.331
1048.017 1012.929
1048.101 1014.07
1048.079 1016.104
1048.074 1018.193
1048.053 1019.197
1048.087 1018.9
1048.09 1018.182
1048.09 1017.373
1048.09 1015.959
1048.072 1013.908
1047.743 1011.567
1047.65 1009.171
1047.548 1006.775
1046.77 1004.089
1045.398 1002.126
1043.009 1000.691
1040.663 1000.985
1038.351 1001.613
1036.053 1002.304
1033.882 1003.32
1031.778 1004.471
1029.567 1005.403
1027.493 1004.644
1027.047 1002.332
1027.455 999.983
1026.703 997.3446
1024.761 996.0025
1022.56 995.0478
1020.358 994.0931
1018.402 994.0802
1016.896 995.8223
1016.37 998.1537
1016.293 1000.55
1016.617 1002.925
1017.332 1005.213
1018.288 1007.403
1018.103 1009.706
1016.409 1011.05
1014.302 1011.071
1011.865 1010.283
1011.829 1008.644
1011.522 1006.341
1011.235 1003.56
1011.352 1001.564
1011.732 999.1955
1012.351 996.8784
1013.393 994.281
1014.423 992.1129
1012.262 992.0363
1010.102 992.0363
1008.301 992.0363
1006.141 992.0363
1004.701 992.0363
1002.54 992.0363
1000.38 992.0363
998.9398 992.0363
996.7794 992.0363
994.619 992.0363
993.1787 992.0363
991.0183 992.0363
989.218 992.0363
987.4177 992.0363
985.2573 992.0363
983.457 992.0363
981.6567 992.036
979.4963 992.0361
978.0565 992.0363
975.8961 992.0363
974.0958 992.0363
973.1166 992.0363
973.1166 992.0363
973.1166 992.0363
973.1166 992.0363
973.1166 992.0363
973.1166 992.0363
973.1166 992.0363
973.1166 992.0363
973.1166 992.0363
973.1166 992.0363
973.1166 992.0363
973.1166 992.0363
973.1166 992.0363
973.1166 992.0363
973.4766 992.2105
975.2769 993.0816
977.0773 993.9527
979.2377 994.998
981.038 995.8691
982.6102 997.0452
983.251 999.2704
982.5747 1001.571
982.2735 1003.949
982.3651 1005.278
981.9886 1005.29
980.2141 1005.336
977.8798 1005.346
975.5033 1005.117
973.378 1004.041
971.404 1002.686
969.1853 1001.788
966.8111 1001.456
964.4246 1001.202
962.038 1000.949
959.6514 1000.695
958.4582 1000.568
958.4582 1000.568
958.4582 1000.568
958.4582 1000.568
958.502 1000.17
958.8165 998.079
959.2016 998.0781
959.5587 998.0779
