1000 1000
1000 1000
1000 1000
1000 1000
1000 1000
1000 1000
1000 1000
1000 1000
1000 1000
1000 1000
1000 1000
1000 1000
1000 1000
1000 1000
1000 1000
1000 1000
1000 1000
1000 1000
1000 1000
1000 1000
1000 1000
1000 1000
1000 1000
1000 1000
1000 1000
1000 1000
1000 1000
1000 1000
1000 1000
1000 1000
999.9957 1000.8
999.9251 1002.799
999.652 1005.182
999.1798 1005.279
998.6068 1005.28
997.848 1005.283
996.8828 1005.285
996.1935 1005.285
996.1935 1005.285
996.1935 1005.285
996.1935 1005.285
996.1935 1005.285
996.1935 1005.285
996.1935 1005.285
996.1935 1005.285
996.1935 1005.285
996.1935 1005.285
995.4813 1005.286
994.5109 1005.288
993.6979 1005.289
993.6979 1005.289
993.6979 1005.289
993.6979 1005.289
993.6979 1005.289
993.6979 1005.289
993.6979 1005.289
993.6979 1005.289
993.6979 1005.289
993.6979 1005.289
993.6979 1005.289
993.6979 1005.289
993.6979 1005.289
993.9011 1004.944
995.0644 1002.846
996.0858 1000.674
996.4068 999.9412
996.4068 999.9412
996.4068 999.9412
996.4068 999.9412
996.4068 999.9412
996.4068 999.9412
996.4068 999.9412
996.4068 999.9412
996.4068 999.9412
996.4068 999.9412
996.4068 999.9412
996.4068 999.9412
996.4068 999.9412
996.4068 999.9412
996.4068 999.9412
996.4068 999.9412
996.4068 999.9412
996.4068 999.9412
996.4068 999.9412
996.4068 999.9412
996.4068 999.9412
996.4068 999.9412
996.4068 999.9412
996.4068 999.9412
996.4068 999.9412
996.4068 999.9412
996.4068 999.9412
996.4068 999.9412
996.4068 999.9412
996.4068 999.9412
996.4068 999.9412
996.4068 999.9412
996.4068 999.9412
996.4068 999.9412
996.4068 999.9412
996.4068 999.9412
996.4068 999.9412
996.4068 999.9412
996.4068 999.9412
996.4068 999.9412
996.4068 999.9412
996.4068 999.9412
996.4068 999.9412
996.4068 999.9412
996.4068 999.9412
996.4068 999.9412
996.4068 999.9412
996.4068 999.9412
996.4068 999.9412
996.4068 999.9412
996.4068 999.9412
996.4068 999.9412
996.4068 999.9412
996.4068 999.9412
996.4068 999.9412
996.4068 999.9412
996.4068 999.9412
996.4068 999.9412
996.4068 999.9412
996.4068 999.9412
996.4068 999.9412
996.4068 999.9412
996.4068 999.9412
996.4068 999.9412
996.4068 999.9412
996.4068 999.9412
996.4068 999.9412
996.4068 999.9412
996.4068 999.9412
996.4068 999.9412
996.4068 999.9412
996.4068 999.9412
996.4068 999.9412
996.4068 999.9412
996.4068 999.9412
996.4068 999.9412
996.4068 999.9412
996.4068 999.9412
996.4068 999.9412
996.4068 999.9412
996.4068 999.9412
996.4068 999.9412
996.4068 999.9412
996.4068 999.9412
996.4068 999.9412
996.4068 999.9412
996.4068 999.9412
996.4068 999.9412
996.4068 999.9412
996.4068 999.9412
996.4068 999.9412
996.4068 999.9412
996.4068 999.9412
996.4068 999.9412
996.4068 999.9412
996.4068 999.9412
996.4068 999.9412
996.4068 999.9412
996.4068 999.9412
996.4068 999.9412
996.4068 999.9412
996.4068 999.9412
996.4068 999.9412
996.4068 999.9412
996.4068 999.9412
996.4068 999.9412
996.4068 999.9412
996.4068 999.9412
996.4068 999.9412
996.4068 999.9412
996.4068 999.9412
996.4068 999.9412
996.4068 999.9412
996.4068 999.9412
996.4068 999.9412
996.4068 999.9412
996.4068 999.9412
996.4068 999.9412
996.4068 999.9412
996.4068 999.9412
996.4068 999.9412
996.4068 999.9412
996.4068 999.9412
996.4068 999.9412
996.4068 999.9412
996.4068 999.9412
996.4068 999.9412
996.4068 999.9412
996.4068 999.9412
996.4068 999.9412
996.4068 999.9412
996.4068 999.9412
996.4068 999.9412
996.4068 999.9412
996.4068 999.9412
996.4068 999.9412
996.4068 999.9412
996.4068 999.9412
996.4068 999.9412
996.4068 999.9412
997.1403 1000.261
999.3407 1001.219
1001.174 1002.017
1002.275 1002.496
1003.742 1003.135
1005.575 1003.934
1007.409 1004.732
1008.142 1005.052
1008.142 1005.052
1008.142 1005.052
1008.142 1005.052
1008.142 1005.052
1008.142 1005.052
1007.409 1004.732
1005.575 1003.934
1003.375 1002.976
1001.908 1002.337
999.7074 1001.379
997.507 1000.42
996.04 999.7816
994.248 999.8737
993.2071 1002.036
992.1959 1003.76
990.721 1005.298
988.9908 1005.305
986.8115 1005.309
986.8115 1005.309
986.8115 1005.309
988.0702 1004.321
989.5797 1003.01
991.2091 1001.251
992.5353 999.2538
993.5214 997.0681
994.252 994.7828
994.9562 992.0791
994.9562 992.0791
994.9562 992.0791
994.9562 992.0791
994.9562 992.0791
994.9562 992.0791
994.9562 992.0791
994.9562 992.0791
994.9562 992.0791
994.9562 992.0791
994.9562 992.0791
994.9562 992.0791
994.9562 992.0791
994.9562 992.0791
994.9562 992.0791
994.9562 992.0791
994.9562 992.0791
994.9562 992.0791
994.9562 992.0791
994.9562 992.0791
994.9562 992.0791
994.9562 992.0791
994.9562 992.0791
994.9562 992.0791
994.9562 992.0791
994.9562 992.0791
994.9562 992.0791
994.9562 992.0791
994.9562 992.0791
994.9562 992.0791
994.9562 992.0791
994.9562 992.0791
994.9562 992.0791
994.9562 992.0791
994.9562 992.0791
994.9562 992.0791
994.9562 992.0791
994.9562 992.0791
994.9562 992.0791
994.9562 992.0791
994.9562 992.0791
994.9562 992.0791
994.9562 992.0791
994.9562 992.0791
994.9562 992.0791
994.9562 992.0791
994.9562 992.0791
995.3442 992.176
997.6727 992.7576
999.225 993.1453
1001.553 993.7269
1003.494 994.2115
1005.434 994.6962
1007.763 995.2778
1009.703 995.7625
1011.053 997.1364
1010.708 999.4453
1009.674 1001.608
1008.298 1003.572
1006.614 1005.278
1004.703 1005.312
1002.667 1005.317
1001.283 1005.318
1001.283 1005.318
1001.283 1005.318
1001.283 1005.318
1001.283 1005.318
1001.283 1005.318
1001.283 1005.318
1001.283 1005.318
1001.283 1005.318
1001.283 1005.318
1001.283 1005.318
1001.283 1005.318
1001.283 1005.318
1001.283 1005.318
1001.283 1005.318
1001.283 1005.318
1001.283 1005.318
1001.283 1005.318
1001.283 1005.318
1001.283 1005.318
1001.283 1005.318
1001.283 1005.318
1001.283 1005.318
1001.629 1005.115
1003.333 1004.069
1005.576 1002.397
1007.252 1000.683
1008.415 999.0576
1009.639 996.5444
1010.336 994.2492
1010.829 992.0801
1011.903 992.222
1014.265 992.6478
1016.234 993.0025
1018.202 993.3573
1020.564 993.783
1022.138 994.0669
1024.5 994.4926
1025.681 994.7054
1025.681 994.7054
1025.681 994.7054
1025.681 994.7054
1025.681 994.7054
1025.681 994.7054
1025.681 994.7054
1025.681 994.7054
1025.681 994.7054
1025.681 994.7054
1025.681 994.7054
1025.681 994.7054
1025.681 994.7054
1026.469 994.8474
1028.043 995.1312
1030.405 995.5569
1032.767 995.9827
1034.342 996.2665
1035.427 997.4624
1037.158 999.0123
1037.215 1001.317
1036.208 1003.492
1034.853 1005.47
1033.204 1007.212
1031.081 1009.035
1030.455 1009.534
1030.455 1009.534
1030.455 1009.534
1030.455 1009.534
1031.449 1010.788
1032.691 1011.036
1034.181 1011.036
1034.927 1011.036
1034.927 1011.036
1034.927 1011.036
1034.927 1011.036
1034.927 1011.036
1034.927 1011.036
1034.927 1011.036
1035.861 1010.283
1037.67 1008.706
1039.285 1006.933
1040.604 1004.932
1041.571 1002.738
1042.236 1000.436
1043.346 997.8752
1044.997 996.2404
1047.453 994.9159
1049.794 994.7157
1051.806 995.8741
1052.479 998.0934
1052.22 1000.475
1051.592 1002.79
1050.59 1005.404
1050.434 1005.772
1049.442 1007.957
1048.484 1009.712
1047.122 1011.558
1046.592 1011.245
1045.114 1011.049
1044.798 1011.049
1043.194 1011.052
1041.176 1011.058
1039.573 1011.061
1040.577 1011.061
1041.892 1011.061
1042.831 1011.061
1043.959 1011.061
1045.086 1011.061
1046.344 1011.164
1047.673 1012.251
1048.8 1014.37
1049.509 1016.222
1049.144 1018.541
1047.722 1020.158
1045.993 1021.285
1044.824 1021.328
1044.822 1021.328
1044.82 1021.327
1044.82 1021.327
1046.322 1021.878
1048.619 1022.573
1050.982 1022.979
1053.777 1022.958
1055.745 1022.611
1057.3 1021.672
1057.303 1020.807
1057.315 1021.665
1057.327 1023.525
1057.327 1025.816
1057.327 1027.779
1057.327 1029.416
1057.327 1031.38
1057.379 1033.363
1058.598 1035.38
1059.748 1037.016
1060.209 1038.653
1060.209 1040.617
1060.209 1042.58
1060.209 1044.544
1060.209 1046.508
1060.209 1048.472
1060.172 1049.925
1057.915 1051.558
1055.74 1052.567
1053.431 1053.213
1050.654 1053.552
1048.256 1053.541
1045.891 1053.149
1044.819 1052.138
1044.818 1051.197
1044.818 1051.036
1045.921 1051.507
1048.173 1052.335
1050.503 1052.901
1052.893 1053.084
1055.674 1052.791
1058.372 1052.05
1060.2 1052.085
1060.226 1054.151
1060.226 1056.384
1060.226 1058.616
1060.226 1060.848
1060.226 1063.081
1060.226 1065.313
1060.226 1067.545
1060.226 1069.777
1058.887 1071.057
1056.585 1071.733
1053.815 1072.115
1051.42 1072.011
1049.076 1071.51
1046.483 1070.463
1045.421 1069.903
1047.551 1071.008
1049.762 1071.939
1052.078 1072.56
1054.464 1072.787
1057.642 1072.467
1059.935 1071.768
1060.185 1070.715
1060.188 1069.439
1060.209 1069.297
1060.209 1071.269
1060.209 1073.242
1060.209 1075.215
1060.209 1077.188
1060.209 1079.161
1060.209 1080.805
1060.209 1082.777
1060.209 1083.211
1060.209 1083.211
1060.209 1083.211
1060.209 1083.211
1060.209 1083.211
1060.209 1083.211
1060.209 1083.211
1060.209 1083.211
1059.615 1083.556
1058.365 1085.018
1055.386 1086.169
1053.026 1086.589
1050.629 1086.609
1048.251 1086.292
1045.834 1088.179
1045.811 1090.513
1045.811 1092.848
1045.735 1095.574
1045.177 1097.908
1044.763 1100.242
1044.763 1102.966
1045.027 1105.329
1046.278 1106.849
1049.041 1107.214
1051.399 1106.78
1054.368 1105.604
1056.383 1104.305
1058.152 1102.688
1058.748 1101.232
1058.656 1098.906
1058.664 1096.274
1058.665 1094.744
1058.665 1094.744
1058.665 1094.744
1058.314 1095.891
1057.502 1098.149
1056.438 1100.298
1054.783 1102.551
1053.039 1104.195
1051.045 1105.526
1048.14 1106.862
1045.884 1107.68
1044.82 1108.08
1047.795 1106.906
1049.576 1105.997
1051.841 1104.358
1053.498 1102.626
1055.034 1100.29
1056.091 1097.701
1057.491 1095.861
1058.608 1095.343
1058.609 1095.875
1058.609 1096.273
1058.609 1096.672
1058.609 1097.07
1058.609 1097.469
1058.609 1097.867
1058.609 1098.199
1058.609 1098.531
1058.609 1098.93
1058.609 1099.328
1058.609 1099.727
1058.609 1100.125
1058.611 1100.532
1058.706 1101.111
1059.594 1102.387
1060.244 1104.313
1059.82 1107.049
1058.276 1109.376
1056.64 1111.128
1055.484 1113.203
1055.45 1115.97
1056.572 1118.532
1058.025 1119.564
1060.089 1118.341
1060.193 1116.92
1060.204 1114.913
1060.217 1112.569
1060.224 1110.397
1060.226 1107.794
1060.226 1107.794
1060.226 1107.794
1060.226 1107.794
1060.226 1107.794
1059.63 1109.279
1058.607 1111.449
1057.397 1113.521
1056.758 1114.537
1056.758 1114.537
1057.433 1114.966
1059.458 1116.255
1060.187 1117.543
1060.187 1118.617
1060.187 1119.905
1060.187 1120.979
1060.187 1122.267
1060.187 1123.77
1060.187 1124.31
1060.211 1122.894
1060.233 1119.915
1060.246 1117.555
1060.214 1115.158
1059.736 1112.403
1058.808 1109.763
1057.825 1107.574
1057.823 1107.575
1058.791 1109.771
1059.559 1112.043
1060.051 1115.199
1059.954 1117.594
1059.459 1119.94
1058.584 1122.172
1057.036 1124.971
1058.587 1126.775
1060.187 1128.059
1060.187 1129.557
1060.187 1130.018
1060.187 1130.018
1060.187 1130.018
1060.187 1130.018
1060.187 1130.018
1060.187 1130.016
1060.187 1129.736
1060.187 1130.018
1060.187 1130.018
1060.187 1130.018
1060.187 1130.018
1060.187 1130.018
1060.187 1130.018
1060.187 1130.018
1060.187 1130.018
1060.187 1130.018
1060.187 1130.018
1060.187 1130.018
1060.187 1129.959
1060.226 1128.033
1060.248 1125.272
1060.183 1122.875
1059.763 1120.514
1058.774 1117.474
1057.65 1115.357
1056.228 1113.425
1054.628 1111.637
1056.355 1109.447
1058.377 1107.51
1060.109 1105.849
1060.197 1104.188
1060.197 1102.793
1060.197 1102.793
1060.197 1102.793
1060.197 1102.793
1060.197 1102.793
1060.197 1102.793
1060.197 1102.793
1060.197 1102.793
1060.197 1102.793
1060.197 1102.793
1060.197 1102.793
1060.197 1102.793
1060.197 1102.793
1060.197 1102.793
1058.753 1104.177
1057.021 1105.838
1055.288 1107.499
1053.556 1109.16
1051.823 1110.821
1050.38 1112.205
1048.647 1113.866
1046.915 1115.527
1045.182 1117.188
1045.182 1117.188
1045.182 1117.188
1045.182 1117.188
1045.458 1117.478
1047.064 1119.26
1048.506 1121.177
1049.647 1123.285
1050.603 1126.333
1050.991 1128.701
1051.207 1130.689
1051.207 1130.689
1051.207 1130.689
1051.207 1130.689
1051.207 1130.689
1050.981 1128.702
1050.565 1126.339
1050.159 1124.38
1050.159 1124.38
1051.724 1124.051
1054.073 1123.557
1056.03 1123.145
1056.03 1123.145
1057.987 1122.733
1060.177 1122.238
1060.177 1121.744
1060.177 1121.25
1060.177 1120.755
1060.177 1120.261
1060.177 1119.767
1060.177 1119.273
1060.177 1118.778
1060.177 1118.366
1060.177 1117.872
1060.177 1117.378
1060.177 1116.966
1060.193 1117.889
1060.252 1120.598
1060.07 1123.39
1058.613 1125.021
1056.262 1124.958
1053.526 1124.366
1050.789 1123.773
1048.443 1123.265
1046.098 1122.757
1044.822 1122.249
1044.822 1121.741
1044.822 1121.232
1044.774 1122.742
1044.767 1125.003
1044.766 1127.155
1044.766 1129.1
1044.766 1131.279
1044.766 1132.543
1044.766 1133.507
1044.766 1134.284
1045.24 1136.17
1046.069 1138.845
1046.779 1141.137
1047.49 1143.43
1048.082 1145.34
1048.674 1147.25
1048.674 1147.25
1048.674 1147.25
1048.674 1147.25
1048.674 1147.25
1048.674 1147.25
1048.674 1147.25
1048.674 1147.25
1049.029 1148.397
1049.622 1150.307
1050.332 1152.599
1051.043 1154.892
1051.753 1157.184
1052.464 1159.477
1053.174 1161.769
1053.885 1164.061
1055.668 1164.976
1057.902 1164.103
1060.339 1162.731
1062.464 1160.914
1063.295 1159.053
1063.309 1156.6
1063.318 1155.236
1063.318 1155.236
1063.318 1155.236
1063.318 1155.236
1063.318 1155.236
1063.318 1155.236
1063.318 1155.236
1063.318 1155.236
1063.318 1155.236
1063.318 1155.243
1063.318 1155.265
1063.318 1155.289
1063.318 1155.31
1063.318 1155.332
1063.318 1155.353
1063.318 1155.374
1063.318 1156.206
1063.299 1158.459
1062.825 1160.809
1061.974 1163.051
1060.526 1165.442
1058.666 1167.531
1056.877 1169.131
1055.954 1169.898
1057.729 1172.063
1059.251 1173.919
1060.772 1175.776
1062.293 1177.632
1064.322 1180.107
1065.843 1181.963
1067.59 1182.567
1069.736 1181.707
1071.354 1179.937
1073.043 1177.227
1073.996 1174.598
1074.42 1171.835
1074.35 1169.439
1073.667 1166.317
1072.867 1164.055
1072.572 1163.876
1072.862 1164.621
1073.641 1166.891
1074.24 1169.623
1074.332 1172.417
1073.978 1174.788
1072.947 1177.813
1071.914 1179.979
1071.363 1181.045
1072.579 1178.524
1073.508 1175.885
1073.958 1173.126
1073.911 1170.729
1073.23 1167.609
1072.336 1165.383
1071.261 1163.872
1070.512 1163.872
1070.512 1163.872
1070.512 1163.872
1070.512 1163.872
1070.512 1163.872
1070.512 1163.872
1072.631 1163.839
1074.751 1163.839
1076.87 1163.839
1078.99 1163.839
1081.316 1163.971
1083.078 1165.489
1083.75 1167.781
1083.954 1170.968
1083.65 1173.347
1082.96 1176.059
1083.179 1175.29
1083.746 1172.958
1084.054 1169.778
1083.835 1167.391
1083.222 1165.073
1081.791 1163.87
1080.34 1163.862
1077.951 1163.848
1075.883 1163.837
1073.269 1163.825
1070.562 1163.82
1069.782 1163.819
1069.782 1163.819
1069.782 1163.819
1069.782 1163.819
1069.782 1163.819
1069.782 1163.819
1070.172 1163.909
1072.496 1164.506
1074.758 1165.304
1077.534 1166.883
1079.35 1168.447
1081.448 1170.861
1082.653 1172.457
1082.653 1172.457
1082.653 1172.457
1082.653 1172.457
1082.653 1172.457
1082.653 1172.457
1082.653 1172.457
1082.653 1172.457
1082.653 1172.457
1083.619 1171.744
1085.549 1170.318
1087.48 1168.893
1089.41 1167.467
1091.663 1165.804
1093.594 1165.241
1095.846 1165.241
1097.776 1165.241
1099.707 1165.241
1101.715 1164.941
1103.648 1163.849
1105.579 1163.849
1106.222 1163.849
1106.222 1163.849
1106.222 1163.849
1106.222 1163.849
1105.499 1163.849
1103.687 1163.849
1102.849 1163.849
1102.849 1163.849
1102.654 1164.181
1101.572 1165.039
1098.849 1165.256
1096.084 1165.684
1093.748 1166.235
1092.196 1166.623
1092.196 1166.623
1092.196 1166.623
1093.363 1166.345
1096.119 1165.856
1098.914 1165.772
1101.285 1166.127
1103.94 1167.007
1106.481 1168.18
1107.195 1168.542
1107.195 1168.542
1107.195 1168.542
1107.195 1168.542
1107.195 1168.542
1107.195 1168.542
1107.195 1168.542
1107.195 1168.542
1107.923 1167.117
1109.014 1164.979
1110.105 1163.873
1111.197 1163.873
1112.288 1163.873
1113.38 1163.873
1114.471 1163.873
1115.381 1163.873
1115.381 1163.873
1115.381 1163.873
1116.654 1163.873
1117.745 1163.873
1118.837 1163.873
1119.928 1163.873
1121.202 1163.873
1122.293 1163.873
1123.384 1163.873
1124.476 1163.873
1125.567 1163.873
1126.659 1163.873
1127.75 1163.873
1128.841 1163.873
1130.115 1163.873
1131.206 1163.873
1132.479 1163.873
1133.571 1163.873
1134.662 1163.873
1135.754 1163.873
1136.845 1163.873
1137.937 1163.873
1139.028 1163.873
1140.119 1163.873
1141.211 1163.873
1142.302 1163.873
1143.394 1163.873
1144.485 1163.873
1145.577 1163.873
1146.668 1163.873
1147.759 1163.873
1148.851 1163.873
1149.942 1163.873
1151.034 1163.873
1152.125 1163.873
1153.216 1163.873
1154.308 1163.873
1155.399 1163.873
1156.491 1163.873
1157.582 1163.873
1158.673 1163.873
1159.765 1163.873
1160.856 1163.873
1161.948 1163.873
1163.039 1163.873
1164.131 1163.873
1165.222 1163.873
1166.313 1163.873
1167.695 1163.535
1169.22 1161.367
1171.331 1162.507
1173.34 1163.818
1175.423 1165.685
1176.999 1167.494
1178.725 1169.698
1178.725 1169.698
1178.725 1169.698
1178.725 1169.698
1176.953 1167.531
1174.96 1165.568
1173.062 1164.1
1171.422 1162.956
1171.422 1162.956
1171.422 1162.956
1171.422 1162.956
1171.422 1162.956
1171.422 1162.956
1172.079 1163.413
1174.001 1164.849
1175.783 1166.455
1177.448 1168.183
1178.268 1169.06
1180.107 1171.17
1181.571 1173.072
1181.717 1173.299
1181.717 1173.299
1181.717 1173.299
1181.717 1173.299
1181.717 1173.299
1181.717 1173.299
1180.988 1172.346
1179.189 1170.2
1178.399 1169.298
1178.399 1169.298
1176.769 1167.536
1175.019 1165.895
1173.813 1164.843
1173.813 1164.843
1173.813 1164.843
1173.813 1164.843
1173.813 1164.843
1174.074 1164.54
1175.643 1162.724
1177.211 1160.907
1178.779 1159.09
1180.347 1157.273
1181.915 1155.456
1183.483 1153.639
1185.052 1151.823
1186.62 1150.006
1188.188 1148.189
1189.756 1146.372
1189.684 1144.092
1187.859 1142.578
1187.118 1143.142
1186.113 1144.137
1185.014 1145.227
1183.583 1146.65
1182.952 1147.28
1183.352 1147.26
1186.151 1147.227
1188.538 1147.455
1191.237 1148.184
1193.42 1149.178
1195.506 1150.365
1197.189 1147.643
1198.426 1145.587
1199.663 1143.53
1200.9 1141.474
1202.137 1139.417
1203.375 1137.361
1203.321 1135.313
1201.467 1133.889
1199.271 1132.924
1196.561 1132.234
1193.77 1132.082
1191.385 1132.335
1188.641 1132.892
1187.557 1132.769
1187.557 1132.769
1187.557 1132.769
1187.947 1132.683
1190.305 1132.237
1192.694 1132.021
1195.09 1132.116
1198.266 1132.511
1198.266 1132.511
1198.266 1132.511
1198.266 1132.511
1198.266 1132.511
1198.496 1130.928
1198.842 1128.553
1199.187 1126.178
1199.533 1123.803
1199.879 1121.428
1200.224 1119.053
1200.57 1116.678
1200.916 1114.303
1201.193 1111.924
1200.623 1109.611
1200.072 1107.297
1200.029 1104.899
1200.1 1102.1
1200.1 1102.1
1200.1 1102.1
1200.1 1102.1
1200.131 1100.901
1200.192 1098.501
1200.253 1096.102
1200.303 1094.103
1200.364 1091.703
1200.425 1089.304
1200.486 1086.905
1200.547 1084.506
1200.608 1082.107
1200.669 1079.707
1200.73 1077.308
1200.771 1075.709
1200.832 1073.309
1200.893 1070.91
1200.953 1068.511
1201.015 1066.112
1201.075 1063.713
1201.126 1061.713
1201.177 1059.714
1201.238 1057.315
1201.299 1054.915
1201.36 1052.516
1201.421 1050.117
1201.482 1047.718
1201.533 1045.718
1201.583 1043.719
1201.644 1041.32
1201.705 1038.921
1201.766 1036.521
1201.827 1034.122
1201.878 1032.123
1201.939 1029.724
1201.99 1027.724
1202.051 1025.325
1202.112 1022.926
1202.172 1020.526
1202.234 1018.127
1202.294 1015.728
1202.355 1013.329
1202.416 1010.93
1202.477 1008.53
1202.538 1006.131
1202.599 1003.732
1202.66 1001.333
1202.721 998.9334
1202.782 996.5342
1202.843 994.135
1202.904 991.7358
1202.965 989.3365
1203.036 986.5374
1203.087 984.5381
1203.158 981.739
1203.219 979.3398
1203.28 976.9406
1203.341 974.5413
1203.402 972.1421
1203.473 969.343
1203.534 966.9437
1203.595 964.5446
1203.656 962.1453
1203.717 959.7461
1203.767 957.7467
1203.839 954.9476
1203.889 952.9482
1203.96 950.1492
1204.011 948.1498
1204.082 945.3507
1204.133 943.3514
1204.184 941.352
1204.245 938.9528
1204.306 936.5535
1204.367 934.1544
1204.428 931.7551
1204.489 929.3559
1204.539 927.3565
1204.543 926.8849
1204.543 926.8849
1204.543 926.8849
1204.543 926.8849
1204.543 926.8849
1204.543 926.8849
1204.543 926.8849
1204.543 926.8849
1204.543 926.8849
1204.543 926.8849
1204.543 926.8849
1204.543 926.8849
1204.543 926.8849
1204.543 926.8849
1204.543 926.8849
1204.543 926.8849
1204.543 926.8849
1204.543 926.8849
1204.543 926.8849
1204.543 926.8849
1204.543 926.8849
1204.543 926.8849
1204.543 926.8849
1204.543 926.8849
1204.543 926.8849
1204.543 926.8849
1204.543 926.8849
1204.543 926.8849
1204.543 926.8849
1203.498 926.6476
1201.168 926.253
1198.789 926.5673
1197.603 926.7493
1197.603 926.7493
1197.603 926.7493
1197.603 926.7493
1197.603 926.7493
1197.603 926.7493
1199.982 926.4306
1202.376 926.271
1203.664 926.7035
1203.664 926.7035
1203.664 926.7035
1203.664 926.7035
1203.664 926.7035
1203.664 926.7035
1203.664 926.7035
1203.664 926.7035
1203.201 926.4967
1202.122 925.1453
1201.982 922.7683
1201.944 921.1688
1201.886 918.7694
1201.829 916.3701
1201.771 913.9708
1201.724 911.9714
1201.676 909.972
1201.618 907.5726
1201.561 905.1733
1201.503 902.774
1201.456 900.7746
1201.155 898.8083
1200.031 896.7101
1198.816 894.6472
1198.187 892.3397
1197.732 889.9832
1197.504 888.8051
1197.504 888.8051
1197.504 888.8051
1197.125 886.8413
1196.67 884.4849
1196.215 882.1285
1195.911 880.5575
1195.456 878.2011
1195.077 876.2374
1194.697 874.2737
1194.242 871.9173
1193.478 870.0749
1192.172 868.567
1190.932 866.5178
1190.163 864.2444
1189.394 861.9709
1188.625 859.6975
1187.984 857.803
1187.343 855.9084
1186.702 854.0139
1185.869 852.2038
1184.193 850.5049
1181.99 849.572
1179.636 849.1093
1177.272 848.6971
1174.991 847.9764
1172.611 847.7005
1170.659 847.3204
1169.367 846.0427
1169 845.3051
1169 845.3051
1169 845.3051
1169 845.3051
1169 845.3051
1169 845.3051
1168.907 844.3795
1167.496 842.7983
1166.129 841.9669
1164.079 840.7199
1162.37 839.6808
1160.661 838.6416
1158.61 837.3946
1157.243 836.5632
1155.193 835.3162
1153.303 834.6746
1151.312 834.6503
1149.035 835.3783
1146.844 836.3588
1144.573 836.9542
1143.788 836.7983
1143.498 838.3718
1143.19 840.7512
1143.042 840.8853
1142.99 840.8853
1142.944 840.8853
1142.989 840.8853
1143.382 840.8869
1143.977 840.89
1145.032 840.8958
1146.431 840.9034
1148.446 840.9146
1150.445 840.9255
1152.628 841.3337
1154.399 842.5317
1153.949 842.5317
1153.644 842.5317
1153.644 842.5317
1153.644 842.5317
1153.644 842.5317
1153.644 842.5317
1153.644 842.5317
1153.644 842.5317
1153.644 842.5317
1153.644 842.5317
1153.644 842.5317
1153.644 842.5317
1152.982 841.5989
1150.875 840.5118
1149.165 839.4778
1147.291 837.9803
1145.555 836.3236
1143.856 836.3139
1142.147 837.999
1140.723 839.4032
1139.014 840.9088
1137.59 840.9088
1136.166 840.9088
1134.741 840.9088
1133.317 840.9088
1131.893 840.9088
1130.469 840.9088
1128.76 840.9088
1127.621 840.9088
1125.912 840.9088
1124.488 840.9088
1123.063 840.9088
1121.354 840.9088
1120.215 840.9088
1118.506 840.9088
1117.082 840.9088
1115.658 840.9088
1114.234 840.9088
1112.81 840.9088
1111.386 840.9088
1109.961 840.9088
1108.252 840.9088
1107.113 840.9088
1105.404 840.9088
1103.741 840.9269
1101.819 840.956
1099.439 840.7146
1097.182 839.9056
1094.764 838.5026
1092.669 837.335
1090.794 836.6461
1088.403 836.4904
1085.603 836.4698
1083.603 836.4551
1081.203 836.4374
1079.672 836.7554
1079.254 839.0474
1079.474 840.8854
1079.518 840.8854
1079.518 840.8854
1079.518 840.8854
1079.518 840.8854
1079.518 840.8854
1079.518 840.8854
1078.325 840.9562
1076.735 840.9562
1074.349 840.9562
1073.624 840.9562
1073.624 840.9562
1073.624 840.9562
1073.624 840.9562
1073.624 840.9562
1073.624 840.9562
1073.624 840.9562
1073.624 840.9562
1073.624 840.9562
1073.624 840.9562
1073.624 840.9562
1073.624 840.9562
1073.624 840.9562
1073.624 840.9562
1073.624 840.9562
1073.624 840.9562
1073.624 840.9562
1073.624 840.9562
1073.624 840.9562
1073.624 840.9562
1073.624 840.9562
1073.624 840.9562
1073.624 840.9562
1073.624 840.907
1073.385 839.6859
1072.399 837.5307
1072.313 835.1428
1072.686 832.7747
1073.443 830.4997
1074.483 828.3381
1075.668 826.2512
1076.561 826.3123
1078.629 827.5298
1080.353 828.5444
1082.076 829.559
1083.8 830.5735
1085.523 831.5881
1087.247 832.6026
1088.97 833.6172
1090.349 834.4288
1088.97 833.6172
1086.902 832.3997
1085.523 831.5881
1083.455 830.3706
1082.076 829.559
1080.008 828.3415
1078.629 827.5298
1076.561 826.3123
1074.837 825.2978
1073.114 824.2832
1071.39 823.2687
1069.667 822.2541
1067.943 821.842
1066.219 821.842
1064.496 821.842
1062.772 821.842
1060.704 821.842
1059.325 821.842
1057.257 821.842
1055.533 821.842
1053.81 821.842
1051.742 821.842
1050.363 821.842
1048.294 821.842
1046.571 821.842
1044.847 821.842
1043.434 821.842
1043.434 821.842
1043.434 821.842
1043.434 821.842
1043.434 821.842
1043.434 821.842
1043.434 821.842
1043.434 821.842
1043.434 821.842
1043.434 821.842
1043.434 821.842
1043.434 821.842
1043.434 821.842
1043.434 821.842
1044.124 822.2479
1045.847 823.2625
1047.571 824.277
1049.639 825.4944
1051.018 826.3061
1053.086 827.5236
1054.81 828.5381
1056.534 829.5527
1057.51 831.0561
1056.555 832.8129
1055.726 834.6324
1055.023 836.9245
1054.708 839.301
1054.794 841.6967
1055.217 844.0578
1055.833 846.3772
1056.167 847.5298
1056.167 847.5298
1056.167 847.5298
1056.167 847.5298
1056.167 847.5298
1056.167 847.5298
1056.167 847.5298
1056.167 847.5298
1056.395 848.2965
1056.884 849.8199
1057.772 852.0486
1058.946 854.1391
1060.201 856.0075
1060.201 857.5992
1060.201 858.8698
1060.201 859.8358
1060.201 860.6125
1060.201 860.9715
1060.201 860.9715
1060.082 861.3535
1059.488 863.2633
1058.894 865.1732
1058.182 867.4649
1057.707 868.9928
1056.994 871.2846
1056.519 872.8124
1055.856 875.1161
1055.852 877.1052
1056.538 878.9748
1058.305 881.1357
1060.138 882.683
1060.193 884.1509
1060.202 886.0903
1060.23 886.8522
1060.23 886.8522
1060.23 886.8522
1060.23 886.8522
1058.318 887.436
1056.378 887.92
1054.001 888.2373
1051.604 888.1674
1049.253 887.7007
1046.985 886.9182
1044.817 885.9627
1045.181 885.7948
1047.392 886.728
1049.677 887.4564
1052.044 887.8399
1054.441 887.8246
1056.81 887.4498
1059.13 886.8381
1060.179 886.2465
1060.179 886.2465
1060.179 886.2465
1060.179 886.2465
1060.179 886.2465
1060.179 886.2465
1060.179 886.2465
1060.179 886.2465
1060.179 886.2465
1060.179 886.2465
1057.875 886.9199
1055.533 887.4396
1053.958 887.7244
1053.169 887.8559
1050.79 888.1671
1048.795 888.3135
1047.598 888.3861
1047.598 888.3861
1047.598 888.3861
1047.598 888.3861
1049.193 888.2712
1051.573 887.9633
1053.903 887.3934
1056.19 886.6662
1057.33 886.2921
1057.33 886.2921
1057.33 886.2921
1057.33 886.2921
1057.33 886.2921
1057.33 886.2921
1057.58 887.0522
1058.329 889.3323
1058.953 891.2324
1059.578 893.1324
1060.23 895.4125
1060.23 896.9326
1060.211 899.3173
1059.182 901.4205
1057.153 902.6199
1054.775 902.6491
1052.441 902.0972
1050.17 901.3237
1048.674 900.7541
1048.674 900.7541
1050.552 901.4415
1052.079 901.9202
1054.74 902.7735
1056.89 903.8349
1058.99 904.9792
1060.187 905.9131
1060.208 907.6876
1060.224 910.2224
1060.224 912.0539
1060.224 913.2476
1060.224 914.9759
1060.022 915.5691
1058.994 916.4315
1058.023 918.6106
1056.687 920.6005
1055.037 922.3397
1053.12 923.7792
1051.043 924.9791
1048.956 926.1636
1046.99 927.5348
1046.219 929.3744
1048.346 930.4846
1050.566 931.3928
1052.896 931.9578
1055.286 932.1484
1057.685 932.0826
1058.488 931.91
1058.488 931.91
1058.488 931.91
1058.488 931.91
1058.488 931.91
1058.488 931.91
1058.562 933.904
1058.562 935.4991
1058.562 937.8919
1058.562 939.8859
1058.562 941.8799
1058.562 944.2726
1058.566 945.868
1058.752 948.2608
1058.938 950.6536
1059.093 952.6475
1059.249 954.6415
1059.435 957.0343
1059.59 959.0283
1059.745 961.0222
1059.932 963.415
1060.087 965.4089
1060.249 967.8017
1060.249 969.7957
1060.249 972.1884
1060.249 974.1824
1060.249 976.1764
1060.249 978.5692
1060.249 980.9619
1060.117 983.351
1059.361 985.1947
1058.323 987.35
1057.964 989.7119
1057.731 992.5022
1057.565 994.4953
1057.398 996.4883
1057.199 998.88
1057.032 1000.873
1056.833 1003.265
1056.666 1005.258
1056.466 1007.649
1056.3 1009.643
1056.1 1012.034
1055.934 1014.027
1055.734 1016.419
1055.534 1018.811
1055.401 1020.405
1055.168 1023.195
1055.002 1025.188
1054.802 1027.58
1054.602 1029.972
1054.436 1031.965
1054.236 1034.356
1054.069 1036.35
1053.87 1038.741
1053.67 1041.133
1053.47 1043.525
1053.304 1045.518
1053.137 1047.511
1052.938 1049.902
1052.738 1052.294
1052.538 1054.686
1052.372 1056.679
1052.172 1059.07
1052.005 1061.063
1051.772 1063.854
1051.606 1065.847
1051.406 1068.239
1051.206 1070.63
1051.007 1073.022
1050.807 1075.414
1050.607 1077.805
1050.407 1080.197
1050.208 1082.589
1050.008 1084.98
1049.808 1087.372
1049.609 1089.764
1049.409 1092.155
1049.209 1094.547
1049.009 1096.939
1048.81 1099.33
1048.61 1101.722
1048.41 1104.114
1048.21 1106.505
1048.011 1108.897
1047.811 1111.289
1047.611 1113.68
1047.411 1116.072
1047.212 1118.464
1047.045 1120.457
1046.845 1122.848
1046.646 1125.24
1046.446 1127.632
1046.279 1129.625
1046.08 1132.016
1045.88 1134.408
1045.68 1136.8
1045.48 1139.192
1045.281 1141.583
1045.114 1143.576
1044.881 1146.367
1044.767 1148.313
1044.767 1150.038
1044.767 1151.905
1044.767 1152.715
1044.767 1153.171
1044.767 1153.773
1044.767 1155.13
1044.767 1157.013
1044.767 1158.626
1044.767 1160.24
1044.767 1161.854
1044.767 1162.911
1044.767 1163.122
1044.767 1162.472
1044.767 1161.361
1044.767 1159.235
1044.836 1156.48
1045.372 1154.144
1046.296 1151.932
1047.748 1149.54
1049.392 1147.274
1049.632 1146.953
1049.632 1146.953
1049.632 1146.953
1049.632 1146.953
1049.632 1146.953
1049.632 1146.953
1049.632 1146.953
1048.991 1146.475
1047.068 1145.039
1045.465 1143.843
1044.808 1142.168
1044.808 1141.21
1044.808 1139.775
1044.808 1138.339
1044.808 1136.903
1044.808 1135.468
1044.808 1134.271
1044.808 1133.075
1044.808 1131.639
1044.808 1130.203
1044.808 1128.768
1044.808 1127.332
1044.808 1125.898
1044.808 1124.701
1044.808 1123.505
1044.808 1123.505
1044.808 1123.505
1044.808 1123.505
1044.808 1123.505
1044.808 1123.505
1044.808 1123.505
1044.808 1123.505
1044.808 1123.505
1044.808 1123.505
1044.808 1123.505
1044.808 1123.505
1044.808 1123.505
1045.77 1124.223
1047.693 1125.658
1049.296 1126.855
1051.219 1128.29
1053.142 1129.726
1055.066 1130.05
1056.989 1130.05
1058.912 1130.05
1060.175 1130.05
1060.175 1130.05
1060.175 1130.05
1059.001 1130.05
1057.713 1130.05
1056.569 1130.05
1055.936 1130.05
1055.825 1130.05
1056.114 1130.05
1056.947 1130.05
1058.282 1130.05
1059.787 1130.05
1060.175 1130.05
1060.175 1130.05
1060.175 1130.05
1060.175 1130.05
1060.175 1130.05
1059.678 1130.05
1058.187 1130.05
1056.696 1130.05
1055.205 1130.05
1053.714 1130.05
1052.004 1130.503
1050.753 1132.494
1050.802 1134.822
1050.922 1137.1
1050.922 1139.264
1050.922 1141.379
1050.922 1142.297
1050.922 1142.087
1050.922 1141.473
1050.922 1141.251
1050.922 1141.251
1050.922 1141.251
1050.922 1141.251
1050.922 1141.251
1048.602 1141.864
1046.528 1142.64
1046.636 1145.378
1047.108 1148.138
1047.513 1150.503
1047.917 1152.869
1048.322 1155.234
1048.659 1157.206
1049.064 1159.571
1049.064 1159.571
1049.064 1159.571
1047.087 1159.873
1044.824 1160.068
1044.823 1159.801
1044.821 1159.581
1044.788 1160.695
1044.788 1162.765
1044.788 1163.34
1044.788 1162.324
1044.788 1160.686
1044.788 1158.569
1044.788 1158.569
1044.788 1158.569
1044.788 1158.569
1044.788 1158.569
1044.788 1158.569
1044.788 1158.569
1044.788 1158.569
1044.788 1160.114
1044.788 1161.402
1044.788 1162.947
1044.788 1164.492
1044.242 1166.261
1042.43 1167.828
1040.594 1169.374
1038.757 1170.919
1036.921 1172.464
1035.085 1174.01
1033.166 1175.437
1030.878 1176.045
1028.727 1175.197
1027.304 1173.29
1026.641 1170.164
1026.453 1167.772
1026.416 1165.373
1026.659 1163.881
1027.058 1163.88
1027.058 1163.88
1026.854 1165.467
1026.688 1167.861
1026.826 1170.254
1027.479 1172.973
1028.648 1175.512
1029.995 1177.497
1031.777 1179.656
1030.013 1181.771
1028.207 1182.546
1026.402 1182.546
1024.596 1182.546
1022.49 1182.546
1020.684 1182.546
1018.878 1182.546
1017.073 1182.546
1015.267 1182.546
1013.461 1182.546
1011.656 1182.546
1009.85 1182.546
1008.346 1182.546
1006.239 1182.546
1004.734 1182.546
1002.415 1182.562
1000.468 1182.59
997.3605 1181.963
995.1182 1181.111
992.7614 1180.718
990.3734 1180.783
988.0139 1181.223
985.2612 1181.735
982.9018 1182.175
980.9356 1182.541
978.5762 1182.584
976.2168 1182.584
973.8574 1182.584
971.4979 1182.584
969.1183 1182.598
966.8178 1181.964
964.9413 1180.494
963.0916 1178.979
961 1177.848
958.6755 1177.263
956.3287 1176.761
953.9819 1176.258
951.635 1175.756
949.2881 1175.254
946.9413 1174.751
944.5945 1174.249
942.2477 1173.747
939.9008 1173.244
937.9451 1172.826
935.5983 1172.323
934.4817 1173.308
934.099 1175.677
933.9797 1178.471
934.3531 1181.243
934.9437 1182.521
935.5062 1182.522
933.9733 1182.576
931.6738 1182.576
929.3744 1182.576
927.075 1182.576
924.7756 1182.576
922.8594 1182.576
920.9432 1182.576
918.6438 1182.576
916.3444 1182.576
914.045 1182.576
912.1288 1182.576
910.2126 1182.576
907.9132 1182.576
905.6138 1182.576
903.3144 1182.576
901.015 1182.576
899.0988 1182.576
897.1075 1182.562
894.8397 1181.823
892.7368 1180.671
889.6328 1179.97
887.6328 1179.957
884.8329 1179.939
882.8329 1179.926
880.8329 1179.913
878.433 1179.898
876.033 1179.882
874.433 1179.872
872.0331 1179.857
869.6332 1179.841
867.6332 1179.828
867.2701 1179.681
867.2056 1179.34
866.9324 1178.685
865.6519 1177.615
863.6919 1177.462
861.692 1177.449
859.292 1177.434
857.692 1177.423
855.2921 1177.408
853.2921 1177.395
851.2921 1177.382
848.9014 1177.251
847.0211 1176.602
845.1638 1175.099
843.9094 1173.06
842.6484 1171.019
840.6985 1169.014
838.6198 1167.814
836.526 1166.641
834.7812 1165.664
833.0363 1164.686
830.9279 1163.795
829.5103 1163.089
827.4164 1161.916
825.6716 1160.938
823.9268 1159.961
821.8329 1158.788
820.4371 1158.005
818.3433 1156.833
816.8549 1155.504
815.8556 1153.79
815.127 1151.507
813.9427 1149.438
812.2811 1147.707
810.5715 1146.023
808.8619 1144.338
807.7222 1143.215
806.0126 1141.531
805.1191 1140.208
804.5414 1137.9
804.7767 1135.526
805.5842 1133.269
806.6865 1131.138
807.199 1130.166
806.7773 1129.972
805.6863 1128.685
805.4461 1126.319
805.3246 1124.322
805.2031 1122.326
805.1853 1120.33
805.5176 1118.406
805.5289 1116.181
805.5402 1113.8
805.5402 1111.404
805.5402 1109.009
805.5402 1107.411
805.5402 1105.015
805.5402 1103.019
805.4045 1101.03
804.6835 1099.175
802.7347 1097.186
801.0115 1096.174
798.7867 1095.28
796.081 1094.563
794.5785 1094.169
794.5785 1094.169
794.5785 1094.169
794.5785 1094.169
794.5785 1094.169
794.5785 1094.169
794.5448 1092.844
794.5153 1091.032
794.5004 1089.042
795.1216 1086.329
796.0776 1084.574
797.4335 1082.594
798.3832 1080.835
798.9641 1078.513
799.0604 1076.115
799.1568 1073.717
799.2532 1071.319
799.3174 1069.72
799.4138 1067.322
799.4941 1065.324
799.5744 1063.326
799.6547 1061.327
799.735 1059.329
799.8153 1057.33
799.8956 1055.332
799.992 1052.934
800.0562 1051.335
800.1526 1048.937
800.2169 1047.338
800.3132 1044.94
800.3774 1043.342
800.4738 1040.944
800.5381 1039.345
800.6344 1036.947
800.7147 1034.948
800.795 1032.95
800.8754 1030.952
800.9556 1028.953
801.0359 1026.955
801.1163 1024.956
801.1965 1022.958
801.2769 1020.96
801.3572 1018.961
801.4375 1016.963
801.5338 1014.565
801.5981 1012.966
801.6945 1010.568
801.7587 1008.969
801.855 1006.571
801.9193 1004.973
802.0157 1002.575
802.0799 1000.976
802.1763 998.5778
802.2405 996.9791
802.3369 994.581
802.4011 992.9823
802.4975 990.5842
802.5618 988.9855
802.642 986.9871
802.7224 984.9887
802.8027 982.9904
802.883 980.9919
802.9633 978.9936
803.0436 976.9952
803.1239 974.9968
803.2042 972.9984
803.2845 971
803.3648 969.0016
803.4451 967.0032
803.5254 965.0049
803.6057 963.0065
803.686 961.0081
803.7664 959.0097
803.8466 957.0113
803.9269 955.0129
803.9536 953.016
803.4686 951.0847
802.6997 949.2428
802.3881 946.8686
802.2358 944.4734
802.0836 942.0782
801.9821 940.4814
801.8298 938.0863
801.7283 936.4895
801.5761 934.0944
801.4746 932.4976
801.3224 930.1024
801.2209 928.5056
801.0686 926.1105
800.9671 924.5137
800.8149 922.1185
800.7134 920.5217
800.5612 918.1266
800.4597 916.5298
800.3074 914.1346
800.1805 912.1387
800.0536 910.1427
799.9268 908.1467
799.7999 906.1508
799.673 904.1548
799.5461 902.1588
799.3939 899.7636
799.2924 898.1669
799.1401 895.7717
799.0133 893.7757
798.8864 891.7797
798.7595 889.7838
798.6327 887.7878
798.4804 885.3926
798.3789 883.7958
798.2267 881.4007
798.0998 879.4047
797.973 877.4088
797.8461 875.4128
797.7192 873.4168
798.2331 871.0944
799.6631 869.7378
802.415 869.5004
804.6681 870.3194
806.783 871.4514
808.7928 872.7625
810.5687 871.2804
811.9342 869.3068
812.3363 868.0034
812.0577 867.1484
812.6693 865.1352
813.3521 864.1483
814.296 862.5037
814.296 860.53
814.8635 859.1439
816.2291 857.1703
817.367 855.5256
818.5049 853.8809
819.8705 851.9072
821.0084 850.2625
822.1464 848.6178
823.5119 846.6441
824.6498 844.9995
825.7878 843.3547
827.4134 841.6121
829.1957 840.7159
831.9722 840.5173
834.3687 840.4301
836.6752 839.794
838.7446 838.5787
840.8037 837.3457
842.8628 836.1128
844.5787 835.0853
846.2946 834.0579
848.3538 832.825
850.4128 831.592
851.7855 830.77
853.944 829.7558
856.317 829.6148
858.5784 830.3699
860.5871 831.6782
862.5132 833.1046
864.5982 834.2848
867.332 834.8314
869.7191 835.0808
872.106 835.3303
874.0952 835.5381
876.4822 835.7875
878.4714 835.9954
880.4606 836.2032
882.8475 836.4526
885.2346 836.7021
887.2238 836.9099
887.2238 836.9099
887.2238 836.9099
887.2238 836.9099
887.2238 836.9099
887.2238 836.9099
887.2238 836.9099
887.2238 836.9099
887.2238 836.9099
887.2238 836.9099
887.2238 836.9099
887.2238 836.9099
887.2238 836.9099
887.2238 836.9099
887.2238 836.9099
887.2238 836.9099
887.2238 836.9099
887.2238 836.9099
887.2238 836.9099
887.2238 836.9099
887.2238 836.9099
887.2238 836.9099
887.2238 836.9099
887.2238 836.9099
887.2238 836.9099
887.2238 836.9099
887.2238 836.9099
887.2238 836.9099
887.2238 836.9099
887.2238 836.9099
887.2238 836.9099
887.2238 836.9099
887.2238 836.9099
887.2238 836.9099
887.2238 836.9099
887.2238 836.9099
887.2238 836.9099
887.2238 836.9099
887.2238 836.9099
887.2238 836.9099
887.2238 836.9099
887.2238 836.9099
888.0194 836.993
890.0085 837.2009
891.9977 837.4088
894.3848 837.6582
896.7717 837.9076
898.3631 838.0739
900.7501 838.3233
903.1317 838.16
904.9466 837.3335
907.1333 835.5853
909.195 834.3747
911.5701 834.03
911.5701 834.03
911.5701 834.03
911.5701 834.03
913.9453 833.6854
915.9245 833.3981
917.9037 833.111
920.2789 832.7663
922.2582 832.4791
924.2374 832.1918
926.6125 831.8472
928.5919 831.56
930.5711 831.2728
932.9228 831.6375
935.1662 832.4772
937.5536 832.6387
939.9535 832.6158
942.3533 832.5929
944.3533 832.5737
946.3531 832.5546
948.7531 832.5317
950.753 832.5126
952.7529 832.4935
955.1528 832.4705
957.1527 832.4514
959.1526 832.4323
961.5525 832.4094
963.5524 832.3902
965.5523 832.3711
967.9522 832.3481
969.5521 832.3329
971.952 832.3099
973.9519 832.2908
975.9518 832.2717
978.3517 832.2487
980.3516 832.2296
982.3515 832.2105
984.7514 832.1876
986.7513 832.1685
988.7512 832.1494
991.1511 832.1264
993.1511 832.1072
995.1509 832.0881
997.5508 832.0652
999.1508 832.0499
1001.551 832.027
1003.551 832.0079
1005.55 831.9887
1007.95 831.9658
1010.35 831.9429
1011.95 831.9276
1014.35 831.9046
1016.35 831.8855
1018.35 831.8664
1020.75 831.8434
1022.75 831.8243
1024.75 831.8052
1027.15 831.7823
1029.149 831.7631
1031.149 831.744
1033.549 831.7211
1035.949 831.6981
1037.549 831.6829
1039.949 831.6599
1041.949 831.6408
1043.949 831.6216
1046.349 831.5988
1048.349 831.5796
1050.348 831.5605
1052.748 831.5375
1054.348 831.5223
1056.748 831.4993
1058.748 831.4802
1060.748 831.4611
1062.748 831.442
1064.748 831.4229
1066.748 831.4037
1068.748 831.3846
1070.747 831.3655
1072.747 831.3464
1074.747 831.3273
1076.747 831.3081
1079.147 831.2852
1080.747 831.2699
1083.147 831.2469
1084.747 831.2317
1087.147 831.2087
1088.747 831.1934
1091.147 831.1705
1092.746 831.1552
1095.146 831.1323
1097.146 831.1131
1099.146 831.094
1101.546 831.071
1103.146 831.0558
1105.546 831.0328
1107.146 831.0175
1109.546 830.9946
1111.546 830.9755
1113.546 830.9564
1115.534 830.9373
1115.534 830.9182
1115.534 830.899
1115.534 830.8799
1115.534 830.8569
1115.534 830.8417
1115.534 830.8187
1115.534 830.8034
1115.534 830.7805
1115.534 830.7652
1115.534 830.7422
1115.534 830.7269
1115.534 830.704
1115.534 830.6887
1115.534 830.6658
1115.534 830.6505
1115.534 830.6275
1115.534 830.6084
1115.534 830.5893
1115.534 830.574
1115.534 830.5511
1115.534 830.5319
1115.534 830.5128
1115.534 830.4975
1115.534 830.4746
1115.534 830.4593
1115.534 830.4363
1115.534 830.4211
1115.534 830.3981
1115.534 830.379
1115.534 830.3599
1115.534 830.3446
1115.534 830.3217
1115.534 830.3063
1115.534 830.2834
1115.534 830.2643
1115.534 830.2452
1115.534 830.2261
1115.534 830.2069
1115.534 830.1878
1115.534 830.1687
1115.534 830.1496
1115.534 830.1304
1114.734 830.1343
1112.734 830.1534
1110.734 830.1725
1108.734 830.1917
1106.734 830.2108
1104.734 830.2299
1102.734 830.249
1100.734 830.2681
1102.334 830.2528
1103.934 830.2375
1106.334 830.2146
1107.934 830.1993
1110.334 830.1763
1112.334 830.1572
1114.334 830.1381
1115.534 830.119
1115.534 830.0999
1115.534 830.0807
1115.534 830.0616
1115.534 830.0425
1115.534 830.0234
1115.534 830.0043
1115.534 829.9852
1115.534 829.9661
1115.534 829.9507
1115.534 829.9507
1113.534 829.9698
1111.134 829.9928
1109.534 830.0081
1107.134 830.0311
1105.534 830.0463
1103.134 830.0693
1101.134 830.0884
1099.134 830.1075
1097.134 830.1266
1095.135 830.1458
1092.735 830.1687
1091.135 830.184
1088.735 830.2069
1087.135 830.2222
1084.735 830.2452
1083.135 830.2604
1080.735 830.2834
1078.735 830.3026
1076.735 830.3217
1074.735 830.3408
1072.736 830.3599
1072.336 830.3637
1072.336 830.3637
1069.936 830.3867
1068.336 830.4019
1065.936 830.4249
1064.336 830.4402
1061.936 830.4631
1060.336 830.4784
1057.936 830.5013
1056.336 830.5167
1053.936 830.5396
1051.937 830.5587
1049.937 830.5778
1047.537 830.6008
1046.737 830.6084
1044.337 830.6313
1042.337 830.6505
1040.337 830.6696
1037.937 830.6925
1035.937 830.7117
1033.937 830.7308
1031.537 830.7537
1031.137 830.7575
1031.137 830.7575
1031.137 830.7575
1031.137 830.7575
1031.137 830.7575
1031.137 830.7575
1031.937 830.7499
1033.937 830.7308
1036.337 830.7078
1038.737 830.6849
1039.137 830.681
1039.137 830.681
1039.137 830.681
1039.137 830.681
1039.137 830.681
1039.137 830.681
1039.137 830.681
1039.137 830.681
1039.137 830.681
1039.137 830.681
1037.137 830.7002
1035.137 830.7193
1032.737 830.7422
1030.737 830.7614
1028.738 830.7805
1026.338 830.8034
1025.538 830.811
1025.538 830.811
1025.532 832.411
1025.434 834.4083
1024.959 837.1639
1024.144 839.4186
1022.965 840.5319
1021.571 840.5371
1020.483 840.5371
1019.641 840.5359
1018.697 840.5359
1017.41 840.5359
1015.804 840.5431
1013.951 840.5516
1012.179 840.5516
1010.536 840.5516
1009.702 840.5516
1009.296 840.5516
1009.296 840.5516
1011.19 840.5739
1013.114 840.5793
1015.479 840.5904
1017.876 840.5524
1020.242 840.1635
1022.509 839.3856
1024.983 838.0792
1026.995 836.7705
1027.986 836.0941
1027.986 836.0941
1027.986 836.0941
1027.986 836.0941
1027.986 836.0941
1027.986 836.0941
1028.663 837.0845
1029.793 838.7353
1030.922 840.386
1032.277 840.5325
1033.18 840.5325
1034.535 840.5325
1035.664 840.5325
1036.567 840.5325
1036.567 840.5325
1038.201 839.3792
1040.074 837.8802
1041.795 836.2078
1043.46 835.0267
1045.214 836.6651
1046.968 838.3035
1048.429 839.6688
1049.891 841.0341
1051.645 842.6725
1052.814 843.7648
1054.334 845.6049
1054.893 847.1002
1054.945 849.4926
1054.323 851.8076
1053.323 853.9866
1051.924 856.4095
1050.746 858.5001
1050.106 860.3837
1050.118 861.1837
1050.118 861.1837
1050.118 861.1837
1050.118 861.1837
1050.118 861.1837
1050.118 861.1837
1050.695 861.7377
1051.873 862.8209
1054.02 863.7509
1056.386 863.4991
1057.559 863.2495
1057.895 864.8138
1058.399 867.1603
1058.735 868.7247
1059.238 871.0713
1059.658 873.0267
1060.078 874.9822
1060.238 876.9376
1060.238 878.8931
1060.203 881.2716
1059.79 882.8137
1058.15 885.0712
1056.354 886.6621
1054.532 888.7786
1053.61 890.5464
1052.901 892.8394
1052.192 895.1323
1051.601 897.043
1051.011 898.9538
1050.882 900.9467
1051.534 903.2368
1052.951 905.1626
1054.761 906.7335
1057.169 908.1542
1059.112 908.5966
1060.175 908.6059
1060.19 907.2689
1060.19 906.7967
1059.768 909.1589
1059.145 911.4756
1057.528 913.2143
1054.841 913.9336
1052.045 913.9652
1049.677 913.5869
1047.359 912.9664
1045.451 912.3664
1045.451 912.3664
1046.598 912.7194
1048.141 913.1447
1050.497 913.5935
1052.892 913.6862
1055.664 913.3133
1057.987 912.7103
1059.516 912.2404
1059.516 912.2404
1060.231 914.5307
1060.102 915.5367
1059.948 915.6041
1059.493 915.8839
1058.743 916.8367
1058.547 918.1862
1058.547 920.4766
1058.547 922.3853
1058.549 924.2947
1058.549 926.2034
1058.549 928.1121
1058.549 930.4024
1058.549 931.9293
1058.549 934.2197
1058.549 936.1284
1058.565 938.0801
1058.223 940.4459
1058.11 942.8387
1058.535 945.2008
1058.871 947.5656
1059.225 949.534
1059.579 951.5024
1060.004 953.8644
1060.241 955.8328
1060.241 957.8012
1060.241 960.1633
1060.252 962.1442
1059.814 964.0862
1059.157 966.3848
1059.147 968.7819
1059.254 971.1795
1059.361 973.5771
1059.469 975.9747
1059.576 978.3723
1059.648 979.9707
1059.755 982.3683
1059.863 984.7659
1059.917 985.9647
1059.827 983.9667
1059.72 981.5691
1059.612 979.1715
1059.523 977.1735
1059.433 975.1755
1059.326 972.7779
1059.236 970.7799
1059.147 968.7819
1059.147 968.7819
1059.147 968.7819
1059.147 968.7819
1059.2 969.9807
1059.308 972.3783
1059.415 974.7759
1059.505 976.7739
1059.534 978.7701
1058.917 981.0709
1057.436 982.94
1055.453 984.2784
1053.249 985.22
1050.918 985.7806
1048.526 985.9447
1048.122 985.7076
1048.122 985.4993
1048.122 985.533
1048.116 986.6426
1048.116 987.3068
1048.116 987.3068
1048.116 988.303
1048.116 989.2993
1047.996 990.2694
1047.006 991.5695
1044.834 992.5853
1044.817 993.5815
1044.817 994.4117
1044.817 995.2419
1044.759 996.068
1044.639 996.4583
1044.729 996.1884
1044.801 994.8193
1044.799 993.1963
1044.799 992.0814
1044.799 992.0814
1044.799 992.0814
1044.799 992.0814
1044.799 992.0814
1044.799 992.0814
1044.799 992.0814
1044.799 992.0814
1044.799 992.0814
1044.799 992.0814
1044.799 992.0814
1044.799 992.0814
1046.36 992.4333
1048.701 992.9612
1050.652 993.401
1052.603 993.8409
1054.944 994.3687
1057.286 994.8965
1059.237 995.3364
1060.177 995.7763
1060.196 997.3013
1059.991 999.6857
1059.923 1002.082
1060.239 1004.458
1060.239 1006.747
1060.239 1008.736
1060.239 1008.736
1060.239 1008.736
1060.239 1008.736
1060.239 1008.736
1060.239 1008.736
1060.239 1008.736
1060.239 1008.736
1059.697 1008.744
1058.589 1009.092
1057.41 1010.799
1056.881 1012.727
1056.351 1014.656
1055.776 1016.982
1055.948 1019.347
1056.943 1021.514
1057.319 1023.242
1057.319 1024.736
1057.319 1026.709
1057.347 1028.683
1057.347 1028.683
1057.347 1030.573
1057.365 1032.901
1057.156 1034.888
1056.159 1037.062
1054.406 1039.242
1053.113 1041.256
1052.44 1043.542
1052.1 1045.918
1051.703 1048.69
1051.697 1051.078
1052.359 1052.948
1053.873 1054.796
1056.053 1056.551
1057.896 1058.653
1058.846 1060.857
1059.659 1063.114
1060.228 1065.372
1060.238 1067.66
1060.066 1070.042
1058.767 1072.499
1057.503 1074.991
1057.14 1077.343
1057.091 1079.742
1057.033 1082.542
1056.992 1084.541
1056.942 1086.941
1056.893 1089.34
1056.843 1091.74
1056.794 1094.139
1056.744 1096.539
1056.695 1098.938
1056.645 1101.338
1056.596 1103.737
1056.554 1105.737
1056.115 1108.481
1055.13 1110.213
1053.339 1112.358
1052.438 1114.577
1051.849 1116.904
1051.063 1120.006
1050.573 1121.945
1049.984 1124.272
1049.395 1126.598
1048.904 1128.537
1048.315 1130.864
1048.466 1133.251
1049.465 1135.422
1050.885 1137.647
1050.885 1138.924
1050.885 1139.971
1050.885 1141.389
1050.899 1143.456
1050.9 1145.443
1050.9 1147.437
1050.9 1149.431
1050.9 1151.425
1051.034 1153.459
1052.534 1155.81
1053.167 1157.697
1054.443 1160.18
1056.857 1161.487
1059.14 1160.749
1061.46 1160.147
1063.262 1160.286
1063.285 1161.017
1063.982 1162.467
1066.119 1163.92
1068.294 1164.934
1071.195 1166.285
1073.007 1167.13
1075.545 1168.313
1077.721 1169.327
1079.896 1170.34
1082.072 1171.354
1084.247 1172.368
1086.785 1173.55
1089.323 1174.733
1091.498 1175.747
1093.674 1176.76
1095.849 1177.774
1098.387 1178.957
1100.563 1179.971
1103.101 1181.153
1105.276 1182.167
1107.451 1182.565
1109.627 1182.565
1112.527 1182.565
1114.832 1182.587
1117.208 1182.339
1119.186 1181.056
1120.3 1178.117
1120.039 1175.733
1119.399 1173.009
1118.281 1170.447
1116.96 1168.445
1115.183 1166.283
1115.012 1164.286
1116.798 1163.855
1119.427 1163.836
1121.783 1163.807
1124.126 1164.269
1126.315 1165.247
1128.922 1167.091
1130.573 1168.829
1132.101 1171.17
1133.145 1173.763
1134.197 1175.916
1136.206 1178.383
1138.28 1179.541
1141.031 1179.898
1143.346 1179.312
1145.791 1177.956
1147.926 1176.151
1149.669 1173.965
1150.801 1171.852
1151.782 1168.81
1152.249 1166.457
1152.315 1166.062
1151.36 1164.779
1149.527 1163.859
1147.72 1163.85
1145.679 1163.839
1142.87 1163.83
1141.009 1163.83
1139.253 1163.83
1136.587 1163.83
1134.367 1163.826
1132.028 1163.813
1129.234 1163.827
1126.473 1164.265
1123.849 1165.23
1121.229 1166.214
1118.93 1166.781
1116.162 1166.363
1116.162 1166.363
1116.162 1166.363
1116.162 1166.363
1116.162 1166.363
1114.586 1166.086
1112.223 1165.669
1109.859 1165.253
1107.102 1164.767
1104.738 1164.35
1102.694 1164.128
1101.632 1165.016
1098.999 1165.207
1096.636 1165.207
1094.272 1165.207
1091.908 1165.207
1089.545 1165.207
1087.181 1165.207
1084.818 1165.207
1082.057 1164.751
1079.694 1164.334
1077.724 1163.987
1074.967 1163.815
1072.603 1163.815
1069.846 1163.815
1067.482 1163.815
1065.118 1163.607
1062.755 1163.191
1060.391 1162.774
1058.028 1162.358
1055.664 1161.941
1053.3 1161.525
1050.937 1161.108
1048.573 1160.692
1046.21 1160.276
1044.823 1159.859
1044.823 1159.443
1044.823 1158.957
1044.823 1158.54
1044.823 1158.193
1044.823 1157.777
1044.823 1157.361
1044.823 1156.944
1044.823 1156.528
1044.823 1156.111
1044.823 1155.625
1044.823 1155.209
1044.823 1154.793
1044.823 1154.376
1044.823 1153.96
1044.823 1153.613
1044.823 1153.196
1044.823 1152.78
1044.823 1152.294
1044.823 1151.947
1044.823 1151.531
1044.823 1151.531
1044.823 1151.531
1044.823 1151.531
1046.005 1151.739
1048.368 1152.155
1050.732 1152.572
1050.906 1153.109
1051.395 1154.205
1053.264 1155.18
1055.628 1155.596
1057.21 1156.936
1056.927 1159.318
1057.004 1162.512
1057.519 1164.853
1058.418 1167.075
1059.916 1169.435
1061.839 1171.465
1064.034 1173.203
1063.516 1175.782
1062.155 1177.759
1060.339 1180.394
1058.978 1182.37
1057.616 1182.533
1056.254 1182.533
1054.666 1182.533
1053.077 1182.533
1051.715 1182.533
1050.354 1182.533
1048.992 1182.533
1047.63 1182.533
1046.042 1182.533
1044.68 1182.533
1043.319 1182.533
1041.73 1182.533
1039.853 1182.559
1037.566 1182.593
1035.349 1181.699
1033.588 1180.098
1031.998 1177.322
1030.855 1175.211
1029.703 1172.66
1029.253 1171.547
1029.253 1171.547
1027.396 1172.289
1025.167 1173.179
1022.939 1174.07
1021.081 1174.812
1018.852 1175.702
1016.624 1176.592
1014.395 1177.482
1012.166 1178.373
1009.937 1179.263
1007.709 1180.153
1005.48 1181.043
1003.251 1181.933
1001.022 1182.569
998.7935 1182.569
996.9361 1182.569
994.7073 1182.569
992.4786 1182.569
990.6212 1182.569
988.3925 1182.569
986.1637 1182.569
983.9349 1182.569
981.7061 1182.569
979.4774 1182.569
977.62 1182.569
974.928 1182.586
972.9922 1182.154
971.4058 1179.954
971.3155 1177.559
971.6388 1175.183
972.3537 1172.895
973.6554 1170.421
975.337 1168.185
976.9417 1166.4
977.4877 1165.816
977.4877 1165.816
977.4877 1165.816
977.4877 1165.816
977.1959 1165.542
975.4445 1163.901
973.6931 1163.856
971.9418 1163.856
970.4823 1163.856
968.731 1163.856
966.9796 1163.856
965.5201 1163.856
964.6243 1163.856
964.6243 1163.856
964.6243 1163.856
964.6243 1163.856
964.6243 1163.856
964.6243 1163.856
964.6243 1163.856
964.6243 1163.856
964.6243 1163.856
964.5057 1165.379
963.1967 1167.328
961.957 1169.38
961.1437 1172.035
962.3986 1174.452
964.4922 1175.546
966.8578 1175.908
968.4501 1176.065
966.4597 1175.869
964.4694 1175.673
962.0809 1175.437
959.6925 1175.202
957.3041 1174.966
954.9156 1174.731
952.6997 1173.85
951.1934 1172.544
950.4594 1169.867
951.0651 1167.556
952.5231 1165.66
954.2781 1164.066
954.2781 1162.615
954.2781 1161.627
954.2781 1161.052
954.2781 1160.66
954.2781 1160.66
953.1021 1160.899
950.7746 1161.482
948.529 1162.323
946.4164 1163.459
943.9348 1163.905
942.3727 1161.581
941.0338 1159.589
939.6948 1157.597
938.3558 1155.605
937.5889 1153.614
937.5889 1151.622
937.5889 1149.63
937.5889 1147.638
937.5889 1145.979
937.5889 1145.979
937.5889 1145.979
939.606 1144.678
941.714 1143.533
944.3491 1142.599
947.1147 1142.19
949.5106 1142.273
951.8589 1142.755
954.2695 1143.791
954.2731 1145.162
954.2737 1146.007
954.2737 1146.007
953.4219 1147.361
952.1442 1149.393
950.8665 1151.425
949.5888 1153.456
948.3111 1155.488
947.2463 1157.181
946.1816 1158.874
944.9039 1160.906
943.6262 1162.937
942.3484 1164.969
941.0708 1167
939.7931 1169.032
940.5464 1170.977
942.4667 1172.416
944.1912 1174.081
945.619 1176.007
946.7057 1178.144
947.5024 1180.823
947.777 1182.519
947.6925 1182.519
947.4816 1182.519
950.2687 1182.591
953.0558 1182.591
955.0466 1182.591
957.0374 1182.591
959.4263 1182.591
961.8152 1182.591
964.2041 1182.591
966.5931 1182.591
968.982 1182.591
971.3709 1182.591
973.3617 1182.591
975.3525 1182.591
977.7414 1182.591
980.1304 1182.591
982.5193 1182.591
984.9082 1182.591
986.899 1182.591
989.2879 1182.591
991.2787 1182.591
993.6676 1182.591
996.0566 1182.591
998.4455 1182.591
1000.834 1182.591
1003.223 1182.591
1005.612 1182.591
1008.001 1182.591
1009.992 1182.591
1012.381 1182.591
1014.77 1182.591
1016.761 1182.591
1019.11 1182.158
1021.145 1180.904
1023.033 1178.332
1024.02 1176.147
1024.841 1173.472
1025.499 1170.75
1027.293 1169.31
1029.335 1168.049
1031.377 1166.789
1033.42 1165.528
1034.473 1164.074
1034.473 1163.881
1034.473 1163.881
1034.473 1163.881
1034.473 1163.881
1034.473 1163.881
1034.473 1163.881
1034.473 1163.881
1034.473 1163.881
1034.473 1163.881
1034.473 1163.881
1034.473 1163.881
1034.473 1163.881
1034.473 1163.881
1034.473 1163.881
1034.473 1163.881
1034.473 1163.881
1034.473 1163.881
1034.473 1163.881
1034.473 1163.881
1034.473 1163.881
1034.473 1163.881
1034.473 1163.881
1034.473 1163.881
1034.473 1163.881
1034.473 1163.881
1034.473 1163.881
1034.473 1163.881
1034.473 1163.881
1034.473 1163.881
1034.473 1163.881
1034.473 1163.881
1034.473 1163.881
1034.473 1163.881
1034.473 1163.881
1034.473 1163.881
1034.473 1163.881
1034.473 1163.881
1034.473 1163.881
1034.473 1163.881
1034.473 1163.881
1034.473 1163.881
1034.473 1163.881
1034.473 1163.881
1034.473 1163.881
1034.473 1163.881
1034.473 1163.881
1034.473 1163.881
1034.473 1163.881
1034.473 1163.881
1034.473 1163.881
1034.473 1163.881
1034.473 1163.881
1034.473 1163.881
1034.473 1163.881
1034.473 1163.881
1034.473 1163.881
1034.473 1163.881
1034.473 1163.881
1034.473 1163.881
1034.473 1163.881
1034.473 1163.881
1034.473 1163.881
1034.473 1163.881
1034.473 1163.881
1034.473 1163.881
1034.473 1163.881
1034.473 1163.881
1034.473 1163.881
1034.473 1163.881
1034.473 1163.881
1034.473 1163.881
1034.473 1163.881
1034.473 1163.881
1034.473 1163.881
1034.473 1163.881
1034.473 1163.881
1034.473 1163.881
1034.473 1163.881
1034.473 1163.881
1034.473 1163.881
1034.473 1163.881
1034.473 1163.881
1034.473 1163.881
1034.473 1163.881
1034.473 1163.881
1034.473 1163.881
1034.473 1163.881
1034.473 1163.881
1034.473 1163.881
1034.473 1163.881
1034.473 1163.881
1034.473 1163.881
1034.473 1163.881
1034.473 1163.881
1034.473 1163.881
1034.473 1163.881
1034.473 1163.881
1034.473 1163.881
1034.473 1163.881
1034.473 1163.881
1034.473 1163.881
1034.473 1163.881
1034.473 1163.881
1034.473 1163.881
1034.473 1163.881
1034.473 1163.881
1034.473 1163.881
1034.473 1163.881
1034.473 1163.881
1034.473 1163.881
1034.473 1163.881
1034.473 1163.881
1034.473 1163.881
1034.473 1163.881
1034.473 1163.881
1034.473 1163.881
1034.473 1163.881
1034.473 1163.881
1034.473 1163.881
1034.473 1163.881
1034.473 1163.881
1034.473 1163.881
1034.473 1163.881
1034.473 1163.881
1034.473 1163.881
1034.473 1163.881
1034.473 1163.881
1034.473 1163.881
1034.473 1163.881
1034.473 1163.881
