1000 1000
1000 1000
1000 1000
1000 1000
1000 1000
1000 1000
1000 1000
1000 1000
1000 1000
1000 1000
1000 1000
1000 1000
1000 1000
1000 1000
1000 1000
1000 1000
1000 1000
1000 1000
1000 1000
1000 1000
1000 1000
1000 1000
1000 1000
1000 1000
1000 1000
1000 1000
1000 1000
1000 1000
1000 1000
1000 1000
1000 1000
1000 1000
1000 1000
1000 1000
1000 1000
1000 1000
1000 1000
1000 1000
1000 1000
1000 1000
1000 1000
1000 1000
1000 1000
1000 1000
1001.6 1000
1003.2 1000
1005.6 1000
1007.6 1000
1009.2 1000
1009.2 1000
1009.2 1000
1009.2 1000
1009.2 1000
1009.2 1000
1009.2 1000
1009.2 1000
1009.2 1000
1009.2 1000
1009.2 1000
1009.2 1000
1009.2 1000
1011.6 1000
1013.6 1000
1015.6 1000
1018 1000
1019.2 1000
1019.2 1000
1019.2 1000
1019.2 1000
1019.2 1000
1019.2 1000
1019.2 1000
1019.2 1000
1019.2 1000
1019.2 1000
1019.2 1000
1019.2 1000
1019.2 1000
1019.2 1000
1019.2 1000
1019.2 1000
1019.2 1000
1019.2 1000
1019.2 1000
1019.2 1000
1019.2 1000
1019.2 1000
1019.2 1000
1019.2 1000
1019.2 1000
1019.2 1000
1020.8 1000
1023.2 1000
1025.2 1000
1025.2 1000
1025.2 1000
1025.2 1000
1025.2 1000
1025.2 1000
1025.2 1000
1025.2 1000
1025.2 1000
1025.2 1000
1025.2 1000
1025.2 1000
1025.2 1000
1025.2 1000
1025.2 1000
1026 1000
1028 1000
1030 1000
1030 1000
1030.8 1000
1033.2 1000
1033.6 1000
1033.6 1000
1033.6 1000
1033.6 1000
1033.6 1000
1033.6 1000
1033.6 1000
1033.6 1000
1033.6 1000
1033.6 1000
1033.6 1000
1033.6 1000
1033.6 1000
1033.6 1000
1033.6 1000
1033.6 1000
1033.6 1000
1033.6 1000
1033.6 1000
1033.6 1000
1033.566 998.0004
1033.408 995.6057
1033.319 994.4091
1033.319 994.4091
1033.319 994.4091
1033.319 994.4091
1033.319 994.4091
1033.319 994.4091
1034.462 994.2592
1034.462 994.1093
1034.462 993.9293
1034.462 993.8994
1034.462 993.8994
1034.462 993.8694
1034.462 993.6895
1034.462 993.5696
1034.462 993.5696
1034.462 993.5696
1034.462 993.5096
1034.462 993.3597
1034.462 993.1798
1034.462 993.0899
1034.462 993.0899
1034.462 993.0899
1034.462 993.0899
1034.462 993.0899
1034.462 992.9399
1034.462 992.7601
1034.462 992.6102
1034.462 992.4603
1034.462 992.2804
1034.462 992.1005
1034.462 992.0814
1034.462 992.0814
1034.462 992.0814
1034.462 992.0814
1034.462 992.0814
1034.462 992.0814
1034.462 992.0814
1034.462 992.0814
1034.462 992.0814
1034.462 992.0814
1034.462 992.0814
1034.49 992.4805
1034.54 994.8776
1034.433 997.2736
1033.971 999.626
1033.156 1001.882
1032.059 1004.014
1030.633 1005.941
1028.955 1007.656
1027.155 1009.243
1026.244 1010.024
1026.244 1010.024
1026.244 1010.024
1026.244 1010.024
1026.244 1010.024
1026.244 1010.024
1026.244 1010.024
1026.244 1010.024
1026.244 1010.024
1026.244 1010.024
1027.447 1008.969
1028.893 1007.587
1030.026 1006.457
1030.026 1006.457
1030.026 1006.457
1030.026 1006.457
1030.866 1005.601
1031.957 1004.43
1033.272 1002.924
1034.295 1001.693
1035.979 999.4568
1036.213 999.1326
1037.124 998.0683
1037.795 998.0662
1037.795 998.0662
1037.795 998.0662
1039.096 998.0662
1039.905 998.0662
1039.905 998.0662
1039.905 998.0662
1039.905 998.0662
1039.905 998.0662
1039.905 998.0662
1039.905 998.0662
1039.905 998.0662
1041.043 998.0682
1041.87 998.0682
1042.839 998.0043
1043.55 997.7073
1043.55 997.7073
1043.55 997.7073
1043.55 997.7073
1043.55 997.7073
1043.55 997.7073
1043.55 997.7073
1043.55 997.7073
1044.301 997.9833
1046.179 998.6732
1048.431 999.5011
1049.557 999.915
1049.557 999.915
1049.557 999.915
1049.557 999.915
1049.557 999.915
1049.557 999.915
1049.557 999.915
1050.216 998.0268
1050.791 996.1113
1051.115 994.9558
1051.115 994.9558
1051.115 994.9558
1051.324 994.1837
1051.875 991.8481
1052.268 989.4813
1052.369 987.0856
1052.149 984.6969
1051.385 981.5955
1050.393 979.4128
1049.053 977.4252
1047.45 975.6403
1045.693 974.007
1044.808 972.5834
1044.808 971.4119
1044.808 970.3826
1044.808 970.3826
1044.808 970.3826
1044.808 970.3826
1044.808 970.3826
1044.808 970.3826
1044.808 970.3826
1044.808 970.3826
1044.808 970.3826
1044.808 970.3826
1044.808 970.3826
1044.808 970.3826
1044.808 970.3826
1044.808 970.3826
1044.808 970.3826
1044.808 970.3826
1044.808 970.3826
1045.809 968.2014
1046.81 966.0201
1046.81 966.0201
1046.81 966.0201
1046.81 966.0201
1046.81 966.0201
1046.81 966.0201
1046.81 966.0201
1047.644 964.2025
1048.645 962.0212
1049.313 960.567
1049.813 959.4764
1049.813 959.4764
1049.813 959.4764
1049.813 959.4764
1049.813 959.4764
1049.813 959.4764
1049.813 959.4764
1048.717 958.9877
1047.236 958.3835
1044.948 957.6653
1044.822 957.1954
1044.822 956.7729
1044.822 956.7729
1044.822 956.7729
1044.822 956.7729
1044.822 956.7729
1044.822 956.7729
1044.822 956.7729
1045.057 955.1902
1045.409 952.8161
1045.467 952.4204
1045.702 950.8377
1045.995 948.8594
1046.23 947.2766
1046.406 946.0896
1046.406 946.0896
1046.523 945.2983
1046.816 943.3199
1047.11 941.3415
1047.461 938.9674
1047.696 937.3847
1048.048 935.0107
1048.341 933.0323
1048.635 931.0539
1048.986 928.6799
1049.28 926.7015
1049.514 925.1188
1049.749 923.5361
1050.042 921.5577
1050.16 920.7663
1050.16 920.7663
1050.16 920.7663
1050.16 920.7663
1050.16 920.7663
1050.16 920.7663
1050.16 920.7663
1050.16 920.7663
1050.16 920.7663
1050.16 920.7663
1050.16 920.7663
1050.16 920.7663
1050.16 920.7663
1050.16 920.7663
1050.16 920.7663
1050.16 920.7663
1050.16 920.7663
1050.218 920.3707
1050.57 917.9966
1050.805 916.4139
1051.157 914.0398
1051.45 912.0615
1051.743 910.0831
1052.095 907.709
1052.33 906.1263
1052.682 903.7522
1052.975 901.7739
1053.268 899.7955
1053.62 897.4214
1053.855 895.8387
1053.972 895.0474
1053.972 895.0474
1053.972 895.0474
1053.972 895.0474
1053.972 895.0474
1053.972 895.0474
1053.972 895.0474
1054.148 893.8603
1054.441 891.882
1054.734 889.9036
1054.793 889.5079
1054.793 889.5079
1054.793 889.5079
1054.793 889.5079
1054.969 888.3209
1055.321 885.9468
1055.556 884.3641
1055.556 884.3641
1055.556 884.3641
1055.556 884.3641
1055.556 884.3641
1055.556 884.3641
1053.573 884.0971
1051.981 883.942
1050.785 883.8448
1050.785 883.8448
1050.785 883.8448
1050.785 883.8448
1050.785 883.8448
1050.848 883.0473
1050.974 881.4523
1051.163 879.0598
1051.226 878.2623
1051.226 878.2623
1051.226 878.2623
1051.226 878.2623
1051.289 877.4647
1051.447 875.4709
1051.636 873.0784
1051.699 872.2809
1051.888 869.8884
1052.014 868.2933
1052.077 867.4958
1052.14 866.6983
1052.33 864.3058
1052.456 862.7108
1052.645 860.3182
1052.708 859.5207
1052.708 859.5207
1052.834 857.9257
1052.991 855.9319
1053.149 853.9381
1053.212 853.1406
1053.212 853.1406
1053.212 853.1406
1053.212 853.1406
1053.212 853.1406
1053.212 853.1406
1053.212 853.1406
1053.212 853.1406
1053.212 853.1406
1053.212 853.1406
1053.212 853.1406
1053.212 853.1406
1053.212 853.1406
1053.212 853.1406
1053.212 853.1406
1053.212 853.1406
1053.212 853.1406
1053.275 852.3431
1053.401 850.7481
1053.59 848.3555
1053.717 846.7605
1053.717 846.7605
1053.717 846.7605
1053.717 846.7605
1052.919 846.7014
1050.921 846.6082
1048.521 846.6309
1048.121 846.6421
1048.121 846.6421
1048.121 846.6421
1048.121 846.6421
1048.121 846.6421
1047.722 846.6547
1045.325 846.7769
1044.824 846.9943
1044.823 847.157
1044.823 847.157
1044.823 847.157
1044.823 847.157
1044.823 847.157
1044.823 847.157
1044.823 847.157
1044.823 847.157
1044.823 847.157
1044.823 847.157
1044.823 847.157
1044.823 847.157
1044.823 847.157
1044.823 847.157
1044.823 847.157
1044.823 847.157
1044.823 847.157
1044.823 847.157
1044.823 847.157
1044.823 847.157
1044.823 847.157
1044.823 847.157
1044.823 847.157
1044.823 847.157
1044.823 847.157
1044.823 847.157
1044.823 847.157
1044.823 847.157
1044.823 847.157
1044.823 847.157
1044.823 847.157
1044.823 847.157
1044.823 847.157
1044.823 847.157
1044.823 847.157
1044.823 847.157
1044.823 847.157
1044.823 847.157
1044.823 847.157
1044.823 847.157
1044.823 847.157
1044.823 847.157
1044.823 847.157
1044.823 847.157
1044.823 847.157
1044.823 847.157
1044.823 847.157
1044.823 847.157
1044.823 847.157
1044.823 847.157
1044.823 847.157
1044.755 846.3649
1044.587 843.9883
1044.364 842.4039
1044.028 840.0275
1043.861 838.8392
1043.861 838.8392
1043.861 838.8392
1043.861 838.8392
1043.069 838.9553
1041.492 839.224
1039.156 839.7719
1036.851 840.4391
1034.602 840.572
1033.493 840.572
1033.493 840.572
1033.493 840.572
1033.493 840.572
1033.493 840.572
1033.493 840.572
1033.493 840.572
1033.493 840.572
1033.493 840.572
1033.493 840.572
1033.493 840.572
1033.493 840.572
1033.493 840.572
1033.493 840.572
1033.493 840.572
1032.025 840.572
1030.221 840.572
1029.149 840.572
1029.149 840.572
1029.149 840.572
1029.149 840.572
1029.149 840.572
1029.149 840.572
1029.149 840.572
1028.438 840.572
1026.685 840.572
1024.958 840.572
1024.958 840.572
1024.958 840.572
1024.958 840.572
1024.958 840.572
1024.958 840.572
1024.958 840.572
1024.958 840.572
1024.958 840.572
1024.958 840.572
1024.958 840.572
1024.958 840.572
1024.958 840.572
1024.958 840.572
1023.929 840.572
1022.253 840.572
1019.994 840.572
1019.994 840.572
1019.994 840.572
1019.994 840.572
1019.994 840.572
1019.994 840.572
1019.994 840.572
1019.994 840.572
1019.994 840.572
1019.994 840.572
1019.994 840.572
1019.358 840.5717
1017.802 840.5717
1016.322 840.5717
1014.874 840.5717
1014.874 840.5717
1014.874 840.5717
1014.015 840.5717
1012.637 840.5717
1010.831 840.5717
1010.831 840.5717
1010.831 840.5717
1010.831 840.5717
1010.831 840.5717
1009.835 840.5717
1008.662 840.5717
1007.353 840.5717
1007.353 840.5717
1007.353 840.5717
1007.353 840.5717
1007.353 840.5717
1006.312 840.5717
1005.152 840.5717
1004.963 840.5717
1004.963 840.5717
1004.963 840.5717
1004.963 840.5717
1004.963 840.5717
1004.963 840.5717
1004.963 840.5717
1004.963 840.5717
1004.963 840.5717
1004.963 840.5717
1004.222 840.5717
1003.382 840.5717
1002.492 840.5717
1002.492 840.5717
1002.492 840.5717
1002.492 840.5717
1002.492 840.5717
1002.492 840.5717
1002.492 840.5717
1002.492 840.5717
1002.492 840.5717
1002.492 840.5717
1002.492 840.5717
1002.492 840.5717
1002.492 840.5717
1002.492 840.5717
1002.492 840.5717
1002.492 840.5717
1002.492 840.5717
1002.492 840.5717
1002.492 840.5717
1002.492 840.5717
1002.492 840.5717
1002.492 840.5717
1002.492 840.5717
1002.492 840.5717
1002.492 840.5717
1002.492 840.5717
1002.492 840.5717
1002.492 840.5717
1002.492 840.5717
1002.492 840.5717
1002.492 840.5717
1002.492 840.5717
1002.492 840.5717
1002.492 840.5717
1002.492 840.5717
1002.492 840.5717
1002.492 840.5717
1002.492 840.5717
1002.492 840.5717
1002.492 840.5717
1002.492 840.5717
1002.492 840.5717
1002.492 840.5717
1002.492 840.5717
1002.492 840.5717
1002.492 840.5717
1002.492 840.5717
1002.492 840.5717
1002.492 840.5717
1002.492 840.5717
1002.492 840.5717
1002.492 840.5717
1002.492 840.5717
1000.998 839.999
999.1306 839.2831
997.2631 838.5671
995.3956 837.8513
995.3956 837.8513
995.3956 837.8513
995.3956 837.8513
995.3956 837.8513
995.3956 837.8513
995.3956 837.8513
995.3956 837.8513
995.3956 837.8513
995.3956 837.8513
994.2751 837.4217
992.0341 836.5626
990.5402 835.9899
989.4197 835.5604
989.4197 835.5604
989.4197 835.5604
989.4197 835.5604
989.4197 835.5604
989.4197 835.5604
989.4197 835.5604
989.4197 835.5604
989.4197 835.5604
989.4197 835.5604
989.4197 835.5604
989.4197 835.5604
989.4197 835.5604
989.4197 835.5604
989.4197 835.5604
989.4197 835.5604
989.4197 835.5604
989.4197 835.5604
989.4197 835.5604
989.4197 835.5604
989.4197 835.5604
989.4197 835.5604
989.4197 835.5604
989.4197 835.5604
989.4197 835.5604
989.4197 835.5604
989.4197 835.5604
989.4197 835.5604
989.4197 835.5604
989.4197 835.5604
989.4197 835.5604
989.4197 835.5604
987.5522 834.8445
985.6847 834.1285
983.8172 833.4127
982.6967 832.9831
981.2028 832.4104
978.9618 831.5513
977.4678 830.9786
977.4678 830.9786
977.4678 830.9786
977.4678 830.9786
977.4678 830.9786
977.4678 830.9786
976.9108 832.4785
976.1915 834.7675
975.6289 837.1004
975.6289 837.1004
975.6289 837.1004
975.6289 837.1004
975.6289 837.1004
975.6289 837.1004
975.6289 837.1004
975.6289 837.1004
975.6289 837.1004
975.6289 837.1004
975.6289 837.1004
975.6289 837.1004
975.6289 837.1004
975.2386 837.0128
972.8969 836.4871
971.3358 836.1365
971.3358 836.1365
971.3358 836.1365
971.3358 836.1365
971.3358 836.1365
971.3358 836.1365
971.3358 836.1365
971.3358 836.1365
971.3358 836.1365
971.3358 836.1365
971.3358 836.1365
971.3358 836.1365
971.3358 836.1365
971.3358 836.1365
971.3358 836.1365
971.3358 836.1365
971.3358 836.1365
970.9455 836.049
968.6038 835.5232
967.0426 835.1727
965.0912 834.7346
965.0912 834.7346
965.0912 834.7346
965.0912 834.7346
965.0912 834.7346
965.0912 834.7346
965.0912 834.7346
965.0912 834.7346
963.53 834.3842
961.5786 833.946
959.6272 833.5079
959.6272 833.5079
959.6272 833.5079
959.6272 833.5079
959.6272 833.5079
959.6272 833.5079
959.6272 833.5079
959.6272 833.5079
959.2192 835.4658
958.8746 837.8401
958.6786 840.232
958.591 840.9686
958.591 840.9686
958.591 840.9686
958.591 840.9686
958.591 840.9686
958.591 840.9686
958.591 840.9686
958.591 840.9686
958.591 840.9686
958.591 840.9686
958.591 840.9686
958.591 840.9686
958.591 840.9686
958.591 840.9686
958.591 840.9686
958.591 840.9686
958.591 840.9686
958.591 840.9686
958.591 840.9686
958.591 840.9686
958.591 840.9686
958.591 840.9686
958.591 840.9686
958.591 840.9686
958.591 840.9686
958.591 840.9686
958.591 840.9686
958.591 840.9686
958.591 840.9686
958.591 840.9686
958.591 840.9686
956.9949 840.8577
955.3987 840.7468
953.0045 840.5804
952.6055 840.5527
952.6055 840.5527
952.6055 840.5527
952.6055 840.5527
952.6055 840.5527
952.6055 840.5527
952.6055 840.5527
952.6055 840.5527
952.6055 840.5527
952.6055 840.5527
952.6055 840.5527
952.6055 840.5527
952.6055 840.5527
952.6055 840.5527
952.6055 840.5527
952.6055 840.5527
952.6055 840.5527
952.6055 840.5527
952.6055 840.5527
952.6055 840.5527
952.6055 840.5527
952.6055 840.5527
952.6055 840.5527
952.6055 840.5527
952.5542 841.351
952.4794 843.3494
952.5406 845.7483
952.6097 846.9463
952.6097 846.9463
952.6351 847.3455
952.857 849.7349
953.227 852.106
953.2958 852.5
953.2958 852.5
953.2958 852.5
953.2958 852.5
953.2958 852.5
953.2958 852.5
953.2958 852.5
953.4382 853.2872
953.9524 855.631
954.3157 857.9131
954.3157 860.1314
954.3157 860.8636
954.3157 860.8636
954.3157 860.8636
954.3157 860.8636
954.3157 860.8636
954.3157 860.8636
954.3157 860.8636
954.3157 860.8636
954.3157 860.8636
954.3157 860.8636
954.3157 860.8636
954.3157 860.8636
954.3157 860.8636
954.3157 860.8636
954.3157 861.5936
954.3157 863.3943
954.3157 865.4952
954.3157 866.188
954.3157 866.188
954.3157 866.188
954.3157 866.188
954.3157 866.188
952.9314 866.9902
951.2009 867.9929
949.1243 869.1962
948.4321 869.5972
948.4321 869.5972
948.4321 869.5972
949.4608 871.3123
950.8076 873.2982
951.7599 874.5839
951.7599 874.5839
951.7599 874.5839
951.7599 874.5839
951.7599 874.5839
951.7599 874.5839
951.7599 874.5839
951.7599 874.5839
951.7599 874.5839
952.001 874.9031
953.2392 876.4735
954.2867 878.508
954.2867 879.7674
954.2867 881.1057
954.2867 882.3569
954.2867 882.3569
954.2867 882.3569
954.2867 882.3569
954.2867 882.3569
954.2867 882.3569
954.2867 882.3569
954.2867 882.3569
954.2867 882.3569
954.2867 882.3569
954.2867 882.3569
954.2867 882.3569
954.2867 882.3569
954.2867 882.5632
954.2867 883.5592
954.2867 884.4553
954.2867 885.1301
954.2867 885.1301
954.2867 885.1301
954.2867 885.1301
953.787 886.2211
952.9543 888.0395
952.1216 889.8579
951.7885 890.5853
951.7885 890.5853
951.7885 890.5853
951.622 890.949
950.7892 892.7673
949.9565 894.5858
949.79 894.9495
949.79 894.9495
950.8853 895.4398
952.7372 896.1942
954.2641 896.8821
954.2641 897.3469
954.2641 897.5867
954.2641 897.6862
954.2641 897.7834
954.2641 897.7429
954.2641 897.7012
954.2641 897.7012
954.2641 897.7012
954.2641 897.7012
954.2641 897.7012
954.2641 897.7012
954.2641 897.7012
954.2641 897.7012
954.2641 897.7012
954.2641 897.7012
952.6646 897.7418
950.6652 897.709
948.6685 897.5947
948.6685 897.5947
947.0734 897.4706
944.692 897.1764
942.3341 896.7297
941.1586 896.4884
941.1586 896.4884
941.1586 896.4884
941.1586 896.4884
941.1586 896.4884
941.1586 896.4884
941.1586 896.4884
941.1586 896.4884
941.1586 896.4884
940.8368 898.0557
940.3541 900.4067
939.9518 902.3658
939.791 903.1494
939.791 903.1494
939.791 903.1494
939.791 903.1494
939.791 903.1494
939.791 903.1494
939.791 903.1494
939.791 903.1494
939.791 903.1494
939.791 903.1494
939.791 903.1494
939.791 903.1494
939.791 903.1494
939.791 903.1494
939.791 903.1494
939.791 903.1494
939.791 903.1494
941.3618 903.4534
942.942 903.7035
945.321 904.0192
948.5121 904.252
949.3112 904.2906
949.3112 904.2906
949.3112 904.2906
949.3112 904.2906
949.3112 904.2906
949.3112 904.2906
949.3112 904.2906
949.3112 904.2906
949.3112 904.2906
949.3112 904.2906
949.2733 905.0897
949.1974 906.6879
949.1216 908.2861
949.1216 908.2861
949.1216 908.2861
949.1216 908.2861
949.1216 908.2861
949.1216 908.2861
949.1216 908.2861
949.1027 908.6857
949.0079 910.6834
948.9131 912.6812
948.7993 915.0785
948.7993 915.0785
948.7993 915.0785
948.7614 915.8776
948.6476 918.2748
948.5529 920.2726
948.477 921.8708
948.477 921.8708
948.4391 922.6699
948.3253 925.0672
948.2305 927.065
948.2305 927.065
948.2305 927.065
948.1547 928.6631
948.0599 930.6609
947.9462 933.0582
947.8893 934.2569
947.8893 934.2569
947.8893 934.2569
947.8893 934.2569
947.8893 934.2569
947.8893 934.2569
947.8893 934.2569
947.8893 934.2569
947.8893 934.2569
947.8893 934.2569
947.8893 934.2569
947.8893 934.2569
947.8893 934.2569
947.8893 934.2569
947.8893 934.2569
947.8893 934.2569
947.8893 934.2569
947.8893 934.2569
947.8893 934.2569
947.8893 934.2569
947.8893 934.2569
947.8893 934.2569
947.8893 934.2569
947.8893 934.2569
947.8893 934.2569
947.8893 934.2569
947.8893 934.2569
947.8893 934.2569
947.8893 934.2569
947.8893 934.2569
947.8893 934.2569
947.8893 934.2569
947.8893 934.2569
947.8893 934.2569
947.8893 934.2569
947.8893 934.2569
947.8893 934.2569
947.8893 934.2569
947.8893 934.2569
947.8893 934.2569
947.8893 934.2569
947.8893 934.2569
947.8893 934.2569
947.8893 934.2569
947.8893 934.2569
947.8893 934.2569
947.7755 936.6542
947.6617 939.0515
947.5859 940.6497
947.5859 940.6497
947.5859 940.6497
947.5859 940.6497
947.5859 940.6497
947.5859 940.6497
947.5859 940.6497
947.5859 940.6497
947.5859 940.6497
947.5859 940.6497
947.5859 940.6497
947.5859 940.6497
947.5859 940.6497
947.5859 940.6497
947.5859 940.6497
947.5859 940.6497
947.5859 940.6497
947.5859 940.6497
947.567 941.0493
947.4722 943.047
947.3774 945.0447
947.2636 947.4421
947.2636 947.4421
947.2636 947.4421
947.2257 948.2411
947.1309 950.2389
947.0361 952.2366
946.9603 953.8348
946.9603 953.8348
946.9603 953.8348
946.9603 953.8348
946.9603 953.8348
946.9603 953.8348
946.9603 953.8348
946.9603 953.8348
946.9224 954.634
946.8276 956.6317
946.7328 958.6295
946.619 961.0267
946.5432 962.6249
946.4863 963.8236
946.3726 966.2209
946.3347 967.02
946.3157 967.4196
946.2209 969.4173
946.1261 971.4151
946.1261 971.4151
946.1261 971.4151
946.1261 971.4151
946.1261 971.4151
946.1261 971.4151
946.1261 971.4151
946.1261 971.4151
946.1261 971.4151
946.1261 971.4151
946.1261 971.4151
946.1261 971.4151
946.1261 971.4151
946.1261 971.4151
946.1261 971.4151
946.1261 971.4151
946.1261 971.4151
946.1261 971.4151
946.1261 971.4151
946.1261 971.4151
946.1261 971.4151
946.1261 971.4151
946.1261 971.4151
946.1261 971.4151
946.1261 971.4151
946.1261 971.4151
946.1261 971.4151
946.1261 971.4151
946.1261 971.4151
946.1261 971.4151
946.1261 971.4151
946.1261 971.4151
946.1261 971.4151
946.1261 971.4151
946.1261 971.4151
946.1261 971.4151
946.1261 971.4151
946.1261 971.4151
946.1261 971.4151
946.1261 971.4151
946.1261 971.4151
946.1261 971.4151
946.1261 971.4151
946.1261 971.4151
946.1261 971.4151
946.1261 971.4151
946.1261 971.4151
946.1261 971.4151
946.0123 973.8124
945.9175 975.8101
945.8228 977.8079
945.7469 979.4061
945.7469 979.4061
945.7469 979.4061
945.7469 979.4061
945.7469 979.4061
945.7469 979.4061
945.7469 979.4061
945.7469 979.4061
945.7469 979.4061
945.7469 979.4061
945.7469 979.4061
945.7469 979.4061
945.7469 979.4061
945.7469 979.4061
945.7469 979.4061
945.7469 979.4061
945.7469 979.4061
945.7469 979.4061
945.7469 979.4061
945.7469 979.4061
945.7469 979.4061
945.7469 979.4061
945.7469 979.4061
945.7469 979.4061
945.7469 979.4061
945.7469 979.4061
945.7469 979.4061
945.7469 979.4061
945.7469 979.4061
945.7469 979.4061
945.7469 979.4061
945.7469 979.4061
945.7469 979.4061
945.7469 979.4061
945.7469 979.4061
945.7469 979.4061
945.7469 979.4061
945.7469 979.4061
945.7469 979.4061
945.7469 979.4061
945.7469 979.4061
945.7469 979.4061
945.7469 979.4061
945.7469 979.4061
945.7469 979.4061
945.7469 979.4061
945.7469 979.4061
945.7469 979.4061
945.7469 979.4061
945.7469 979.4061
945.7469 979.4061
945.7469 979.4061
945.709 980.2052
945.6142 982.2029
945.5004 984.6002
945.4246 986.1984
945.3298 988.1962
945.2919 988.9953
945.1971 990.993
945.0834 993.3903
945.0265 994.589
945.0075 994.9885
944.8937 997.3859
944.799 999.3836
944.7231 1000.982
944.7231 1000.982
944.7231 1000.982
944.7231 1000.982
944.7231 1000.982
944.7231 1000.982
944.7231 1000.982
944.6852 1001.781
944.5715 1004.178
944.4577 1006.576
944.3819 1008.174
944.3439 1008.973
944.3439 1008.973
944.3439 1008.973
944.2302 1011.37
944.1354 1013.368
944.0406 1015.366
944.0027 1016.165
944.0027 1016.165
944.0027 1016.165
944.0027 1016.165
944.0027 1016.165
944.0027 1016.165
944.0027 1016.165
944.0027 1016.165
944.0027 1016.165
944.0027 1016.165
943.9458 1017.363
943.851 1019.361
943.7562 1021.359
943.6425 1023.756
943.6235 1024.156
943.6235 1024.156
943.6235 1024.156
943.6235 1024.156
943.6235 1024.156
943.6235 1024.156
943.6235 1024.156
943.6235 1024.156
943.6235 1024.156
943.6235 1024.156
943.5477 1025.754
943.4529 1027.752
943.3581 1029.749
943.2822 1031.348
943.2822 1031.348
943.2822 1031.348
943.2822 1031.348
943.2822 1031.348
943.2822 1031.348
943.2822 1031.348
943.2822 1031.348
943.2822 1031.348
943.2822 1031.348
943.2822 1031.348
943.2822 1031.348
943.2822 1031.348
943.2822 1031.348
943.2822 1031.348
943.2822 1031.348
943.2822 1031.348
943.2822 1031.348
943.2822 1031.348
943.2822 1031.348
943.2822 1031.348
943.2822 1031.348
943.2822 1031.348
943.2822 1031.348
943.2822 1031.348
943.2822 1031.348
943.2822 1031.348
943.2822 1031.348
943.2822 1031.348
943.2822 1031.348
943.2822 1031.348
943.2822 1031.348
943.2822 1031.348
943.2822 1031.348
943.2822 1031.348
943.2822 1031.348
943.1874 1033.345
943.1116 1034.944
942.9979 1037.341
942.8841 1039.738
942.8462 1040.537
942.8462 1040.537
942.8462 1040.537
942.8462 1040.537
942.8462 1040.537
942.8462 1040.537
942.8462 1040.537
942.7514 1042.535
942.6755 1044.133
942.5618 1046.531
942.4481 1048.928
942.3533 1050.926
942.2774 1052.524
942.2774 1052.524
942.2774 1052.524
942.2585 1052.923
942.1637 1054.921
942.0499 1057.318
941.9551 1059.316
941.9362 1059.716
941.9362 1059.716
941.9362 1059.716
941.9362 1059.716
941.9362 1059.716
941.9362 1059.716
941.9362 1059.716
941.9362 1059.716
941.9362 1059.716
941.9362 1059.716
941.9362 1059.716
941.9362 1059.716
941.9362 1059.716
941.9362 1059.716
941.8224 1062.113
941.7276 1064.111
941.6328 1066.109
941.519 1068.506
941.4243 1070.504
941.3295 1072.501
941.3295 1072.501
941.3295 1072.501
941.3295 1072.501
941.3295 1072.501
941.3105 1072.901
941.2157 1074.899
941.1209 1076.896
941.0072 1079.294
940.8934 1081.691
940.7986 1083.689
940.7418 1084.887
940.628 1087.285
939.8641 1089.228
939.8262 1090.027
939.8262 1090.027
939.8262 1090.027
939.8262 1090.027
939.8262 1090.027
939.8262 1090.027
939.8262 1090.027
939.7693 1091.225
939.6745 1093.223
939.5607 1095.621
939.5038 1096.819
939.5038 1096.819
939.4849 1097.219
939.3712 1099.616
939.2574 1102.013
939.1815 1103.612
939.1246 1104.81
939.0109 1107.208
938.8972 1109.605
938.8593 1110.404
938.8593 1110.404
938.8403 1110.803
938.7265 1113.201
938.6128 1115.598
938.5369 1117.196
938.5369 1117.196
938.5369 1117.196
938.4421 1119.194
938.3474 1121.192
938.2336 1123.589
938.2336 1123.589
938.1198 1125.986
938.0061 1128.384
937.9302 1129.982
937.8165 1132.379
937.7217 1134.377
937.589 1137.174
937.5511 1137.973
937.5481 1139.172
937.5481 1141.569
937.5481 1143.966
937.5481 1145.564
937.5481 1147.962
937.5481 1150.359
937.5481 1151.158
937.5481 1151.158
937.5481 1152.357
937.5481 1154.354
937.5481 1157.151
937.5481 1157.151
937.5481 1157.151
937.5481 1157.151
937.5481 1157.151
937.5481 1157.151
937.5481 1157.151
937.5481 1157.151
937.5481 1157.151
937.5481 1157.151
937.5481 1157.151
937.5481 1157.151
937.5481 1157.151
937.5481 1157.151
937.5481 1157.151
937.5481 1157.151
937.5481 1157.151
937.5481 1157.151
937.5481 1157.151
937.5481 1157.151
937.5481 1157.151
937.5481 1157.024
937.5481 1156.789
937.5481 1156.193
937.5481 1156.193
937.5481 1156.193
937.5481 1156.193
937.5481 1156.193
937.5481 1156.193
937.5481 1156.193
937.5481 1156.193
937.5481 1156.193
937.5481 1156.193
937.5481 1156.193
937.5481 1158.149
937.5481 1160.497
937.5021 1161.284
937.5021 1161.284
937.5021 1161.284
937.5021 1161.284
937.336 1162.066
937.336 1162.066
937.336 1162.066
937.336 1162.066
937.336 1162.066
937.0994 1162.255
936.0166 1163.073
933.8752 1163.226
932.8057 1163.477
932.8057 1163.477
932.8057 1163.477
932.8057 1163.477
930.9984 1163.833
928.8483 1163.833
927.1006 1163.833
927.1006 1163.833
927.1006 1163.833
927.1006 1163.833
927.1006 1163.833
927.1006 1163.833
925.7213 1163.833
923.7231 1163.833
921.7869 1163.833
921.7869 1163.833
921.7869 1163.833
921.7869 1163.833
921.7869 1163.833
921.7869 1163.833
920.5157 1163.833
918.6876 1163.833
916.9941 1163.833
916.1805 1163.833
916.1805 1163.833
916.1805 1163.833
916.1805 1163.833
916.1805 1163.833
916.1805 1163.833
916.1805 1163.833
916.1805 1163.833
916.1805 1163.833
916.1805 1163.833
916.1805 1163.833
916.1805 1163.833
916.1805 1163.833
916.1805 1163.833
916.1805 1163.833
916.1805 1163.833
916.1805 1163.833
914.8622 1163.833
913.642 1163.833
912.1054 1163.833
912.1054 1163.833
912.1054 1163.833
911.4268 1164.257
909.3909 1165.528
908.0336 1166.375
908.0336 1166.375
908.0336 1166.375
908.0336 1166.375
908.0336 1166.375
908.0336 1166.375
908.0336 1166.375
908.0336 1166.375
906.8087 1164.312
905.9044 1163.872
904.8251 1163.872
904.6812 1163.872
904.6812 1163.872
903.5615 1164.304
901.3221 1165.167
899.0827 1166.03
897.5898 1166.606
895.3504 1167.469
893.4843 1168.188
892.3646 1168.62
890.4984 1169.339
888.259 1170.202
888.259 1170.202
888.259 1170.202
888.259 1170.202
888.259 1170.202
888.259 1170.202
888.259 1170.202
887.9763 1169.454
887.2149 1167.178
886.7291 1165.239
886.315 1163.88
886.315 1163.88
885.923 1163.959
883.5707 1164.435
881.6105 1164.832
881.6105 1164.832
881.6105 1164.832
881.6105 1164.832
881.6105 1164.832
881.6105 1164.832
881.6105 1164.832
881.6105 1164.832
879.6503 1165.229
877.6901 1165.626
875.7299 1166.023
875.7299 1166.023
875.7299 1166.023
873.7697 1166.42
871.8094 1166.817
869.4572 1167.293
867.889 1167.611
865.9288 1168.008
863.9686 1168.405
862.0084 1168.802
860.8322 1169.04
860.8322 1169.04
860.8322 1169.04
859.6561 1169.278
857.3038 1169.755
855.3436 1170.151
855.3436 1170.151
855.3436 1170.151
855.3436 1170.151
855.3436 1170.151
854.5596 1170.31
852.2073 1170.787
850.6391 1171.104
848.2869 1171.58
847.1107 1171.819
847.1107 1171.819
847.1107 1171.819
847.1107 1171.819
847.1107 1171.819
847.1107 1171.819
847.1107 1171.819
847.1107 1171.819
847.1107 1171.819
847.1107 1171.819
847.1107 1171.819
847.1107 1171.819
847.1107 1171.819
847.1107 1171.819
847.1107 1171.819
847.1107 1171.819
847.1107 1171.819
847.1107 1171.819
847.1107 1171.819
847.1107 1171.819
847.1107 1171.819
847.1107 1171.819
847.1107 1171.819
847.1107 1171.819
847.1107 1171.819
847.1107 1171.819
847.1107 1171.819
847.1107 1171.819
847.1107 1171.819
847.1107 1171.819
847.1107 1171.819
847.1107 1171.819
847.1107 1171.819
847.1107 1171.819
847.1107 1171.819
847.1107 1171.819
847.1107 1171.819
847.1107 1171.819
847.1107 1171.819
847.1107 1171.819
847.1107 1171.819
847.1107 1171.819
847.1107 1171.819
847.1107 1171.819
847.1107 1171.819
846.8122 1170.247
846.4896 1167.869
846.296 1165.477
846.2694 1165.078
846.1694 1163.881
846.1955 1163.881
846.1955 1163.881
846.1955 1163.881
846.1955 1163.881
846.1955 1163.881
846.1955 1163.881
846.187 1164.281
846.2053 1166.681
846.4003 1169.072
846.5411 1170.264
846.5411 1170.264
846.6432 1171.057
846.955 1173.033
847.4748 1175.376
847.6698 1176.151
847.6698 1176.151
847.6698 1176.151
847.6698 1176.151
847.6698 1176.151
847.6698 1176.151
847.6698 1176.151
847.2107 1174.205
846.7876 1171.843
846.7249 1171.448
846.7249 1171.448
846.7249 1171.448
846.7249 1171.448
846.7249 1171.448
846.7249 1171.448
846.3298 1171.511
843.9595 1171.887
842.3794 1172.139
840.0092 1172.515
839.6141 1172.578
839.6141 1172.578
837.2439 1172.955
835.6637 1173.206
833.2935 1173.583
832.8984 1173.646
832.8984 1173.646
832.8984 1173.646
832.6191 1171.665
832.4547 1169.673
832.4764 1167.274
832.6288 1164.878
832.6288 1164.878
832.6288 1164.878
832.6288 1164.878
832.6288 1164.878
832.6288 1164.878
831.4318 1164.793
829.8358 1164.68
827.4419 1164.509
826.2449 1164.424
826.2449 1164.424
826.2449 1164.424
826.2449 1164.424
826.2449 1164.424
826.2449 1164.424
826.4152 1162.432
826.7485 1160.055
826.3763 1159.141
826.3763 1159.141
826.3763 1159.141
824.8041 1158.845
822.8387 1158.474
820.8734 1158.103
820.0872 1157.955
818.5149 1157.659
816.9426 1157.362
814.9772 1156.992
814.9772 1156.992
814.9772 1156.992
814.9772 1156.992
815.2079 1155.814
815.7549 1153.478
816.5229 1151.205
816.8305 1149.607
816.728 1149.505
816.728 1149.505
816.728 1149.505
815.6296 1149.021
813.7989 1148.216
812.7004 1147.733
812.7004 1147.733
812.7004 1147.733
812.7004 1147.733
812.7004 1147.733
812.7004 1147.733
812.7004 1147.733
812.7004 1147.733
811.9682 1147.411
810.1375 1146.605
807.9407 1145.639
806.8423 1145.156
806.8423 1145.156
806.8423 1145.156
806.8423 1145.156
806.8423 1145.156
806.8423 1145.156
807.1682 1144.425
808.0349 1142.623
808.4636 1141.118
808.132 1139.807
809.0856 1137.876
809.3541 1137.58
809.3541 1137.58
809.3541 1137.58
809.3541 1137.58
809.3541 1137.58
809.3541 1137.58
809.3541 1137.58
809.3541 1137.58
809.3541 1137.58
809.3541 1137.58
807.8721 1136.237
806.0936 1134.626
804.908 1133.551
804.908 1133.551
804.908 1133.551
804.908 1133.551
804.908 1133.551
804.908 1133.551
804.908 1133.551
805.1776 1133.256
806.5537 1131.805
808.0074 1130.431
808.9023 1130.282
808.9023 1130.282
808.9023 1130.282
807.2339 1130.154
805.7648 1128.945
804.9689 1128.047
804.9689 1128.047
804.9689 1128.047
804.9689 1128.047
804.9689 1128.047
804.9689 1128.047
804.9689 1128.047
804.9689 1128.047
804.9689 1128.047
804.9689 1128.047
804.9689 1128.047
804.9689 1128.047
805.4846 1127
805.4846 1125.763
805.4846 1124.474
805.4846 1123.336
805.4846 1122.785
804.934 1121.719
803.8328 1119.586
802.9151 1117.809
802.9151 1117.809
802.181 1116.388
801.2633 1114.611
800.5291 1113.189
800.5291 1113.189
800.5291 1113.189
800.5291 1113.189
800.5291 1113.189
800.5291 1113.189
800.5291 1113.189
801.6 1112.647
803.4168 1111.812
805.4686 1111.008
805.4686 1110.352
805.4686 1110.352
805.4686 1110.352
805.4686 1110.352
805.4686 1110.352
805.4686 1110.352
805.4686 1110.352
805.4686 1110.352
805.4686 1110.352
805.4686 1110.352
805.4686 1110.352
805.4686 1110.352
805.4686 1110.352
805.4686 1110.352
805.0503 1108.807
804.4229 1106.491
804.0046 1104.947
803.7955 1104.174
803.7955 1104.174
803.2726 1102.244
802.6453 1099.927
802.3316 1098.769
802.3316 1098.769
802.3316 1098.769
802.3316 1098.769
802.3316 1098.769
801.9133 1097.225
801.4951 1095.68
800.8677 1093.364
800.6586 1092.592
800.6586 1092.592
800.6586 1092.592
800.6586 1092.592
800.6586 1092.592
800.6586 1092.592
800.6586 1092.592
800.2403 1091.047
799.822 1089.503
799.1946 1087.186
798.9855 1086.414
798.9855 1086.414
798.9855 1086.414
798.9855 1086.414
798.7764 1085.642
798.2535 1083.712
797.7307 1081.781
797.2079 1079.851
796.9988 1079.078
796.9988 1079.078
796.9988 1079.078
796.9988 1079.078
799.3265 1078.495
801.6844 1078.049
802.8701 1077.864
802.8701 1077.864
802.8701 1077.864
802.5688 1075.887
802.2677 1073.909
801.9666 1071.932
801.9666 1071.932
801.9666 1071.932
801.9666 1071.932
801.9666 1071.932
801.9063 1071.537
801.6052 1069.56
801.304 1067.582
801.0029 1065.605
801.0029 1065.605
801.0029 1065.605
801.0029 1065.605
800.6415 1063.233
800.4005 1061.651
800.0391 1059.278
799.8585 1058.092
799.8585 1058.092
799.8585 1058.092
799.5573 1056.115
799.1959 1053.742
798.955 1052.16
798.955 1052.16
798.955 1052.16
798.955 1052.16
798.7141 1050.578
798.4128 1048.601
798.1117 1046.624
797.8105 1044.647
797.5696 1043.065
797.3287 1041.483
796.9673 1039.111
796.7264 1037.529
796.365 1035.156
796.365 1035.156
796.365 1035.156
796.365 1035.156
797.5527 1034.985
799.5405 1034.768
801.939 1034.711
804.3374 1034.798
804.3374 1034.798
804.3374 1034.798
804.3934 1033.599
804.4867 1031.601
804.58 1029.603
804.636 1028.405
804.636 1028.405
804.636 1028.405
804.636 1028.405
804.6733 1027.605
804.748 1026.007
804.86 1023.61
804.8973 1022.811
804.8973 1022.811
804.8973 1022.811
804.8973 1022.811
804.8973 1022.811
804.9532 1021.612
805.0466 1019.614
805.1399 1017.616
805.2332 1015.618
805.3265 1013.621
805.4385 1011.223
805.5132 1009.625
805.5411 1008.027
805.5411 1008.027
805.5411 1005.629
805.5411 1004.031
805.5411 1001.634
805.5411 1000.035
805.5411 1000.035
805.5411 1000.035
805.5411 1000.035
805.5411 1000.035
805.5411 998.4372
805.5411 996.4394
805.5411 994.4416
805.5411 993.2429
805.5411 993.2429
805.5411 993.2429
805.5411 993.2429
805.5411 991.6447
805.5411 989.6468
805.5411 987.649
805.5411 985.6512
805.5411 985.2516
805.5411 985.2516
805.5411 983.6533
805.5411 981.6555
805.5411 979.6577
805.5411 978.459
805.5411 978.459
805.5412 976.8608
805.5412 974.8629
805.5412 972.8651
805.5412 970.8673
805.5412 970.8673
805.5412 970.8673
805.5412 970.8673
805.5412 970.8673
805.5412 968.8694
805.5411 966.8716
805.5411 964.8738
805.5411 962.876
805.5411 961.2777
805.5411 960.4786
805.5411 958.4808
805.5411 956.483
805.5411 954.4852
805.5411 953.2864
805.5411 952.8869
805.5411 950.889
805.5411 948.8912
805.5411 947.293
805.5411 946.4938
805.5411 946.4938
805.5411 944.496
805.5411 942.4982
805.5411 940.5004
805.5411 939.3017
805.5411 939.3017
805.5411 938.5026
805.5411 935.7056
805.5411 934.1074
805.5411 932.1096
805.5411 931.3104
805.5411 929.7122
805.5411 927.3148
805.5411 925.7165
805.5411 924.9174
805.5411 924.1182
805.5411 921.7209
805.5411 920.1226
805.5411 919.3235
805.5411 919.3235
805.5411 917.3257
805.5411 915.3278
805.5411 913.33
805.5411 912.9305
805.5411 912.9305
805.5411 911.3322
805.5411 909.3344
805.5411 907.3365
805.5411 905.3387
805.5411 904.14
805.5411 901.7427
805.5411 900.1444
805.5411 897.747
805.5411 897.3475
805.5411 897.3475
805.5411 895.7492
805.5411 894.1509
805.5411 891.7535
805.5411 891.354
805.5411 891.354
805.5411 891.354
805.5411 891.354
805.5411 890.1553
805.5411 887.7579
805.5411 886.1597
805.5971 883.7623
805.6531 882.5635
805.7091 881.3649
805.8211 878.9675
805.8958 877.3692
806.0078 874.9719
806.0078 874.9719
806.0078 874.9719
806.0078 874.9719
806.0078 874.9719
806.0078 874.9719
806.0078 874.9719
806.0078 874.9719
806.0078 874.9719
806.0078 874.9719
806.0078 874.9719
806.0078 874.9719
806.0078 874.9719
806.0078 874.9719
806.0078 874.9719
806.0078 874.9719
806.0078 874.9719
806.045 874.1727
806.157 871.7753
806.2317 870.1771
806.2877 868.9784
806.2877 868.9784
806.2877 868.9784
806.2877 868.9784
808.2839 869.0992
810.2714 869.3195
812.2468 869.6324
812.2468 869.6324
812.2468 869.6324
812.2468 869.6324
812.2468 869.6324
812.2468 869.6324
812.158 867.5261
812.3159 865.2034
812.5814 863.6256
812.6478 863.2311
813.0459 860.8644
813.3113 859.2866
813.7095 856.9198
814.1702 856.5925
816.1332 856.9747
818.4587 857.5667
819.6135 857.8932
820.6356 857.0936
821.181 856.5482
821.6997 856.0295
822.0084 855.7208
822.0084 855.7208
822.0084 855.7208
822.0084 855.7208
822.7947 854.3274
823.7776 852.5856
824.7606 850.8438
825.9401 848.7537
826.7264 847.3602
827.7093 845.6184
828.6923 843.8766
829.8718 841.7865
830.6581 840.393
831.6976 840.9926
833.7163 842.2893
835.6459 842.5517
835.9628 842.5517
835.9628 842.5517
836.2788 842.5517
838.1354 842.5517
839.9137 842.5517
839.9137 842.5517
841.3555 842.5517
842.9799 842.5517
844.4982 842.5517
844.7483 842.5517
844.7483 842.5517
845.0605 842.3016
846.9338 840.8014
848.4949 839.5512
849.1193 839.0511
849.1193 839.0511
849.1193 839.0511
850.056 838.301
851.617 837.0508
852.8659 836.0506
852.8659 836.0506
852.8659 836.0506
853.6048 836.9961
854.9984 838.9495
856.0888 840.626
856.0888 840.626
856.0888 840.626
856.0888 840.626
856.5175 841.3015
857.5369 842.5293
858.6143 842.5293
859.1171 842.5293
859.1171 842.5293
859.1171 842.5293
859.1171 842.5293
859.1171 842.5293
859.1171 842.5293
859.1171 842.5293
859.1171 842.5293
859.8452 842.1978
862.0294 841.2032
863.4856 840.5402
865.6699 839.5457
867.8541 838.5511
870.0383 837.5566
871.4944 836.8936
871.4944 836.8936
873.3147 836.0648
874.7708 835.4017
876.9551 834.4072
877.3191 834.2415
877.3191 834.2415
877.9662 835.7048
878.8215 837.9465
879.5579 840.2307
879.5579 840.2307
879.5579 840.2307
880.1185 842.1504
880.6799 842.5212
880.8583 842.5212
880.8583 842.5212
880.8583 842.5212
880.8583 842.5212
880.8583 842.5212
880.8583 842.5212
880.8583 842.5212
882.4182 842.165
884.368 841.7198
885.1479 841.5418
885.1479 841.5418
885.1479 841.5418
886.3179 841.2747
888.2677 840.8295
890.2175 840.3843
890.9974 840.2063
892.9473 839.7611
894.8971 839.3159
895.677 839.1379
897.6268 838.6927
899.5767 838.2475
900.3566 838.0695
902.3064 837.6243
904.2562 837.1791
906.596 836.6449
908.1559 836.2888
910.4957 835.7545
912.4455 835.3094
912.4455 835.3094
912.4455 835.3094
912.4455 835.3094
912.4455 835.3094
912.4455 835.3094
912.4455 835.3094
912.4455 835.3094
912.4455 835.3094
912.4455 835.3094
912.4455 835.3094
912.4455 835.3094
912.4455 835.3094
912.4455 835.3094
912.4455 835.3094
912.4455 835.3094
912.4455 835.3094
912.4455 835.3094
912.4455 835.3094
912.4455 835.3094
912.4455 835.3094
912.4455 835.3094
912.4455 835.3094
912.4455 835.3094
912.4455 835.3094
912.4455 835.3094
912.4455 835.3094
912.4455 835.3094
912.4455 835.3094
912.4455 835.3094
912.4455 835.3094
912.4455 835.3094
912.4455 835.3094
912.4455 835.3094
912.4455 835.3094
912.4455 835.3094
912.4455 835.3094
912.4455 835.3094
912.4455 835.3094
912.4455 835.3094
912.4455 835.3094
912.4455 835.3094
912.4455 835.3094
912.4455 835.3094
912.4455 835.3094
912.4455 835.3094
912.4455 835.3094
912.4455 835.3094
912.4455 835.3094
912.4455 835.3094
912.4455 835.3094
912.4455 835.3094
912.4455 835.3094
912.4455 835.3094
912.4455 835.3094
912.4455 835.3094
912.4455 835.3094
912.4455 835.3094
912.4455 835.3094
912.4455 835.3094
912.4455 835.3094
912.4455 835.3094
912.4455 835.3094
912.4455 835.3094
912.4455 835.3094
912.4455 835.3094
912.4455 835.3094
912.4455 835.3094
912.4455 835.3094
912.4455 835.3094
912.4455 835.3094
912.4455 835.3094
912.4455 835.3094
912.4455 835.3094
912.4455 835.3094
912.4455 835.3094
912.4455 835.3094
912.4455 835.3094
912.4455 835.3094
912.4455 835.3094
912.4455 835.3094
912.4455 835.3094
912.4455 835.3094
912.4455 835.3094
912.4455 835.3094
912.4455 835.3094
912.4455 835.3094
912.4455 835.3094
912.4455 835.3094
912.4455 835.3094
912.4455 835.3094
912.4455 835.3094
912.4455 835.3094
912.4455 835.3094
912.4455 835.3094
912.4455 835.3094
912.4455 835.3094
912.4455 835.3094
912.4455 835.3094
914.3953 834.8642
916.3452 834.419
918.6849 833.8848
920.2448 833.5287
922.1946 833.0835
922.1946 833.0835
922.1946 833.0835
922.1946 833.0835
922.9745 832.9055
924.9244 832.4603
927.2642 831.926
927.2642 831.926
927.2642 831.926
927.2642 831.926
927.2642 831.926
927.2642 831.926
927.2642 831.926
927.2642 831.926
927.2642 831.926
927.2642 831.926
927.2642 831.926
927.2642 831.926
926.8742 832.0151
924.9244 832.4603
923.3646 832.8164
923.3646 832.8164
923.3646 832.8164
923.3646 832.8164
923.3646 832.8164
923.3646 832.8164
923.3646 832.8164
923.3646 832.8164
923.3646 832.8164
923.3646 832.8164
923.3646 832.8164
923.3646 832.8164
923.3646 832.8164
923.3646 832.8164
923.3646 832.8164
923.3646 832.8164
923.3646 832.8164
923.3646 832.8164
925.3143 832.3712
927.6542 831.837
929.214 831.4809
930.3839 831.2137
930.3839 831.2137
930.3839 831.2137
930.3839 831.2137
930.3839 831.2137
930.6415 832.3858
931.0589 834.7486
931.3182 837.1343
931.3893 837.9312
931.3893 837.9312
931.3893 837.9312
931.3893 837.9312
931.3893 837.9312
931.3893 837.9312
931.3893 837.9312
931.3893 837.9312
931.3893 837.9312
931.3893 837.9312
931.3893 837.9312
931.7878 837.8962
934.1786 837.6865
935.7725 837.5467
937.7648 837.3719
937.7648 837.3719
937.7648 837.3719
937.7648 837.3719
937.7648 837.3719
937.7648 837.3719
937.7648 837.3719
937.7648 837.3719
935.7725 837.5467
933.3817 837.7564
931.3893 837.9312
928.9985 838.1409
928.9985 838.1409
928.9985 838.1409
928.9985 838.1409
928.9985 838.1409
928.9985 838.1409
928.9985 838.1409
928.5793 838.4537
927.6947 839.3057
927.2866 841.5525
927.2866 841.5525
927.2866 841.5525
927.2866 841.5525
927.2866 841.5525
927.1817 842.5189
926.9517 842.5194
926.533 842.52
926.533 842.52
926.533 842.52
926.533 842.52
926.533 842.52
926.533 842.52
926.533 842.52
926.533 842.52
926.533 842.52
927.2614 842.5834
927.2614 842.5834
927.2614 842.5834
927.2614 842.5834
927.2614 842.5834
927.2614 842.5834
927.2614 842.5834
927.2614 842.5834
927.2614 842.5834
927.2614 842.5834
927.2614 842.5834
927.2614 842.5834
927.2614 842.5834
927.2614 842.5834
927.2614 842.5834
927.2614 842.5834
927.2614 842.5834
927.2614 842.5834
927.2614 842.5834
927.2614 842.5834
927.2614 842.5834
927.2614 842.5834
927.2614 842.5834
927.2614 842.5834
927.2614 842.5834
927.2614 842.5834
927.2614 842.5834
927.2614 842.5834
927.2614 842.5834
927.2614 842.5834
927.2614 842.5834
927.2614 842.5834
925.6905 842.2799
924.1195 841.9764
921.7631 841.5212
919.7994 841.1418
917.8358 840.7625
915.4793 840.3072
915.4793 840.3072
915.4793 840.3072
915.4793 840.3072
915.4793 840.3072
915.4793 840.3072
915.4793 840.3072
916.6575 840.5348
918.6212 840.9142
920.5849 841.2935
922.9413 841.7488
924.5123 842.0523
924.5123 842.0523
924.5123 842.0523
924.5123 842.0523
924.5123 842.0523
924.5123 842.0523
924.5123 842.0523
924.5123 842.0523
924.5123 842.0523
924.5123 842.0523
924.5123 842.0523
924.5123 842.0523
924.5123 842.0523
924.5123 842.0523
924.0098 842.5207
923.3151 842.5233
922.5541 842.5254
921.5432 842.5262
921.5432 842.5262
921.5432 842.5262
921.5432 842.5262
921.5432 842.5262
921.5432 842.5262
921.5432 842.5262
921.5432 842.5262
921.5432 842.5262
921.5432 842.5262
921.5432 842.5262
921.5432 842.5262
920.6635 842.5272
919.8979 842.5292
918.3358 842.5343
916.8611 842.5361
916.8611 842.5361
916.8611 842.5361
916.8611 842.5361
916.8611 842.5361
916.8611 842.5361
916.8611 842.5361
916.8611 842.5361
916.8611 842.5361
917.4861 842.5486
919.3613 842.5486
920.9239 842.5486
921.8615 842.5486
923.1115 842.5486
924.6741 842.5486
926.2368 842.5486
926.2368 842.5486
926.8618 842.5486
927.2615 842.5486
927.2615 842.5486
927.2615 842.5486
927.2615 842.5486
927.2615 842.5486
927.2615 842.5486
927.2615 842.5486
927.2615 842.5486
927.2615 842.5486
927.2615 842.5486
927.2615 842.5486
927.2615 842.5486
927.2615 842.5486
927.2615 842.5486
927.2615 842.5486
927.2615 842.5486
927.2615 842.5486
927.2615 842.5486
927.2615 842.5486
927.2615 842.5486
927.2615 842.5486
927.2615 842.5486
927.2615 842.5486
927.2615 842.5486
927.2615 842.5486
927.2791 841.7998
927.465 839.8105
928.6206 837.7118
929.4685 835.4695
929.9307 833.1172
930.0142 830.7205
929.8384 828.3276
929.5413 825.9462
928.9426 823.2133
928.1629 821.8763
927.1328 821.8757
927.1328 821.8757
927.1328 821.8757
927.1328 821.8757
927.1328 821.8757
927.1328 821.8757
927.1328 821.8757
927.1328 821.8757
927.8518 823.7419
928.5806 826.028
929.2192 828.3414
929.2192 828.3414
929.2192 828.3414
929.2192 828.3414
929.2192 828.3414
929.3234 828.7277
929.8763 831.0627
930.288 833.427
930.4139 834.217
930.4139 834.217
930.4139 834.217
930.4139 834.217
930.4139 834.217
930.4139 834.217
930.4139 834.217
930.4139 834.217
930.4139 834.217
930.4139 834.217
930.4139 834.217
930.4139 834.217
930.4139 834.217
930.4139 834.217
930.4139 834.217
930.4139 834.217
930.4139 834.217
930.4139 834.217
930.4139 834.217
930.4139 834.217
930.4139 834.217
930.4139 834.217
930.4139 834.217
930.4139 834.217
930.4139 834.217
930.4139 834.217
930.4139 834.217
930.4139 834.217
930.4139 834.217
930.4139 834.217
930.4139 834.217
930.4139 834.217
930.4139 834.217
932.3893 833.904
934.3646 833.5909
936.735 833.2153
938.3153 832.9648
938.3153 832.9648
938.3153 832.9648
938.3153 832.9648
938.3153 832.9648
938.3153 832.9648
938.3153 832.9648
938.3153 832.9648
938.3153 832.9648
938.3153 832.9648
938.3153 832.9648
938.3153 832.9648
938.3153 832.9648
938.3153 832.9648
938.3153 832.9648
938.3153 832.9648
938.3153 832.9648
938.3153 832.9648
938.3153 832.9648
938.3153 832.9648
938.3153 832.9648
938.3153 832.9648
938.3153 832.9648
938.3153 832.9648
938.3153 832.9648
939.1055 832.8396
941.0808 832.5266
943.0562 832.2135
945.4266 831.8378
947.4019 831.5247
947.4019 831.5247
947.4019 831.5247
947.4019 831.5247
947.6317 833.1082
947.8369 835.0972
947.8611 837.4959
947.6782 839.8885
947.5945 840.6841
947.5945 840.6841
947.5945 840.6841
947.5945 840.6841
947.5945 840.6841
947.5945 840.6841
947.5945 840.6841
947.5945 840.6841
947.7139 839.4901
947.8325 837.8947
947.822 835.4961
947.5614 833.111
947.1823 830.7411
947.1823 830.7411
947.1823 830.7411
947.1823 830.7411
947.1823 830.7411
947.1823 830.7411
947.1823 830.7411
948.3663 830.5459
950.7343 830.1553
952.7076 829.8299
954.2863 829.5695
954.2863 829.5695
954.2863 829.5695
954.2863 829.5695
954.2863 829.5695
955.865 829.3091
958.233 828.9186
960.2064 828.5931
962.5743 828.2025
962.5743 828.2025
962.5743 828.2025
962.5743 828.2025
962.5743 828.2025
962.5743 828.2025
962.5743 828.2025
962.5743 828.2025
962.5743 828.2025
962.5743 828.2025
962.5743 828.2025
962.5743 828.2025
962.5743 828.2025
962.6378 828.5975
962.9608 830.9753
963.076 833.3711
962.9175 835.7651
962.6252 838.1472
962.5224 838.9406
962.5224 838.9406
962.5224 838.9406
962.5224 838.9406
962.5224 838.9406
962.5224 838.9406
962.5224 838.9406
963.3157 839.0435
965.2991 839.3009
967.2825 839.5583
969.6625 839.8672
971.2492 840.0731
971.2492 840.0731
971.2492 840.0731
971.2492 840.0731
971.2492 840.0731
971.2492 840.0731
971.2492 840.0731
971.2492 840.0731
971.3477 839.2792
971.5599 836.889
971.5513 834.4902
971.3472 832.0992
971.2594 831.304
971.2594 831.304
971.2594 831.304
971.2594 831.304
971.2594 831.304
971.2594 831.304
971.2594 831.304
971.2594 831.304
972.4519 831.1699
974.8369 830.9017
976.0294 830.7676
976.0294 830.7676
976.0294 830.7676
976.0294 830.7676
976.0294 830.7676
976.0294 830.7676
976.0294 830.7676
976.0294 830.7676
976.0294 830.7676
978.0168 830.5442
980.0043 830.3207
982.3893 830.0526
983.1843 829.9632
983.1843 829.9632
983.1843 829.9632
983.1843 829.9632
983.1843 829.9632
983.1843 829.9632
983.1843 829.9632
983.1843 829.9632
983.1843 829.9632
983.1843 829.9632
983.1843 829.9632
983.1843 829.9632
983.1843 829.9632
983.1843 829.9632
983.1843 829.9632
983.1843 829.9632
983.1843 829.9632
983.1843 829.9632
983.1843 829.9632
983.1843 829.9632
983.1843 829.9632
983.1843 829.9632
983.1843 829.9632
983.1843 829.9632
983.1843 829.9632
983.1843 829.9632
983.1843 829.9632
983.9792 829.8738
985.9667 829.6503
988.3517 829.3821
990.3392 829.1587
992.3267 828.9352
992.7241 828.8905
992.7241 828.8905
992.7241 828.8905
992.7241 828.8905
992.7241 828.8905
992.7241 828.8905
992.7241 828.8905
992.7241 828.8905
992.9422 831.2803
992.9637 833.679
992.7162 836.0654
992.342 838.436
992.2776 838.8307
992.2776 838.8307
992.2776 838.8307
992.2776 838.8307
992.2776 838.8307
992.2776 838.8307
992.567 836.8519
992.7546 834.4604
992.7043 832.0615
992.5507 829.6664
992.524 829.2673
992.524 829.2673
992.524 829.2673
992.524 829.2673
992.524 829.2673
992.524 829.2673
994.9186 829.1071
997.3133 828.9468
998.9097 828.84
1001.304 828.6798
1003.3 828.5463
1005.295 828.4128
1007.69 828.2526
1010.085 828.0923
1010.484 828.0657
1010.484 828.0657
1010.484 828.0657
1010.484 828.0657
1010.484 828.0657
1010.484 828.0657
1010.484 828.0657
1011.681 827.9856
1014.076 827.8254
1015.672 827.7186
1018.067 827.5583
1020.462 827.3981
1022.058 827.2913
1024.453 827.1311
1026.847 827.0054
1028.045 827.0054
1028.045 827.0054
1028.045 827.0054
1028.045 827.0054
1028.045 827.0054
1028.045 827.0054
1028.045 827.0054
1028.045 827.0054
1028.045 827.0054
1028.045 827.0054
1030.04 827.0054
1032.435 827.0054
1034.43 827.0053
1036.426 827.0053
1038.821 827.0053
1040.816 827.0053
1042.812 826.8904
1045.207 826.7302
1046.404 826.6501
1047.601 826.57
1049.996 826.4098
1051.592 826.303
1053.987 826.1428
1054.386 826.1161
1054.386 826.1161
1054.386 826.1161
1054.386 826.1161
1054.386 826.1161
1054.386 826.1161
1054.435 826.9146
1054.497 829.3132
1054.42 831.7119
1054.399 832.1113
1054.399 832.1113
1054.399 832.1113
1054.399 832.1113
1054.399 832.1113
1054.399 832.1113
1054.399 832.1113
1055.197 832.1533
1057.594 832.2794
1059.192 832.3635
1059.991 832.4055
1059.991 832.4055
1059.991 832.4055
1060.79 832.4476
1062.787 832.5526
1064.784 832.6577
1066.382 832.7418
1066.382 832.7418
1066.382 832.7418
1066.382 832.7418
1066.382 832.7418
1066.382 832.7418
1066.382 832.7418
1066.382 832.7418
1067.98 832.8259
1069.578 832.9099
1071.974 833.036
1073.572 833.1201
1075.969 833.2462
1077.566 833.3303
1079.963 833.4564
1081.561 833.5405
1083.159 833.6245
1083.159 833.6245
1083.159 833.6245
1083.159 833.6245
1083.159 833.6245
1083.159 833.6245
1083.159 833.6245
1084.756 833.7086
1086.754 833.8137
1088.751 833.9188
1090.748 834.0239
1093.145 834.15
1094.743 834.234
1097.139 834.3601
1099.137 834.4652
1099.936 834.5073
1099.973 833.7081
1100.013 831.7087
1099.871 829.314
1099.531 826.9385
1099.398 826.1497
1099.398 826.1497
1099.398 826.1497
1099.398 826.1497
1099.398 826.1497
1099.398 826.1497
1099.398 826.1497
1099.398 826.1497
1099.398 826.1497
1099.398 826.1497
1099.398 826.1497
1099.398 826.1497
1099.398 826.1497
1099.398 826.1497
1099.398 826.1497
1099.529 826.939
1099.755 828.5228
1099.927 830.9155
1099.914 833.3152
1099.891 834.1149
1099.891 834.1149
1099.891 834.1149
1099.891 834.1149
1099.891 834.1149
1099.891 834.1149
1101.091 834.1511
1103.09 834.2112
1105.089 834.2714
1107.488 834.3435
1109.087 834.3917
1111.486 834.4639
1113.485 834.524
1115.484 834.5842
1117.484 834.6443
1119.483 834.7045
1121.881 834.7766
1123.481 834.8248
1125.88 834.8969
1127.479 834.9451
1129.878 835.0173
1131.877 835.0774
1133.476 835.1255
1133.476 835.1255
1133.876 835.1376
1135.875 835.1977
1137.874 835.2579
1139.873 835.318
1141.872 835.3782
1141.872 835.3782
1141.872 835.3782
1141.872 835.3782
1141.872 835.3782
1141.872 835.3782
1142.672 835.4022
1144.671 835.4624
1146.67 835.5225
1148.669 835.5827
1149.069 835.5947
1149.069 835.5947
1149.069 835.5947
1149.069 835.5947
1149.069 835.5947
1149.069 835.5947
1151.468 835.6669
1153.067 835.715
1155.066 835.7751
1155.066 835.7751
1155.066 835.7751
1155.066 835.7751
1155.066 835.7751
1155.066 835.7751
1155.066 835.7751
1155.066 835.7751
1155.038 836.5746
1154.909 838.5703
1154.613 840.9517
1154.497 841.7432
1154.497 841.7432
1154.497 841.7432
1155.288 841.8609
1157.662 842.2137
1159.64 842.5079
1161.223 842.5869
1161.223 842.5869
1161.618 842.5869
1163.721 842.1889
1165.672 842.3082
1166.859 842.4846
1166.859 842.4846
1166.859 842.4846
1166.852 842.5513
1166.822 842.5466
1166.466 842.5201
1165.844 842.5538
1165.812 842.5538
1165.812 842.5538
1167.68 842.8958
1169.907 843.7912
1171.391 844.3882
1172.134 844.6866
1173.618 845.2836
1175.845 846.1791
1177.7 846.9253
1177.7 846.9253
1179.185 847.5222
1181.04 848.2684
1183.267 849.1639
1184.751 849.7609
1185.494 850.0593
1185.494 850.0593
1184.721 851.9038
1183.672 854.0623
1183.109 855.122
1183.109 855.122
1183.109 855.122
1183.109 855.122
1183.109 855.122
1183.109 855.122
1183.109 855.122
1182.534 856.175
1181.515 857.8959
1181.481 858.1435
1181.481 858.1435
1181.455 858.1174
1181.455 858.1174
1181.455 858.1174
1181.455 858.1174
1181.455 858.1174
1181.455 858.1174
1182.603 857.0026
1183.705 855.8436
1185.271 854.0252
1185.271 854.0252
1185.271 854.0252
1185.271 854.0252
1186.498 855.0522
1188.338 856.5929
1189.872 857.8767
1189.872 857.8767
1189.872 857.8767
1189.872 857.8767
1190.485 858.3903
1192.019 859.6741
1193.859 861.2147
1195.086 862.2418
1195.699 862.7553
1195.699 862.7553
1195.699 862.7553
1195.699 862.7553
1194.922 863.6689
1193.57 865.143
1191.467 866.9883
1189.524 868.3964
1188.535 869.0757
1188.535 869.0757
1188.535 869.0757
1188.535 869.0757
1188.535 869.0757
1188.535 869.0757
1188.535 869.0757
1188.535 869.0757
1188.535 869.0757
1188.535 869.0757
1188.535 869.0757
1188.535 869.0757
1188.535 869.0757
1188.535 869.0757
1188.535 869.0757
1188.535 869.0757
1188.535 869.0757
1188.535 869.0757
1188.535 869.0757
1188.76 869.4061
1189.888 871.0576
1191.016 872.7092
1191.468 873.3698
1191.468 873.3698
1191.468 873.3698
1192.144 874.3607
1193.272 876.0123
1194.4 877.6639
1195.528 879.3154
1195.979 879.9761
1197.107 881.6276
1198.235 883.2792
1198.461 883.6096
1198.461 883.6096
1197.13 884.498
1195.072 885.7313
1193.529 886.7384
1193.529 887.5722
1193.529 887.9639
1194.309 890.2336
1195.089 892.5033
1195.609 894.0164
1195.999 895.1512
1196.389 896.2861
1196.389 896.2861
1196.649 897.0426
1197.169 898.5557
1197.559 899.6906
1197.559 899.6906
1198.079 901.2037
1198.86 903.4733
1199.38 904.9865
1200.16 907.2561
1200.94 909.5258
1201.59 911.4172
1201.59 911.4172
1201.59 911.4172
1201.59 911.4172
1201.59 911.4172
1201.59 911.4172
1201.59 911.4172
1201.997 913.6868
1201.997 915.9565
1201.997 918.2262
1201.997 920.1176
1201.997 922.009
1201.997 924.2786
1200.104 925.2797
1198.172 925.7949
1195.401 926.1719
1193.535 926.2291
1193.535 926.1594
1193.534 925.8679
1193.534 925.3596
1193.534 925.3596
1193.534 925.3596
1193.534 925.3596
1193.534 925.3596
1193.534 925.3596
1193.47 925.7523
1193.47 928.1083
1193.47 930.4644
1193.47 932.4277
1193.47 935.1765
1193.47 936.7471
1193.47 939.1031
1193.47 941.4592
1193.47 942.97
1193.47 942.97
1193.47 942.97
1194.257 943.0354
1197.029 943.1782
1199.425 943.3065
1200.225 943.3202
1203.024 943.2783
1204.465 943.0435
1204.466 942.7551
1204.466 942.7551
1204.466 942.7551
1204.466 942.7551
1204.466 942.7551
1204.466 942.7551
1204.466 942.7551
1204.466 942.7551
1204.466 942.7551
1204.466 942.7551
1203.278 942.9271
1200.89 943.1614
1198.491 943.1641
1196.095 943.034
1196.095 943.034
1196.095 943.034
1196.095 943.034
1196.095 943.034
1196.095 943.034
1196.095 943.034
1196.422 943.1417
1197.3 943.714
1198.019 945.5517
1198.005 947.5473
1198.005 949.9421
1198.005 952.3368
1198.005 954.3325
1198.005 956.7272
1198.005 957.5255
1198.005 959.9202
1198.005 962.3149
1198.005 964.7097
1198.005 967.1044
1197.926 969.4992
1197.767 971.894
1197.609 974.2887
1197.45 976.6835
1197.292 979.0782
1197.365 981.4069
1197.365 983.8016
1197.365 986.1964
1197.365 988.5911
1197.365 990.9858
1197.365 993.7797
1197.365 994.578
1197.365 994.578
1197.365 994.578
1197.365 994.578
1197.365 994.578
1197.365 994.578
1197.365 996.1745
1197.365 998.5693
1197.339 1000.964
1197.18 1003.359
1197.022 1005.754
1196.863 1008.148
1196.705 1010.543
1196.546 1012.938
1196.387 1015.333
1196.229 1017.727
1196.07 1020.122
1195.912 1022.517
1195.753 1024.911
1195.594 1027.306
1195.436 1029.701
1195.436 1029.701
1195.436 1029.701
1195.436 1029.701
1195.436 1029.701
1195.436 1029.701
1195.436 1029.701
1195.436 1029.701
1195.436 1029.701
1195.277 1032.096
1195.119 1034.491
1194.987 1036.486
1194.905 1039.28
1194.747 1041.675
1194.641 1043.271
1194.482 1045.666
1194.324 1048.061
1194.165 1050.456
1194.007 1052.85
1193.874 1054.846
1193.716 1057.241
1193.584 1059.236
1193.46 1061.631
1193.46 1064.026
1193.46 1066.421
1193.46 1068.416
1193.46 1070.811
1193.46 1072.807
1193.46 1075.201
1193.46 1077.596
1193.46 1079.991
1193.46 1081.987
1193.46 1084.78
1193.46 1086.776
1193.46 1088.772
1193.46 1091.166
1193.46 1093.561
1193.46 1095.956
1193.46 1098.351
1193.46 1099.548
1193.46 1100.745
1193.46 1102.741
1193.46 1104.737
1193.46 1107.531
1193.46 1107.93
1193.46 1110.324
1193.46 1112.719
1193.46 1115.114
1193.46 1115.513
1193.46 1117.509
1193.46 1119.903
1193.46 1121.899
1193.46 1123.096
1193.46 1123.096
1193.46 1123.096
1193.46 1123.096
1193.46 1123.096
1193.46 1123.096
1193.46 1123.096
1193.46 1123.096
1193.46 1123.096
1193.46 1123.096
1193.46 1123.096
1193.46 1123.096
1193.46 1123.096
1193.46 1123.096
1193.46 1123.096
1193.46 1123.096
1193.46 1123.096
1193.46 1124.294
1193.46 1126.689
1193.381 1129.083
1193.223 1131.478
1193.143 1132.676
1192.985 1135.07
1192.826 1137.465
1192.747 1138.662
1192.747 1138.662
1192.747 1138.662
1192.747 1138.662
1192.747 1138.662
1192.747 1138.662
1192.747 1138.662
1192.747 1138.662
1192.747 1138.662
1192.747 1138.662
1192.747 1138.662
1194.344 1138.747
1196.744 1138.748
1199.135 1138.547
1200.724 1138.36
1200.724 1138.36
1202.309 1138.141
1203.505 1137.678
1203.505 1136.989
1203.505 1136.989
1203.505 1136.989
1203.505 1136.989
1203.505 1136.989
1203.505 1136.989
1203.505 1136.989
1203.505 1136.989
1203.506 1136.566
1203.507 1135.953
1203.509 1134.795
1203.509 1134.795
1203.509 1134.795
1203.509 1134.795
1203.509 1134.795
1203.509 1134.795
1203.509 1134.795
1203.509 1134.795
1203.509 1134.795
1203.509 1134.795
1203.509 1134.795
1200.883 1135.767
1198.961 1136.317
1197.016 1136.785
1197.016 1136.785
1197.016 1136.785
1197.016 1136.785
1197.016 1136.785
1198.183 1136.503
1200.488 1135.838
1202.719 1134.955
1203.511 1133.939
1203.511 1133.939
1203.511 1133.939
1203.511 1133.939
1203.511 1133.939
1203.511 1133.939
1203.511 1133.939
1203.511 1133.939
1203.511 1133.406
1203.514 1132.246
1203.516 1130.958
1203.535 1130.721
1203.535 1130.721
1203.535 1130.721
1203.535 1130.721
1203.535 1130.721
1203.824 1129.867
1204.483 1128.057
1204.485 1126.221
1204.485 1126.221
1204.485 1126.221
1204.485 1126.221
1204.485 1126.221
1204.485 1126.221
1204.442 1125.338
1204.122 1124.406
1204.128 1122.637
1204.128 1122.637
1204.128 1122.637
1204.128 1122.637
1204.128 1122.637
1204.128 1122.033
1204.128 1120.168
1204.131 1118.209
1204.131 1117.549
1204.131 1117.549
1204.131 1117.549
1204.131 1117.549
1204.132 1116.548
1204.135 1114.504
1204.135 1113.471
1204.135 1113.471
1204.135 1113.471
1204.135 1113.471
1204.135 1113.471
1204.135 1113.471
1204.135 1113.471
1204.135 1113.471
1204.136 1112.778
1204.141 1110.66
1204.31 1108.442
1204.516 1107.696
1204.516 1107.696
1204.516 1107.696
1204.516 1107.696
1204.516 1107.696
1204.516 1106.949
1204.52 1105.06
1204.523 1102.376
1204.524 1101.22
1204.53 1098.881
1204.537 1096.502
1204.538 1094.111
1204.545 1090.915
1204.386 1088.522
1204.041 1086.147
1203.842 1084.963
1203.291 1082.219
1202.67 1079.901
1202.67 1079.901
1202.559 1079.516
1201.833 1077.229
1201.158 1075.346
1201.158 1075.346
1201.158 1075.346
1200.738 1074.222
1199.805 1072.011
1198.922 1070.217
1198.922 1070.217
1197.787 1068.103
1196.564 1066.038
1196.564 1066.038
1195.494 1064.349
1194.075 1062.414
1193.828 1062.099
1193.505 1061.164
1193.505 1059.376
1193.506 1057.547
1193.506 1056.065
1193.506 1054.984
1193.506 1054.135
1193.506 1053.471
1193.506 1053.269
1193.506 1053.269
1193.506 1053.269
1193.506 1053.269
1193.506 1053.269
1193.506 1053.269
1193.506 1053.269
1193.506 1053.269
1193.506 1053.269
1193.506 1053.269
1193.607 1052.882
1194.21 1050.559
1194.813 1048.236
1195.014 1047.461
1195.014 1047.461
1195.014 1047.461
1195.014 1047.461
1195.315 1046.3
1195.818 1044.364
1196.32 1042.428
1196.823 1040.492
1196.823 1040.492
1196.823 1040.492
1196.823 1040.492
1197.024 1039.718
1197.627 1037.395
1198.129 1035.459
1198.631 1033.523
1199.234 1031.2
1199.837 1028.877
1200.44 1026.554
1201.043 1024.231
1200.18 1022.779
1197.829 1022.298
1195.441 1022.082
1193.525 1021.707
1193.525 1021.707
1193.525 1021.707
1193.525 1021.707
1193.525 1021.707
1193.525 1021.707
1193.525 1021.707
1193.525 1021.707
1193.525 1021.707
1193.525 1021.707
1195.844 1021.09
1198.183 1020.553
1200.538 1020.092
1202.914 1019.755
1204.465 1019.509
1204.465 1019.435
1204.465 1019.44
1204.465 1019.44
1204.465 1019.44
1204.465 1019.44
1204.465 1019.44
1204.468 1019.04
1204.487 1016.64
1204.505 1014.24
1204.524 1011.84
1204.542 1009.44
1204.544 1007.04
1203.641 1005.37
1203.631 1002.973
1203.631 1002.173
1203.631 1002.173
1203.631 1002.173
1203.631 1002.173
1203.631 1002.173
1203.631 1002.173
1203.631 1002.173
1203.631 999.7728
1203.631 996.9728
1203.631 994.5729
1203.631 991.773
1203.631 989.373
1203.631 986.9731
1203.637 984.5732
1203.655 982.1733
1203.674 979.7734
1203.693 977.3734
1203.711 974.9735
1203.73 972.5735
1203.748 970.1736
1203.767 967.7737
1203.776 966.5737
1203.776 966.5737
1203.776 966.5737
1203.776 966.5737
1203.776 966.5737
1203.776 966.5737
1203.776 966.5737
1203.776 966.5737
1203.776 966.5737
1203.785 965.3738
1203.804 962.9739
1203.825 960.174
1203.841 958.174
1203.859 955.7741
1203.878 953.3741
1203.896 950.9742
1203.915 948.5743
1203.934 946.1744
1203.952 943.7744
1203.971 941.3745
1203.989 938.9746
1204.008 936.5746
1204.026 934.1747
1204.042 932.1748
1204.057 930.1749
1204.076 927.7749
1203.785 926.7757
1202.908 926.3061
1202.194 925.3469
1202.023 923.0078
1202.023 920.6079
1202.023 918.2079
1202.023 917.408
1202.023 917.408
1202.023 915.0081
1202.023 912.6082
1202.023 910.2082
1202.023 908.2083
1202.023 906.2083
1202.023 903.8084
1202.035 901.4084
1202.051 899.4085
1202.066 897.4086
1202.085 895.0087
1202.103 892.6088
1202.116 891.0088
1201.88 888.8882
1201.261 886.871
1201.272 885.2711
1201.272 882.8712
1201.272 880.8712
1201.272 880.8712
1201.272 880.8712
1201.272 880.8712
1201.272 880.4713
1200.441 878.7935
1200.456 876.7935
1200.471 874.7936
1199.275 874.3971
1197.675 874.4453
1195.291 874.704
1192.971 875.3077
1190.783 876.2888
1188.79 877.621
1187.008 879.2265
1186.598 881.273
1186.597 881.8705
1186.597 881.8705
1186.597 881.8705
1186.597 880.2762
1186.597 878.9477
1186.597 877.6191
1186.597 876.0249
1186.597 874.4306
1187.404 873.5424
1189.088 871.8325
1190.942 870.311
1192.918 868.949
1193.253 868.7309
1193.253 868.7309
1193.253 868.7309
1193.253 868.7309
1193.253 868.7309
1193.253 868.7309
1193.253 868.7309
1193.926 868.298
1195.637 867.263
1197.757 866.138
1198.471 865.7781
1198.471 865.7781
1198.471 865.7781
1198.471 865.7781
1198.471 865.7781
1197.933 864.7054
1197.036 862.9177
1196.14 861.1299
1195.243 859.3422
1194.347 857.5544
1193.45 855.7667
1192.374 853.6213
1191.657 852.1911
1190.581 850.0458
1189.11 850.1288
1187.042 851.3444
1185.137 852.8002
1183.473 854.5276
1182.004 856.4244
1181.14 857.7715
1181.14 857.7715
1181.14 857.7715
1181.14 857.7715
1181.14 857.7715
1181.14 857.7715
1181.833 856.7917
1183.045 855.2009
1184.672 853.439
1186.442 851.8181
1187.347 851.0297
1187.347 851.0297
1187.347 851.0297
1187.347 851.0297
1187.347 851.0297
1187.085 850.7275
1185.774 849.2166
1184.464 847.7056
1182.892 845.8924
1182.892 845.8924
1182.892 845.8924
1182.892 845.8924
1182.892 845.8924
1182.892 845.8924
1182.892 845.8924
1181.843 844.6836
1180.533 843.1727
1179.223 841.6617
1177.65 839.8485
1177.65 839.8485
1177.35 840.1122
1175.586 841.7401
1173.952 843.4966
1172.389 845.3182
1172.389 845.3182
1172.389 845.3182
1172.389 845.3182
1172.389 845.3182
1172.389 845.3182
1172.085 845.0589
1170.866 844.0218
1169.039 842.4661
1168.43 841.9475
1168.43 841.9475
1168.43 841.9475
1168.43 841.9475
1168.43 841.9475
1167.535 842.7622
1167.13 842.6138
1165.921 842.5292
1165.81 842.5535
1165.81 842.5535
1165.81 842.5535
1164.023 841.6553
1162.236 840.7571
1160.449 839.8588
1159.02 839.1403
1159.02 839.1403
1159.02 839.1403
1159.02 839.1403
1158.489 840.2167
1157.524 842.4135
1156.778 842.5237
1156.181 842.5237
1156.181 842.5237
1153.849 841.9567
1152.562 841.2896
1150.266 840.653
1148.712 840.275
1148.712 840.275
1148.712 840.275
1148.712 840.275
1148.712 840.275
1148.712 840.275
1147.157 839.8969
1145.214 839.4243
1142.882 838.8572
1141.327 838.4792
1141.327 838.4792
1140.55 838.2902
1138.218 837.7231
1136.663 837.345
1135.108 836.967
1135.108 836.967
1134.331 836.778
1132.776 836.3999
1130.444 835.8328
1128.501 835.3602
1128.501 835.3602
1128.501 835.3602
1128.112 835.2657
1126.169 834.7932
1124.225 834.3206
1122.282 834.0858
1120.339 834.0858
1118.167 834.5957
1117.831 836.1599
1117.495 838.5351
1117.349 840.885
1117.319 840.885
1117.319 840.885
1117.319 840.885
1116.119 840.8417
1114.121 840.7693
1112.922 840.726
1112.922 840.726
1112.922 840.726
1112.922 840.726
1112.922 840.726
1111.323 840.6682
1108.924 840.5814
1106.925 840.5091
1104.927 840.4368
1103.728 840.3934
1102.928 840.3645
1100.53 840.2778
1098.531 840.2055
1096.532 840.1332
1096.132 840.1187
1096.132 840.1187
1096.132 840.1187
1096.132 840.1187
1096.132 840.1187
1096.132 840.1187
1096.132 840.1187
1096.132 840.1187
1096.132 840.1187
1094.933 840.0754
1092.935 840.0031
1090.936 839.9308
1088.537 839.8441
1088.537 839.8441
1086.938 839.7862
1084.94 839.7139
1082.941 839.6416
1080.942 839.5693
1080.143 839.5404
1080.143 839.5404
1080.143 839.5404
1080.143 839.5404
1080.143 839.5404
1080.143 839.5404
1080.143 839.5404
1080.143 839.5404
1078.144 839.4681
1076.545 839.4103
1074.147 839.3235
1072.946 838.9717
1071.047 838.1909
1070.647 838.1765
1070.647 838.1765
1070.647 838.1765
1070.647 838.1765
1070.647 838.1765
1070.647 838.1765
1068.648 838.1042
1066.649 838.0319
1064.651 837.9596
1062.652 837.8873
1060.653 837.8151
1060.653 837.8151
1060.653 837.8151
1060.653 837.8151
1060.653 837.8151
1060.653 837.8151
1060.653 837.8151
1060.653 837.8151
1060.653 837.8151
1058.655 837.7427
1056.656 837.6705
1054.657 837.5981
1052.659 837.5259
1051.459 837.4825
1049.461 837.4102
1047.462 837.3379
1045.064 837.2512
1043.465 837.1934
1041.066 837.1066
1039.068 837.0343
1037.069 836.962
1034.67 836.8752
1033.071 836.8174
1030.673 836.7307
1028.674 836.6584
1026.676 836.5861
1024.277 836.4993
1022.678 836.4415
1020.28 836.3547
1018.281 836.2825
1016.282 836.2102
1013.884 836.1234
1012.285 836.0656
1009.887 835.9788
1007.888 835.9066
1005.889 835.8343
1003.491 835.7475
1001.492 835.6752
999.4933 835.6029
997.0949 835.5162
995.496 835.4584
993.0975 835.3716
990.6991 835.2849
989.1002 835.2271
986.7017 835.1403
984.703 835.068
982.7043 834.9957
980.3059 834.9089
980.3059 834.9089
980.3059 834.9089
980.3059 834.9089
980.3059 834.9089
980.3059 834.9089
980.3059 834.9089
980.3059 834.9089
980.3059 834.9089
978.3072 834.8367
976.3085 834.7643
973.9101 834.6776
972.3111 834.6198
969.9127 834.533
967.5143 834.4463
965.9153 834.3884
963.5168 834.3017
961.5182 834.2294
961.5182 834.2294
961.5182 834.2294
961.5182 834.2294
961.5182 834.2294
961.5182 834.2294
961.5182 834.2294
961.5182 834.2294
961.5182 834.2294
961.5182 834.2294
961.5182 834.2294
961.5182 834.2294
961.5182 834.2294
961.5182 834.2294
961.5182 834.2294
961.5182 834.2294
961.5182 834.2294
961.5182 834.2294
961.5182 834.2294
961.5182 834.2294
961.5182 834.2294
961.5182 834.2294
961.5182 834.2294
961.5182 834.2294
961.5182 834.2294
961.5182 834.2294
961.5182 834.2294
961.5182 834.2294
961.5182 834.2294
961.5182 834.2294
961.5182 834.2294
961.5182 834.2294
961.5182 834.2294
961.5182 834.2294
961.5182 834.2294
961.5182 834.2294
961.5182 834.2294
961.5182 834.2294
961.5182 834.2294
961.5182 834.2294
961.48 835.8289
961.5257 837.8281
961.8674 840.5197
962.3256 840.5203
962.3256 840.5203
962.3256 840.5203
962.3256 840.5203
961.9339 840.5823
959.5802 840.6978
957.6217 841.1031
956.0549 841.4274
956.0549 841.4274
956.0549 841.4274
956.0549 841.4274
956.0549 841.4274
956.4139 842.9557
956.6985 842.925
957.2117 842.9246
957.2117 842.9246
957.2117 842.9246
956.835 842.9731
954.9452 843.5186
953.0615 844.1908
951.5546 844.7286
951.5546 844.7286
949.671 845.4008
947.4106 846.2075
945.9037 846.7452
945.1502 847.0141
945.1502 847.0141
945.1502 847.0141
945.1502 847.0141
945.1502 847.0141
945.1502 847.0141
947.0339 846.3419
948.5408 845.8041
948.5408 845.8041
948.5408 845.8041
948.5408 845.8041
948.5408 845.8041
948.5408 845.8041
948.5408 845.8041
948.5408 845.8041
949.671 845.4008
951.9313 844.5941
953.4382 844.0564
955.3219 843.3842
955.3219 843.3842
955.3219 843.3842
955.3219 843.3842
955.3219 843.3842
955.3219 843.3842
955.1481 843.5564
954.6938 844.0816
954.3019 845.7378
954.3024 847.7936
954.3024 848.7983
954.3024 848.7983
954.3024 848.7983
954.3024 848.7983
953.6347 849.239
951.6317 850.5611
949.9625 851.6628
948.2933 852.7645
948.2933 852.7645
948.2933 852.7645
948.2933 852.7645
948.2933 852.7645
948.2933 852.7645
949.4221 854.4154
950.899 856.3064
951.9388 857.5224
951.9388 857.5224
951.9388 857.5224
951.9388 857.5224
951.6365 857.7844
950.1249 859.094
948.6134 860.4037
947.4042 861.4514
947.4042 861.4514
947.4042 861.4514
945.8926 862.7611
944.6834 863.8088
942.8696 865.3804
941.9626 866.1662
941.9626 866.1662
943.5709 867.9473
945.0128 869.3323
947.189 871.0933
948.1459 871.8174
948.1459 871.8174
948.1459 871.8174
948.1459 871.8174
948.1459 871.8174
948.1459 871.8174
948.1459 871.8174
948.1459 871.8174
948.1459 871.8174
948.1459 871.8174
948.1459 871.8174
948.1459 871.8174
947.1851 873.0968
945.7437 875.0158
944.5427 876.615
943.5818 877.8943
943.1013 878.534
941.9002 880.1332
940.4589 882.0522
939.9785 882.6918
939.9785 882.6918
941.5931 883.872
943.2642 884.9699
945.3812 886.0991
947.1954 886.9408
948.6624 887.5793
950.897 888.4545
951.2712 888.596
951.2712 888.596
951.2712 888.596
951.2712 888.596
951.2712 888.596
951.2712 888.596
950.9881 889.3442
950.139 891.5891
949.5729 893.0855
949.2899 893.8338
948.8654 894.9562
948.1577 896.8268
947.3086 899.0716
947.3086 899.0716
946.7426 900.5681
946.0349 902.4387
945.3273 904.3094
944.4782 906.5541
943.9121 908.0507
943.063 910.2955
942.4969 911.7919
941.6478 914.0367
940.9402 915.9073
940.3741 917.4039
942.2554 918.0824
943.783 918.5578
946.4953 919.2524
946.4953 919.2524
946.4953 919.2524
946.4953 919.2524
946.4953 919.2524
946.4953 919.2524
946.4953 919.2524
948.0546 919.6108
950.0228 919.9641
952.4047 920.2562
952.4047 920.2562
952.4047 920.2562
952.4047 920.2562
952.2325 921.8469
952.1033 923.04
952.1033 923.04
951.931 924.6307
951.7157 926.6191
951.4573 929.0051
951.2421 930.9935
951.0267 932.9819
950.7684 935.3679
950.553 937.3563
950.3377 939.3447
950.0793 941.7307
949.864 943.7191
949.6487 945.7075
949.3903 948.0935
949.132 950.4796
949.0889 950.8773
949.0889 950.8773
949.0889 950.8773
949.0889 950.8773
949.0889 950.8773
949.0889 950.8773
949.0889 950.8773
949.0889 950.8773
949.0889 950.8773
949.0889 950.8773
949.0889 950.8773
949.0889 950.8773
949.0889 950.8773
949.0889 950.8773
949.0889 950.8773
949.0889 950.8773
949.0889 950.8773
949.0889 950.8773
949.0889 950.8773
949.0889 950.8773
949.0889 950.8773
949.0889 950.8773
949.0889 950.8773
949.0889 950.8773
949.0889 950.8773
949.0889 950.8773
949.0889 950.8773
949.0889 950.8773
949.0889 950.8773
949.0889 950.8773
949.0889 950.8773
949.0889 950.8773
949.0889 950.8773
949.0889 950.8773
949.0889 950.8773
949.0889 950.8773
949.0889 950.8773
949.0889 950.8773
949.0889 950.8773
949.0889 950.8773
949.0889 950.8773
949.0889 950.8773
949.0889 950.8773
949.0458 951.2749
948.7875 953.6609
948.6152 955.2516
948.3569 957.6377
948.0984 960.0237
947.9262 961.6145
947.6678 964.0005
947.4095 966.3866
947.2372 967.9773
946.9788 970.3633
946.7635 972.3517
946.5482 974.3401
946.2899 976.7261
946.0745 978.7145
945.8592 980.7029
945.6008 983.0889
945.4286 984.6796
945.1702 987.0657
944.9549 989.0541
944.7396 991.0424
944.4812 993.4285
944.2659 995.4169
944.0506 997.4053
943.8353 999.3936
943.6199 1001.382
943.3616 1003.768
943.2324 1004.961
943.2324 1004.961
943.0601 1006.552
942.8448 1008.54
942.6295 1010.529
942.5434 1011.324
942.5434 1011.324
942.4142 1012.517
942.1558 1014.903
941.9836 1016.494
941.7682 1018.482
941.7682 1018.482
941.6391 1019.675
941.4238 1021.663
941.2946 1022.856
941.2946 1022.856
941.2946 1022.856
941.2946 1022.856
941.2946 1022.856
941.2946 1022.856
941.2946 1022.856
941.2946 1022.856
941.2084 1023.652
941.0362 1025.243
940.7778 1027.629
940.5195 1030.015
940.3472 1031.605
940.0888 1033.991
939.8304 1036.377
939.6151 1038.366
939.3998 1040.354
939.1845 1042.343
938.9692 1044.331
938.7108 1046.717
938.4955 1048.705
938.2802 1050.694
938.0219 1053.08
937.8065 1055.068
937.5912 1057.057
937.5529 1059.443
937.5529 1061.431
937.5529 1063.419
937.5529 1065.805
937.5529 1067.396
937.9288 1069.521
940.2998 1069.802
942.6981 1069.771
945.0645 1069.387
947.3341 1068.615
949.4432 1067.476
951.3553 1066.408
953.1145 1066.408
953.9608 1066.408
953.9608 1066.408
953.1117 1067.256
951.6493 1068.62
949.7449 1070.077
947.6366 1071.218
944.9781 1072.083
942.6024 1072.406
939.8037 1072.429
937.6241 1072.31
937.6241 1072.287
937.6241 1072.287
937.6241 1072.287
937.6241 1072.287
937.6241 1072.287
937.6241 1072.287
937.6241 1072.287
938.8229 1072.341
941.2224 1072.344
943.618 1072.2
944.4159 1072.143
946.4067 1071.952
948.7751 1071.569
949.9496 1071.323
949.9496 1071.323
949.9496 1071.323
949.9496 1071.323
949.9496 1071.323
949.9496 1071.323
949.9496 1071.323
949.9496 1071.323
949.9496 1071.323
949.9496 1071.323
949.9496 1071.323
949.9496 1071.323
949.9496 1071.323
949.9496 1071.323
949.9496 1071.323
949.9496 1071.323
948.775 1071.568
946.4091 1071.969
944.0231 1072.226
943.6248 1072.262
943.6248 1072.262
943.6248 1072.262
943.6248 1072.262
943.6248 1072.262
943.6609 1072.66
943.8777 1075.05
944.0584 1077.042
944.2391 1079.034
944.4559 1081.424
944.6366 1083.416
944.8173 1085.408
945.0341 1086.874
945.251 1086.874
945.4316 1086.874
945.6124 1086.874
945.8292 1086.874
945.9015 1086.874
946.046 1086.874
946.2267 1086.874
946.4074 1086.874
946.4074 1086.874
946.4074 1086.874
946.4074 1086.874
946.4074 1086.874
946.4074 1086.874
946.299 1085.679
946.1183 1083.687
945.9376 1081.695
945.7208 1079.305
945.6124 1078.11
945.6124 1078.11
945.6124 1078.11
945.6124 1078.11
945.6124 1078.11
944.4165 1078.209
942.8203 1078.319
940.4214 1078.364
938.0264 1078.215
937.624 1078.034
937.6238 1077.864
937.6228 1077.479
937.6223 1077.054
937.6223 1077.054
937.6223 1077.054
939.9709 1077.547
942.3461 1077.889
943.9358 1078.07
943.9358 1078.07
943.9358 1078.07
943.9358 1078.07
943.9358 1078.07
943.9358 1078.07
943.9358 1078.07
943.9358 1078.07
943.9358 1078.07
943.9358 1078.07
943.7158 1080.058
943.4958 1082.046
943.2759 1084.034
943.012 1086.419
942.748 1086.874
942.528 1086.874
942.304 1086.875
941.8118 1086.936
941.6829 1086.969
940.788 1087.429
939.8676 1089.263
939.6037 1091.648
939.5597 1092.046
939.5597 1092.046
939.5597 1092.046
939.5597 1092.046
939.5597 1092.046
939.3837 1093.636
939.1198 1096.021
938.8998 1098.009
938.6798 1099.997
938.4159 1102.383
938.1519 1104.768
937.888 1107.154
937.8586 1108.69
937.8586 1108.69
938.3491 1110.038
938.6482 1111.865
938.3842 1114.25
938.1643 1116.238
937.9003 1118.623
937.6364 1121.009
937.5531 1122.997
937.5531 1124.985
937.5531 1124.985
937.5531 1124.985
937.5531 1124.985
937.5531 1124.985
937.5531 1124.985
937.5531 1124.985
937.5531 1127.37
937.5531 1129.755
937.5531 1132.141
937.5531 1134.526
937.5531 1136.912
937.5531 1139.297
937.5531 1141.285
937.5531 1143.273
937.5531 1145.658
937.5531 1148.044
937.5531 1148.044
937.5531 1148.044
937.5531 1148.044
937.5531 1148.044
937.5531 1148.044
937.5531 1148.044
937.5531 1148.044
937.5531 1148.044
937.5531 1148.044
937.5531 1148.044
937.5531 1148.044
937.5531 1148.044
937.5531 1148.044
937.5531 1148.044
937.5531 1148.044
937.5531 1148.044
937.5531 1148.044
937.5531 1148.044
937.5531 1148.044
937.5531 1148.044
937.5531 1148.044
937.5531 1148.044
937.5531 1148.044
937.5531 1148.044
937.5531 1148.044
937.5531 1148.044
937.5531 1148.044
937.5531 1148.044
937.5531 1148.044
937.5531 1148.044
937.5531 1148.044
937.5531 1148.044
937.5531 1148.044
937.5531 1148.044
937.5531 1148.044
937.5531 1148.044
937.5531 1148.044
937.5531 1148.044
937.5531 1148.044
937.5531 1148.044
937.5531 1148.044
937.5531 1148.044
937.5531 1148.044
937.5531 1148.044
937.5531 1148.044
937.5531 1148.044
937.5531 1148.044
937.5531 1148.044
937.5531 1148.044
937.5531 1148.044
937.5531 1148.044
937.5971 1147.646
937.8611 1145.261
938.125 1142.875
938.389 1140.49
938.6089 1138.502
938.8729 1136.117
939.1368 1133.731
939.3568 1131.743
939.6207 1129.358
939.8847 1126.972
940.1487 1124.587
940.4126 1122.202
940.6766 1119.816
940.8525 1118.226
941.1165 1115.84
941.3804 1113.455
941.4244 1113.057
941.3434 1111.881
940.4921 1111.272
939.8485 1109.802
939.8603 1107.816
939.8603 1105.431
939.8603 1103.045
939.8603 1101.057
939.8603 1099.069
939.8603 1097.082
939.8603 1096.286
939.8603 1093.901
939.8603 1092.311
939.8603 1091.118
939.8611 1089.13
940.1251 1086.745
940.257 1085.552
940.257 1085.552
940.257 1085.552
940.257 1085.552
940.257 1085.552
940.257 1085.552
940.477 1083.564
940.697 1081.576
940.9609 1079.191
941.1808 1077.203
941.4008 1075.215
941.6648 1072.829
941.8848 1070.842
942.1047 1068.854
942.1927 1068.059
942.1927 1068.059
942.3687 1066.468
942.6326 1064.083
942.8965 1061.697
943.0725 1060.107
943.2925 1058.119
943.2925 1058.119
943.2925 1058.119
943.2925 1058.119
943.2925 1058.119
943.2925 1058.119
943.2925 1058.119
943.2925 1058.119
943.2925 1058.119
943.2925 1058.119
943.2925 1058.119
943.2925 1058.119
943.2925 1058.119
943.2925 1058.119
943.2925 1058.119
943.2925 1058.119
943.2925 1058.119
943.2925 1058.119
943.2925 1058.119
943.2925 1058.119
943.2925 1058.119
943.2925 1058.119
943.2925 1058.119
943.2925 1058.119
943.2925 1058.119
943.2925 1058.119
943.2925 1058.119
943.2925 1058.119
943.2925 1058.119
943.2925 1058.119
943.2925 1058.119
943.2925 1058.119
943.2925 1058.119
943.2925 1058.119
943.2925 1058.119
943.2925 1058.119
943.2925 1058.119
943.2925 1058.119
943.2925 1058.119
943.2925 1058.119
943.2925 1058.119
943.2925 1058.119
943.2925 1058.119
943.2925 1058.119
943.2925 1058.119
943.2925 1058.119
943.2925 1058.119
943.2925 1058.119
943.2925 1058.119
943.2925 1058.119
943.2925 1058.119
943.2925 1058.119
943.2925 1058.119
943.2925 1058.119
943.2925 1058.119
943.2925 1058.119
943.2925 1058.119
943.2925 1058.119
943.2925 1058.119
943.2925 1058.119
943.2925 1058.119
943.2925 1058.119
943.2925 1058.119
943.2925 1058.119
943.2925 1058.119
943.2925 1058.119
943.2925 1058.119
943.2925 1058.119
943.2925 1058.119
943.2925 1058.119
943.2925 1058.119
943.2925 1058.119
943.2925 1058.119
943.2925 1058.119
943.2925 1058.119
943.2925 1058.119
943.2925 1058.119
943.2925 1058.119
943.2925 1058.119
