1000 1000
1000 1000
1000 1000
1000 1000
1000 1000
1000 1000
1000 1000
1000 1000
1000 1000
1000 1000
1000 1000
1000 1000
1000 1000
1000 1000
1000 1000
1000 1000
1000 1000
1000 1000
1000 1000
1000 1000
1000 1000
1000 1000
1000 1000
1000 1000
1000 1000
1000 1000
1000 1000
1000 1000
1000 1000
1000 1000
1000 1000
1000 1000
1000 1000
1000 1000
1000 1000
1000 1000
1000 1000
1000 1000
1000 1000
1000 1000
1000 1000
1000 1000
1000 1000
1000 1000
1000 1000
1000 1000
1000 1000
1000 1000
1000 1000
1000 1000
1000 1000
1000 1000
1000 1000
1000 1000
1000 1000
1000 1000
1000 1000
1000 1000
1000 1000
1000 1000
1000 1000
1000 1000
1000 1000
1000 1000
1000 1000
1000 1000
1000 1000
1000 1000
1000 1000
1000 1000
1000 1000
1000 1000
1000 1000
1000 1000
1000 1000
1000 1000
1000 1000
1000 1000
1000 1000
1000 1000
1000 1000
1000 1000
1000 1000
1000 1000
1000 1000
1000 1000
1000 1000
1000 1000
1000 1000
1000 1000
1000 1000
1000 1000
1000 1000
1000 1000
1000 1000
1000 1000
1000 1000
1000 1000
1000 1000
1000 1000
1000 1000
1000 1000
1000 1000
1000 1000
1000 1000
1000 1000
1000 1000
1000 1000
1000 1000
1000 1000
1002 1000
1004 1000
1006 1000
1006.4 1000
1006.4 1000
1006.4 1000
1006.4 1000
1006.4 1000
1006.4 1000
1006.4 1000
1006.4 1000
1006.4 1000
1006.4 1000
1006.4 1000
1006.4 1000
1006.4 1000
1006.4 1000
1006.4 1000
1006.4 1000
1006.4 1000
1006.4 1000
1006.4 1000
1006.4 1000
1006.4 1000
1006.4 1000
1006.4 1000
1006.4 1000
1006.4 1000
1006.4 1000
1006.4 1000
1006.4 1000
1006.4 1000
1006.4 1000
1006.4 1000
1006.4 1000
1006.4 1000
1006.4 1000
1006.4 1000
1006.4 1000
1006.4 1000
1006.4 1000
1006.4 1000
1006.4 1000
1006.4 1000
1006.4 1000
1006.4 1000
1006.4 1000
1006.4 1000
1006.4 1000
1006.4 1000
1006.4 1000
1006.4 1000
1006.4 1000
1006.4 1000
1006.4 1000
1006.4 1000
1006.4 1000
1006.4 1000
1006.4 1000
1008.4 1000
1010.8 1000
1012.4 1000
1014.8 1000
1017.2 1000
1018.8 1000
1020.8 1000
1023.2 1000
1025.2 1000
1026.4 1000
1026.8 1000
1029.2 1000
1030.8 1000
1032 1000
1032 1000
1033.6 1000
1035.6 1000
1035.6 1000
1035.6 1000
1035.6 1000
1035.6 1000
1035.563 1002
1035.454 1003.596
1035.174 1005.979
1035.174 1005.979
1035.174 1005.979
1035.174 1005.979
1035.174 1005.979
1035.174 1005.979
1035.174 1005.979
1035.174 1005.979
1035.174 1005.979
1035.174 1005.979
1035.174 1005.979
1035.174 1005.979
1036.364 1006.133
1038.744 1006.442
1040.728 1006.699
1042.711 1006.956
1043.504 1007.059
1043.504 1007.059
1043.504 1007.059
1043.504 1007.059
1043.504 1007.059
1043.504 1007.059
1043.504 1007.059
1043.143 1009.431
1042.588 1011.022
1041.723 1011.026
1040.606 1011.029
1039.581 1011.03
1039.581 1011.03
1039.581 1011.03
1039.581 1011.03
1039.581 1011.03
1039.581 1011.03
1039.581 1011.03
1039.581 1011.03
1039.581 1011.03
1040.264 1011.057
1042.313 1011.057
1044.02 1011.057
1046.086 1011.11
1047.826 1012.05
1049.533 1013.092
1051.141 1014.778
1051.612 1017.118
1051.717 1019.514
1051.148 1021.834
1049.969 1023.889
1047.843 1024.942
1045.108 1025.529
1044.824 1025.768
1044.824 1025.819
1044.824 1025.819
1044.824 1025.819
1044.824 1025.819
1044.824 1025.819
1044.824 1025.819
1044.824 1025.819
1044.824 1025.819
1044.824 1025.819
1044.824 1025.819
1044.824 1025.819
1044.824 1025.819
1044.808 1025.419
1044.747 1023.021
1044.747 1021.381
1044.747 1021.381
1044.747 1021.381
1044.747 1021.381
1044.747 1021.381
1044.747 1021.381
1044.747 1021.381
1044.747 1021.381
1044.747 1021.381
1045.946 1021.323
1047.938 1021.153
1050.298 1020.722
1052.925 1019.768
1054.994 1018.557
1057.162 1016.788
1057.316 1015.119
1057.316 1014.267
1057.316 1014.267
1057.316 1014.267
1057.316 1014.267
1057.316 1014.267
1057.316 1014.267
1057.316 1014.267
1057.034 1014.55
1055.299 1016.208
1053.466 1017.756
1051.492 1019.12
1049.414 1020.32
1047.258 1021.372
1045.065 1022.348
1044.818 1022.965
1044.818 1022.965
1044.818 1022.965
1044.818 1022.965
1044.818 1022.965
1044.818 1022.965
1045.125 1023.704
1045.892 1025.551
1046.812 1027.767
1047.733 1029.984
1048.5 1031.831
1049.267 1033.678
1050.188 1035.895
1050.954 1037.742
1051.415 1038.85
1051.415 1038.85
1051.415 1038.85
1051.415 1038.85
1049.554 1039.584
1047.66 1040.225
1046.133 1040.703
1046.133 1040.703
1046.133 1040.703
1046.133 1040.703
1046.133 1040.703
1046.133 1040.703
1046.37 1041.468
1046.963 1043.378
1047.674 1045.67
1048.385 1047.962
1049.095 1050.255
1049.688 1052.165
1050.28 1054.075
1050.517 1054.839
1051.228 1057.132
1051.939 1059.424
1052.057 1059.806
1052.057 1059.806
1052.057 1059.806
1052.057 1059.806
1051.675 1059.923
1049.359 1060.551
1047 1060.99
1044.824 1061.296
1044.824 1061.39
1044.824 1061.39
1044.824 1061.39
1044.824 1061.39
1044.824 1061.39
1044.824 1061.39
1044.824 1061.39
1044.824 1061.39
1044.824 1061.39
1044.824 1061.39
1044.824 1061.39
1044.918 1062.185
1045.249 1064.965
1045.485 1066.951
1045.769 1069.334
1046.052 1071.717
1046.335 1074.101
1046.619 1076.484
1046.902 1078.867
1047.186 1081.25
1047.233 1081.647
1047.233 1081.647
1047.233 1081.647
1047.233 1081.647
1047.233 1081.647
1047.233 1081.647
1047.233 1081.647
1047.233 1081.647
1047.233 1081.647
1047.233 1081.647
1047.233 1081.647
1047.233 1081.647
1047.233 1081.647
1047.233 1081.647
1047.233 1081.647
1047.233 1081.647
1048.423 1081.495
1050.788 1081.089
1053.094 1080.432
1055.616 1079.225
1057.95 1077.679
1059.551 1076.481
1059.551 1076.481
1059.551 1076.481
1059.551 1076.481
1059.551 1076.481
1059.551 1076.481
1059.551 1076.481
1059.551 1076.481
1059.551 1076.481
1059.551 1076.481
1059.551 1076.481
1059.551 1076.481
1058.591 1077.201
1056.616 1078.564
1054.593 1079.855
1052.512 1081.05
1049.657 1082.496
1049.657 1082.496
1048.94 1082.849
1046.757 1083.848
1046.391 1084.007
1046.391 1084.007
1046.391 1084.007
1046.391 1084.007
1048.568 1082.997
1050.33 1082.052
1051.722 1081.263
1051.722 1081.263
1051.722 1081.263
1051.722 1081.263
1051.722 1081.263
1051.722 1081.263
1051.722 1081.263
1051.722 1081.263
1052.317 1082.304
1053.508 1084.388
1054.698 1086.472
1055.889 1088.556
1057.08 1090.64
1058.072 1092.376
1058.648 1094.46
1057.601 1095.045
1055.455 1096.119
1052.842 1097.119
1050.501 1097.638
1048.113 1097.874
1045.715 1097.974
1045.715 1097.974
1045.715 1097.974
1045.715 1097.974
1045.715 1097.974
1046.914 1097.925
1049.304 1097.712
1052.034 1097.107
1054.606 1096.008
1056.681 1094.802
1058.621 1093.268
1058.621 1093.268
1058.621 1093.268
1058.621 1093.268
1058.621 1093.268
1058.621 1093.268
1058.621 1093.268
1057.614 1093.921
1055.559 1095.16
1055.559 1095.16
1055.559 1095.16
1055.559 1095.16
1055.559 1095.16
1055.559 1095.16
1055.559 1095.16
1055.559 1095.16
1054.551 1093.432
1053.341 1091.36
1052.13 1089.287
1052.13 1089.287
1051.122 1087.56
1049.912 1085.487
1048.702 1083.415
1048.702 1083.415
1048.702 1083.415
1048.702 1083.415
1048.702 1083.415
1048.702 1083.415
1046.604 1084.58
1045.864 1085.579
1045.864 1086.521
1045.864 1086.645
1045.864 1086.645
1045.864 1086.645
1046.605 1088.927
1047.222 1090.83
1048.087 1093.493
1048.704 1095.395
1049.444 1097.678
1050.185 1099.961
1050.926 1102.244
1051.667 1104.527
1052.037 1105.668
1052.037 1105.668
1052.037 1105.668
1051.656 1105.79
1049.352 1106.462
1047.009 1106.981
1045.439 1107.288
1045.439 1107.288
1045.439 1107.288
1045.439 1107.288
1045.439 1107.288
1045.439 1107.288
1045.667 1108.466
1046.122 1110.822
1046.578 1113.179
1047.033 1115.535
1047.413 1117.499
1047.868 1119.855
1048.324 1122.212
1048.779 1124.568
1049.234 1126.924
1049.69 1129.281
1050.145 1131.637
1050.601 1133.994
1050.829 1135.172
1050.93 1137.135
1050.93 1139.492
1050.93 1141.848
1050.93 1141.848
1050.93 1141.848
1050.93 1141.848
1050.93 1141.848
1050.93 1141.848
1050.93 1141.848
1050.93 1141.848
1050.93 1143.419
1050.93 1145.775
1050.93 1147.346
1050.93 1149.703
1050.93 1150.095
1050.93 1152.452
1051.309 1154.808
1051.461 1155.594
1051.461 1155.594
1051.765 1157.165
1052.068 1158.736
1052.068 1158.736
1052.068 1158.736
1052.068 1158.736
1052.068 1158.736
1052.068 1158.736
1052.068 1158.736
1053.244 1158.496
1055.571 1157.912
1057.847 1157.15
1058.6 1156.88
1058.6 1156.88
1058.6 1156.88
1058.6 1156.88
1058.6 1156.88
1058.6 1156.88
1058.6 1156.88
1058.6 1156.88
1058.6 1156.88
1058.6 1156.88
1058.6 1156.88
1058.6 1156.88
1058.6 1156.88
1058.6 1156.88
1058.6 1156.88
1058.6 1156.88
1058.6 1156.88
1058.6 1156.88
1058.6 1156.88
1058.6 1156.88
1058.6 1156.88
1059.281 1158.76
1060.098 1161.017
1060.916 1163.273
1061.324 1164.401
1061.324 1164.401
1061.324 1164.401
1061.324 1164.401
1061.324 1164.401
1063.561 1163.533
1064.917 1163.378
1066.162 1163.851
1068.141 1163.845
1069.127 1163.845
1069.453 1163.845
1069.453 1163.845
1069.453 1163.845
1069.453 1163.845
1071.373 1163.845
1073.183 1163.845
1074.908 1163.845
1076.026 1163.845
1077.59 1163.845
1078.945 1163.845
1080.528 1163.845
1081.546 1163.845
1082.039 1163.845
1082.039 1163.845
1082.039 1163.845
1082.039 1163.845
1082.039 1163.845
1082.039 1163.845
1082.039 1163.845
1083.308 1164.672
1085.469 1165.698
1087.658 1166.681
1089.847 1167.665
1092.036 1168.649
1094.225 1169.632
1096.415 1170.616
1098.969 1171.763
1101.158 1172.747
1102.252 1173.239
1102.252 1173.239
1103.183 1171.027
1103.937 1168.749
1104.496 1166.416
1104.993 1163.881
1105.109 1163.881
1104.931 1163.881
1104.426 1163.88
1104.001 1163.88
1104.38 1165.843
1104.68 1168.625
1104.574 1171.02
1104.072 1173.364
1102.811 1176.298
1101.515 1178.317
1099.815 1180.541
1099.067 1181.48
1099.067 1181.48
1099.067 1181.48
1100.744 1179.238
1101.629 1177.905
1101.629 1177.905
1101.629 1177.905
1101.629 1177.905
1101.629 1177.905
1103.086 1175.515
1103.672 1174.468
1104.939 1171.971
1105.844 1169.749
1106.713 1166.672
1107.075 1164.301
1107.323 1163.881
1107.323 1163.881
1107.721 1163.919
1110.11 1164.147
1112.499 1164.375
1114.888 1164.603
1117.676 1164.869
1120.065 1165.097
1122.852 1165.363
1125.241 1165.591
1127.63 1165.819
1130.019 1166.047
1132.409 1166.275
1134.798 1166.503
1137.187 1166.731
1139.576 1166.958
1141.965 1167.187
1144.354 1167.415
1146.744 1167.642
1149.133 1167.87
1151.522 1168.098
1151.522 1168.098
1151.522 1168.098
1151.522 1168.098
1151.522 1168.098
1151.522 1168.098
1151.522 1168.098
1151.522 1168.098
1151.522 1168.098
1151.522 1168.098
1151.522 1168.098
1151.522 1168.098
1152.716 1168.212
1155.504 1168.478
1157.893 1168.706
1160.282 1168.934
1162.671 1169.162
1165.458 1169.428
1167.848 1169.656
1170.237 1169.884
1170.237 1169.884
1170.237 1169.884
1170.237 1169.884
1170.237 1169.884
1170.37 1168.29
1170.442 1165.891
1170.282 1163.098
1169.83 1160.424
1170.618 1159.636
1171.284 1158.97
1171.779 1158.475
1171.779 1158.475
1171.779 1158.475
1171.779 1158.475
1171.779 1158.475
1171.779 1158.475
1172.801 1157.846
1174.845 1156.588
1176.888 1155.329
1179.273 1153.861
1181.316 1152.603
1183.36 1151.345
1185.404 1150.086
1187.447 1148.828
1187.343 1146.75
1185.917 1144.821
1185.707 1144.563
1185.469 1144.799
1184.806 1145.457
1184.049 1146.207
1183.148 1147.104
1182.356 1147.895
1182.356 1147.895
1182.356 1147.895
1182.356 1147.895
1183.042 1147.179
1184.444 1145.777
1185.846 1144.375
1187.248 1142.973
1188.65 1141.571
1190.286 1139.936
1191.293 1138.513
1191.739 1136.155
1192.259 1133.404
1192.482 1132.225
1192.928 1129.866
1193.088 1129.087
1193.682 1126.809
1193.905 1125.63
1194.35 1123.272
1194.573 1122.093
1194.796 1120.914
1195.094 1119.342
1195.539 1116.984
1195.614 1116.59
1195.762 1115.804
1195.985 1114.625
1196.134 1113.839
1196.58 1111.481
1196.728 1110.695
1196.877 1109.909
1197.323 1107.551
1197.62 1105.979
1197.62 1105.979
1196.439 1105.766
1194.064 1105.422
1193.535 1105.319
1193.535 1105.319
1193.535 1105.319
1193.535 1105.319
1193.535 1105.319
1193.535 1105.319
1193.535 1105.319
1193.535 1105.319
1193.791 1103.336
1194.047 1101.352
1194.405 1098.575
1194.661 1096.592
1194.969 1094.212
1195.276 1091.831
1195.583 1089.451
1195.788 1087.864
1195.788 1087.864
1195.788 1087.864
1195.788 1087.864
1195.788 1087.864
1195.788 1087.864
1195.788 1087.864
1195.788 1087.864
1195.788 1087.864
1195.788 1087.864
1195.788 1087.864
1195.788 1087.864
1195.788 1087.864
1196.095 1085.484
1196.352 1083.501
1196.71 1080.724
1196.915 1079.137
1197.222 1076.756
1197.53 1074.376
1197.632 1073.583
1197.632 1073.583
1197.632 1073.583
1197.632 1073.583
1197.632 1073.583
1197.632 1073.583
1197.632 1073.583
1197.683 1073.186
1197.99 1070.806
1198.298 1068.426
1198.605 1066.045
1198.912 1063.665
1199.117 1062.078
1199.425 1059.698
1199.681 1057.715
1199.681 1057.715
1199.681 1057.715
1199.681 1057.715
1199.681 1057.715
1199.681 1057.715
1199.681 1057.715
1199.681 1057.715
1199.681 1057.715
1199.681 1057.715
1199.284 1057.665
1196.896 1057.427
1195.299 1057.321
1195.299 1057.321
1195.299 1057.321
1195.299 1057.321
1195.299 1057.321
1195.299 1057.321
1195.299 1057.321
1195.299 1057.321
1195.299 1057.321
1195.324 1056.922
1195.472 1054.526
1195.62 1052.131
1195.768 1049.736
1195.917 1047.34
1196.015 1045.743
1196.164 1043.348
1196.312 1040.952
1196.46 1038.557
1196.608 1036.162
1196.732 1034.165
1196.88 1031.77
1197.028 1029.375
1197.151 1027.378
1197.299 1024.983
1197.448 1022.588
1197.596 1020.192
1197.744 1017.797
1197.892 1015.401
1198.04 1013.006
1198.188 1010.61
1198.337 1008.215
1198.485 1005.82
1198.633 1003.424
1198.781 1001.029
1198.929 998.6333
1199.077 996.2379
1199.226 993.8425
1199.374 991.447
1199.522 989.0516
1199.67 986.6562
1199.818 984.2607
1199.966 981.8654
1200.115 979.4699
1200.263 977.0745
1200.411 974.6791
1200.559 972.2836
1200.707 969.8882
1200.855 967.4928
1201.003 965.0974
1201.152 962.702
1201.3 960.3065
1201.423 958.3104
1201.423 958.3104
1201.423 958.3104
1201.423 958.3104
1201.423 958.3104
1201.423 958.3104
1201.423 958.3104
1201.423 958.3104
1201.547 956.3141
1201.695 953.9188
1201.843 951.5233
1201.991 949.1279
1202.115 947.1317
1202.263 944.7363
1202.411 942.3409
1202.559 939.9454
1202.707 937.55
1202.831 935.5538
1202.954 933.5576
1203.102 931.1622
1203.251 928.7668
1203.298 926.5688
1202.289 925.5532
1202.019 924.0946
1202.019 921.6992
1202.019 919.3038
1202.019 917.3076
1202.019 915.3114
1202.019 912.916
1202.019 910.5205
1202.019 908.1251
1202.019 906.1289
1202.019 905.3304
1202.019 902.9351
1202.167 900.5396
1202.29 898.5434
1202.414 896.5472
1202.562 894.1518
1202.685 892.1556
1202.078 890.3527
1199.691 890.207
1197.296 890.355
1195.702 890.4941
1195.702 890.4941
1195.702 890.4941
1195.702 890.4941
1195.702 890.4941
1195.702 890.4941
1195.633 889.6971
1195.458 887.7047
1195.249 885.3138
1195.075 883.3215
1194.901 881.329
1194.692 878.9382
1194.518 876.9457
1194.344 874.9534
1194.134 872.5625
1193.995 870.9686
1193.786 868.5777
1193.682 867.3823
1193.682 867.3823
1193.682 867.3823
1193.682 867.3823
1193.682 867.3823
1193.682 867.3823
1193.682 867.3823
1193.682 867.3823
1193.682 867.3823
1193.682 867.3823
1193.682 867.3823
1193.542 865.7883
1193.368 863.796
1193.194 861.8035
1193.019 859.8112
1192.845 857.8187
1192.671 855.8264
1192.497 853.834
1190.905 853.9924
1189.32 854.2142
1186.986 854.7653
1184.766 855.6698
1182.699 856.887
1181.199 857.8302
1181.047 857.6779
1181.047 857.6779
1181.047 857.6779
1181.047 857.6779
1181.047 857.6779
1181.047 857.6779
1181.047 857.6779
1180.074 856.4078
1178.858 854.8201
1177.641 853.2325
1176.425 851.6449
1174.965 849.7398
1173.992 848.4697
1172.533 846.5646
1171.316 844.9769
1169.484 844.623
1169 845.6621
1169.124 845.7866
1169.498 846.1607
1170.025 846.6877
1170.414 847.0767
1170.414 847.0767
1169.068 845.7709
1169 845.0046
1168.5 843.5811
1167.259 842.7072
1165.078 841.7053
1163.261 840.8703
1161.443 840.0354
1159.262 839.0334
1157.808 838.3655
1155.628 837.3635
1153.81 836.5286
1151.993 835.6937
1149.713 834.9911
1148.118 835.0599
1145.896 835.946
1143.685 836.8734
1140.934 837.3203
1139.047 837.9587
1136.3 838.4064
1134.3 838.4338
1131.9 838.4667
1129.901 838.4941
1127.901 838.5216
1125.901 838.549
1123.901 838.5764
1121.501 838.6094
1119.902 838.6313
1117.502 838.6642
1115.902 838.6862
1113.502 838.7191
1111.502 838.7465
1109.503 838.7739
1107.503 838.8014
1105.503 838.8288
1103.103 838.8618
1101.503 838.8837
1099.104 838.9166
1097.104 838.944
1095.104 838.9715
1093.104 838.9989
1091.104 839.0263
1088.704 839.0593
1087.105 839.0812
1084.705 839.1141
1082.705 839.1415
1080.705 839.169
1078.305 839.2019
1076.711 839.1215
1074.495 838.2366
1072.22 837.4966
1069.831 837.2674
1067.442 837.0381
1065.849 836.8853
1063.46 836.656
1061.867 836.5032
1059.478 836.2739
1057.886 836.121
1055.497 835.8918
1053.904 835.739
1051.515 835.5096
1049.922 835.3568
1047.533 835.1276
1045.542 834.9365
1043.552 834.7454
1041.561 834.5544
1039.57 834.3633
1037.181 834.134
1035.588 833.9812
1033.199 833.7519
1031.208 833.5609
1029.217 833.3698
1026.828 833.1405
1024.833 833.1215
1022.943 833.7338
1020.791 834.7814
1018.443 835.2198
1016.049 835.385
1013.654 835.5502
1011.26 835.7155
1009.265 835.8531
1007.269 835.9908
1004.875 836.156
1002.88 836.2937
1000.927 835.9231
998.7393 834.9478
996.3951 834.5051
993.9996 834.3588
991.604 834.2124
989.6077 834.0905
987.6115 833.9685
986.813 833.9197
986.813 833.9197
986.813 833.9197
986.813 833.9197
986.813 833.9197
986.813 833.9197
986.813 833.9197
986.813 833.9197
986.813 833.9197
986.813 833.9197
986.813 833.9197
986.813 833.9197
986.813 833.9197
986.813 833.9197
986.813 833.9197
986.813 833.9197
986.813 833.9197
986.813 833.9197
986.813 833.9197
986.813 833.9197
986.813 833.9197
986.813 833.9197
986.813 833.9197
986.813 833.9197
986.813 833.9197
986.813 833.9197
986.813 833.9197
986.813 833.9197
986.813 833.9197
986.813 833.9197
986.813 833.9197
986.813 833.9197
986.813 833.9197
986.813 833.9197
986.813 833.9197
986.813 833.9197
986.813 833.9197
986.813 833.9197
986.813 833.9197
986.813 833.9197
986.813 833.9197
986.813 833.9197
986.813 833.9197
986.813 833.9197
986.813 833.9197
986.813 833.9197
986.813 833.9197
986.813 833.9197
986.813 833.9197
986.813 833.9197
986.813 833.9197
984.8167 833.7977
982.4211 833.6514
980.8242 833.5538
978.4286 833.4075
976.4323 833.2855
974.436 833.1636
972.0405 833.0172
970.0443 832.8953
970.0443 832.8953
970.0443 832.8953
970.0443 832.8953
970.0443 832.8953
970.0443 832.8953
970.0443 832.8953
970.0443 832.8953
968.4472 832.7977
966.4509 832.6757
964.4547 832.5538
962.0591 832.4074
960.4621 832.3098
958.0666 832.1635
956.0703 832.0415
954.074 831.9196
951.6785 831.7732
949.6822 831.6512
947.6859 831.5293
945.2904 831.3829
943.6934 831.2853
942.4956 831.2122
942.4956 831.2122
940.8986 831.1146
938.5031 830.9683
936.1075 830.8219
934.1112 830.7
932.1149 830.578
929.7194 830.4316
927.7231 830.3097
925.7269 830.1877
923.3313 830.0414
921.335 829.9194
919.3387 829.7974
916.9432 829.6511
915.3462 829.5535
915.3462 829.5535
915.3462 829.5535
914.1484 829.4803
912.1522 829.3584
910.1559 829.2365
908.1596 829.1144
905.7641 828.9681
903.7678 828.8461
901.7715 828.7242
899.376 828.5778
896.9805 828.4315
894.9842 828.3095
892.9879 828.1876
890.5923 828.0412
888.1968 827.8948
886.2006 827.7729
884.2043 827.6509
881.8087 827.5046
879.4132 827.3582
877.0177 827.2119
877.0177 827.2119
877.0177 827.2119
877.0177 827.2119
877.0177 827.2119
877.0177 827.2119
877.0177 827.2119
877.0177 827.2119
877.0177 827.2119
875.0214 827.0899
872.6259 826.9435
870.2303 826.7972
867.8348 826.6509
865.8385 826.5289
863.8422 826.4069
861.4467 826.2606
859.0511 826.1143
857.0549 825.9922
855.0586 825.8703
853.3395 827.2257
853.3602 829.6194
853.7943 831.9772
854.6141 834.2299
856.0076 836.655
857.4464 838.5751
858.4622 839.8112
858.4622 839.8112
858.4622 839.8112
858.4622 839.8112
857.8484 840.3242
856.007 841.8635
854.1655 842.5473
852.9379 842.5473
851.0965 842.5473
849.2551 842.5473
847.7205 842.5473
846.186 842.5473
844.3445 842.5473
842.5031 842.5473
841.2755 842.5473
839.4341 842.5473
837.5927 842.5473
836.0581 842.5473
834.5236 842.5473
833.296 842.5473
833.296 842.5473
833.296 842.5473
833.296 842.5473
833.296 842.5473
833.296 842.5473
833.296 842.5473
832.6263 842.6849
831.0326 843.8372
829.498 845.1199
827.6566 846.6591
826.1221 847.9417
824.5876 849.2244
822.7462 850.7636
821.2116 852.0463
819.3702 853.5854
817.8356 854.8681
815.9942 856.4073
814.4597 857.69
812.9252 858.9727
811.0837 860.5118
812.3912 862.0251
813.7808 863.4628
814.2397 863.4777
814.2849 863.4635
814.2849 863.4635
814.2849 863.4635
813.5152 864.2715
812.321 865.7225
811.5272 867.5582
810.5748 869.7611
809.9398 871.2297
808.9873 873.4326
808.1936 875.2684
807.3998 877.1041
806.4474 879.3071
805.6537 881.1428
805.2866 883.1075
805.5029 885.4427
805.535 887.7481
805.4787 890.1351
805.0885 892.5032
804.6982 894.8712
804.6982 894.8712
804.6982 894.8712
804.6982 894.8712
804.438 896.45
804.1129 898.4233
803.7877 900.3967
803.4625 902.3701
803.1373 904.3435
802.7471 906.7115
802.4869 908.2902
802.0967 910.6583
801.7714 912.6317
801.4462 914.6051
801.121 916.5785
800.7958 918.5519
800.4706 920.5252
800.1454 922.4986
799.8203 924.472
799.4951 926.4454
799.1048 928.8135
798.8447 930.3922
798.4544 932.7602
798.1943 934.3389
797.804 936.707
797.5439 938.2857
797.1536 940.6537
797.0795 942.2411
798.6646 943.9039
801.0623 943.9673
803.056 943.8155
805.4357 943.5051
805.4357 943.5051
805.4357 943.5051
805.4357 943.5051
805.4357 943.5051
805.4357 943.5051
803.8492 943.7122
801.8567 943.8799
799.4573 943.8761
797.46 943.7736
797.46 943.7736
797.4357 944.1729
797.3137 946.1691
797.1918 948.1654
797.0942 949.7625
796.9479 952.158
796.8503 953.755
796.704 956.1505
796.6064 957.7476
796.4601 960.1431
796.3625 961.7401
796.2162 964.1356
796.1187 965.7327
795.9723 968.1282
795.8748 969.7252
795.7285 972.1208
795.6309 973.7178
795.5089 975.7141
795.387 977.7103
795.265 979.7066
795.1431 981.7029
795.0211 983.6992
794.8992 985.6954
794.7773 987.6917
794.6553 989.688
794.5577 991.285
794.46 993.6806
794.46 995.2776
794.46 997.6732
794.46 999.6694
794.46 1001.666
794.46 1003.662
794.46 1005.658
794.46 1006.856
794.46 1006.856
794.46 1006.856
794.46 1006.856
794.46 1006.856
794.46 1006.856
794.46 1006.856
794.46 1006.856
794.46 1006.856
794.46 1006.856
794.46 1006.856
794.46 1006.856
794.46 1006.856
794.46 1008.453
794.46 1010.449
794.46 1012.446
794.46 1014.442
794.46 1016.438
794.46 1018.434
794.46 1020.431
794.46 1022.427
794.46 1024.823
794.46 1025.621
794.46 1025.621
794.46 1025.621
794.46 1025.621
794.46 1025.621
794.46 1025.621
794.46 1025.621
794.46 1025.621
794.46 1025.621
794.46 1025.621
794.46 1025.621
794.46 1025.621
794.46 1025.621
794.46 1025.621
794.46 1026.42
794.46 1028.017
794.46 1030.412
794.4599 1032.009
794.4599 1034.405
794.4599 1036.401
794.4599 1038.397
794.4599 1040.394
794.4599 1042.39
794.4599 1044.386
794.4599 1045.185
794.4599 1045.185
794.4599 1045.185
794.4599 1045.185
794.4599 1045.185
794.4599 1045.185
794.4599 1045.185
794.4599 1045.185
794.4599 1045.185
794.4599 1045.185
794.4599 1045.185
794.4599 1045.185
794.4599 1045.185
794.4599 1045.185
794.4599 1045.185
794.4599 1045.185
794.4599 1045.185
794.4599 1045.185
794.4599 1045.185
794.4599 1045.185
794.4599 1045.185
794.4599 1045.584
794.4599 1047.979
794.4599 1049.576
794.4599 1051.972
794.4599 1053.569
794.4599 1055.964
794.4599 1057.562
794.4599 1059.957
794.4599 1061.554
794.4599 1063.95
794.4599 1065.547
794.4599 1067.942
794.4599 1069.14
794.4599 1069.539
794.4599 1071.536
794.4599 1073.532
794.4599 1075.927
794.4599 1077.524
794.4599 1079.92
794.4599 1081.517
794.4599 1083.912
794.4599 1085.509
794.4599 1087.905
794.5049 1089.887
794.5049 1091.883
794.5048 1093.88
794.5048 1095.876
794.5048 1097.872
794.5048 1099.868
794.5048 1101.865
794.5048 1103.861
794.5048 1105.857
794.5048 1107.854
794.4749 1109.85
794.4749 1109.85
794.4749 1109.85
794.4749 1109.85
794.4749 1109.85
794.4749 1109.85
794.4749 1109.85
794.4749 1109.85
794.4749 1109.85
794.4749 1109.85
794.4749 1109.85
794.4749 1109.85
794.4749 1109.85
794.4749 1109.85
794.4749 1109.85
794.4749 1109.85
794.46 1110.249
794.46 1112.246
794.46 1114.242
794.46 1116.238
794.46 1118.234
794.46 1120.63
794.46 1122.227
794.46 1124.623
794.46 1126.22
794.46 1127.018
794.46 1127.018
794.46 1127.018
794.46 1127.018
794.46 1127.018
794.46 1127.018
794.46 1127.018
794.46 1127.018
794.46 1127.018
794.46 1127.018
794.46 1127.817
794.46 1130.212
794.46 1131.809
794.46 1134.205
794.46 1135.802
794.46 1138.197
794.46 1138.996
794.46 1138.996
794.46 1138.996
794.46 1138.996
794.46 1138.996
796.058 1139.075
797.6577 1139.095
800.0486 1138.906
802.3819 1138.355
804.5917 1137.425
806.6592 1136.209
808.6309 1134.841
809.2789 1134.372
810.2186 1135.667
810.4506 1136.432
810.2239 1136.662
810.0052 1136.879
809.7335 1137.153
809.5114 1137.375
809.2893 1137.597
809.0228 1137.864
808.8452 1138.042
808.4638 1138.546
808.1415 1139.595
808.6468 1141.279
809.5864 1142.574
809.5864 1142.574
810.5261 1143.869
811.4658 1145.164
812.8753 1147.106
814.0499 1148.725
815.2245 1150.344
816.634 1152.286
817.5737 1153.581
818.9832 1155.524
820.1578 1157.142
821.3323 1158.761
823.0856 1158.453
824.5174 1157.302
824.5961 1157.381
824.5961 1157.381
824.6125 1157.397
824.569 1157.354
824.569 1157.354
824.569 1157.354
826.0362 1158.713
827.4497 1160.126
828.8629 1161.539
829.9868 1163.375
831.1606 1164.462
832.9211 1166.093
834.3883 1167.452
835.9963 1168.618
838.3182 1169.048
840.3397 1167.785
841.6493 1165.797
841.8444 1165.448
842.2291 1164.747
843.3199 1163.872
844.2974 1163.872
844.2974 1163.872
844.2974 1163.872
844.2974 1163.872
845.3987 1164.349
847.6013 1165.302
849.4367 1166.097
851.2722 1166.891
853.4747 1167.844
855.3102 1168.639
857.1456 1169.433
859.3482 1170.387
861.1837 1171.181
863.0191 1171.975
865.3052 1171.6
866.4171 1169.543
866.8545 1168.004
866.8545 1168.004
866.8545 1168.004
866.8545 1168.004
866.8545 1168.004
866.8545 1168.004
866.8545 1168.004
868.0114 1168.323
870.325 1168.961
872.6387 1169.599
874.1812 1170.024
876.4948 1170.662
878.8085 1171.299
881.1222 1171.937
883.0503 1172.469
884.9917 1172.923
887.3737 1172.818
889.7565 1172.764
892.1187 1173.188
894.4808 1173.613
895.2682 1173.754
895.2682 1173.754
895.2682 1173.754
896.4493 1173.966
898.4178 1174.32
900.78 1174.745
903.1422 1175.169
905.5043 1175.594
907.8665 1176.018
909.8349 1176.372
911.8034 1176.725
914.1655 1177.15
916.5277 1177.574
918.8899 1177.999
921.252 1178.423
923.6257 1178.277
925.7529 1177.196
927.8814 1176.105
930.2151 1175.599
933.0076 1175.395
935.8001 1175.19
937.3959 1175.074
940.1884 1174.869
940.5873 1174.84
940.5873 1174.84
940.5873 1174.84
940.5873 1174.84
940.5873 1174.84
940.5873 1174.84
940.5873 1174.84
940.5873 1174.84
940.5873 1174.84
940.5873 1174.84
940.5873 1174.84
940.5873 1174.84
940.5873 1174.84
940.5873 1174.84
940.5873 1174.84
940.5873 1174.84
940.5873 1174.84
940.5873 1174.84
940.5873 1174.84
940.5873 1174.84
940.5873 1174.84
940.5873 1174.84
940.5873 1174.84
940.5873 1174.84
940.5873 1174.84
940.5873 1174.84
940.5873 1174.84
940.5873 1174.84
940.5873 1174.84
940.5873 1174.84
940.5873 1174.84
940.5873 1174.84
940.6935 1176.837
940.7443 1178.837
940.7443 1178.837
940.7443 1178.837
941.944 1178.81
944.3434 1178.758
946.7429 1178.705
949.1423 1178.653
951.5417 1178.6
953.5413 1178.556
955.9407 1178.504
957.9402 1178.46
960.3396 1178.407
962.739 1178.355
964.7385 1178.311
966.7381 1178.267
969.1375 1178.215
971.5369 1178.162
973.9363 1178.109
976.3358 1178.057
978.7352 1178.004
980.7347 1177.961
983.5341 1177.899
985.5336 1177.856
987.5331 1177.812
989.9325 1177.759
992.3319 1177.707
994.7314 1177.654
997.1308 1177.602
999.5302 1177.549
1001.93 1177.496
1004.329 1177.444
1006.329 1177.4
1008.728 1177.348
1010.728 1177.304
1013.127 1177.251
1015.526 1177.199
1017.926 1177.146
1020.325 1177.094
1022.725 1177.041
1025.124 1176.988
1027.523 1176.936
1029.923 1176.883
1032.322 1176.831
1034.722 1176.778
1037.521 1176.717
1040.32 1176.656
1042.32 1176.612
1045.119 1176.55
1047.519 1176.498
1049.918 1176.445
1052.318 1176.393
1054.717 1176.34
1057.116 1176.288
1059.516 1176.235
1061.915 1176.182
1064.715 1176.121
1067.114 1176.069
1069.913 1176.007
1072.313 1175.955
1074.712 1175.902
1077.112 1175.85
1079.511 1175.797
1081.91 1175.745
1084.71 1175.683
1087.109 1175.631
1089.909 1175.569
1092.308 1175.517
1094.707 1175.464
1097.107 1175.412
1099.506 1175.359
1102.705 1175.289
1105.105 1175.237
1107.504 1175.184
1109.904 1175.131
1112.303 1175.079
1114.703 1175.026
1117.102 1174.974
1119.901 1174.912
1122.701 1174.851
1125.1 1174.799
1127.5 1174.746
1129.899 1174.693
1132.298 1174.641
1134.698 1174.588
1137.097 1174.536
1139.497 1174.483
1141.896 1174.431
1144.296 1174.378
1144.296 1174.378
1144.296 1174.378
1144.296 1174.378
1144.257 1173.179
1144.011 1170.391
1143.618 1168.023
1143.471 1167.237
1143.471 1167.237
1143.471 1167.237
1143.471 1167.237
1143.613 1168.024
1143.963 1170.398
1144.079 1172.793
1143.754 1175.571
1143.084 1178.289
1142.517 1180.207
1142.517 1180.207
1144.816 1180.897
1147.114 1181.588
1149.796 1182.393
1151.711 1182.576
1154.393 1182.576
1156.691 1182.576
1158.99 1182.576
1161.727 1182.382
1163.296 1181.203
1163.726 1178.446
1163.572 1176.054
1162.798 1172.953
1161.956 1170.706
1161.202 1168.853
1161.202 1168.853
1161.202 1168.853
1161.202 1168.853
1163.424 1167.948
1165.647 1167.042
1167.869 1166.136
1170.092 1165.231
1172.314 1164.325
1174.412 1163.188
1175.972 1161.398
1176.795 1159.165
1177.009 1156.376
1176.912 1153.578
1177.346 1152.896
1177.346 1152.896
1177.346 1152.896
1179 1151.165
1180.975 1149.19
1182.668 1147.497
1184.361 1145.805
1186.053 1144.112
1187.746 1142.419
1189.439 1140.726
1191.112 1139.014
1192.683 1137.2
1194.255 1135.386
1194.849 1133.295
1193.279 1132.056
1190.922 1130.549
1188.809 1130.266
1188.455 1130.266
1188.455 1130.266
1188.455 1130.266
1188.455 1130.266
1188.455 1130.266
1188.455 1130.266
1189.565 1130.266
1190.675 1130.266
1191.997 1130.073
1193.427 1128.419
1194.537 1126.291
1195.52 1124.11
1195.704 1121.74
1195.221 1119.394
1195.232 1117.002
1195.883 1114.28
1196.585 1111.569
1196.824 1109.191
1197.37 1106.854
1197.918 1104.517
1198.466 1102.181
1199.014 1099.844
1199.562 1097.507
1200.042 1095.161
1199.734 1092.804
1198.793 1090.602
1198.167 1087.887
1198.191 1085.487
1198.24 1082.688
1198.282 1080.288
1198.325 1077.888
1198.367 1075.489
1198.402 1073.489
1198.437 1071.489
1198.48 1069.09
1198.522 1066.69
1198.564 1064.291
1198.599 1062.291
1198.635 1060.291
1198.677 1057.891
1198.719 1055.492
1198.761 1053.092
1198.803 1050.693
1198.846 1048.293
1198.881 1046.293
1198.916 1044.294
1198.958 1041.894
1199.001 1039.494
1199.043 1037.095
1199.085 1034.695
1199.12 1032.695
1199.163 1030.296
1199.198 1028.296
1199.24 1025.896
1199.282 1023.497
1199.325 1021.097
1199.367 1018.698
1199.409 1016.298
1199.451 1013.898
1199.494 1011.499
1199.536 1009.099
1199.578 1006.699
1199.62 1004.3
1199.663 1001.9
1199.705 999.5005
1199.747 997.1009
1199.789 994.7013
1199.832 992.3016
1199.874 989.902
1199.916 987.5024
1199.958 985.1027
1200.001 982.7031
1200.043 980.3035
1200.085 977.9039
1200.127 975.5042
1200.17 973.1046
1200.212 970.705
1200.254 968.3054
1200.296 965.9057
1200.346 963.1061
1200.388 960.7065
1200.423 958.7068
1200.465 956.3072
1200.508 953.9076
1200.55 951.5079
1200.592 949.1083
1200.634 946.7087
1200.677 944.3091
1200.719 941.9094
1200.761 939.5098
1200.796 937.5101
1200.832 935.5104
1200.874 933.1108
1200.916 930.7112
1200.958 928.3116
1201.001 925.9119
1201.036 923.9122
1201.071 921.9125
1201.113 919.5129
1201.156 917.1133
1201.191 915.1136
1201.226 913.1139
1201.268 910.7143
1201.31 908.3146
1201.353 905.915
1201.395 903.5154
1201.301 901.9228
1200.383 899.7213
1199.273 897.6076
1198.804 895.2633
1198.48 892.8853
1198.156 890.5072
1197.833 888.1292
1197.509 885.7512
1197.293 884.1658
1196.969 881.7878
1196.645 879.4097
1196.429 877.8243
1196.105 875.4464
1195.835 873.4646
1195.565 871.4829
1195.241 869.1049
1194.866 867.1447
1193.878 865.4182
1192.028 863.9132
1189.804 863.0217
1187.596 862.0869
1186.607 860.7258
1185.744 858.8108
1184.261 856.9238
1182.778 855.0368
1181.542 853.4644
1180.306 851.8918
1178.823 850.0049
1177.796 848.7821
1175.872 847.3714
1173.538 846.881
1171.551 847.0641
1170.151 846.7957
1169.277 845.9244
1169 845.6596
1169 845.1639
1168.826 844.1295
1167.85 842.9774
1165.965 842.3795
1163.643 841.7722
1162.095 841.3674
1159.705 841.3978
1157.363 841.8857
1154.979 841.8307
1152.72 841.3807
1150.865 840.8829
1148.881 840.6276
1146.521 840.2209
1145.089 839.515
1143.031 838.2948
1139.951 837.4479
1138.006 836.9821
1136.061 836.5163
1134.487 836.244
1132.13 836.6147
1129.742 836.8004
1127.362 836.4926
1124.982 836.1849
1122.998 835.9284
1121.015 835.6719
1119.031 835.4155
1117.048 835.159
1115.064 834.9025
1113.081 834.6461
1111.098 834.3896
1109.114 834.1331
1106.734 833.8253
1105.147 833.6201
1102.767 833.3124
1100.783 833.0559
1098.8 832.7994
1096.816 832.543
1096.023 832.4404
1096.023 832.4404
1096.023 832.4404
1096.023 832.4404
1096.023 832.4404
1096.023 832.4404
1096.023 832.4404
1096.023 832.4404
1096.023 832.4404
1096.023 832.4404
1096.023 832.4404
1096.023 832.4404
1096.023 832.4404
1096.023 832.4404
1096.023 832.4404
1096.023 832.4404
1096.023 832.4404
1096.023 832.4404
1096.023 832.4404
1096.023 832.4404
1096.023 832.4404
1096.023 832.4404
1094.833 832.2865
1092.453 831.9787
1090.866 831.7735
1088.486 831.4658
1086.899 831.2606
1084.519 830.9528
1082.932 830.7476
1080.552 830.4399
1078.965 830.2347
1076.585 829.9269
1074.998 829.7217
1072.618 829.4139
1071.031 829.2088
1070.238 829.1062
1070.05 830.6951
1069.968 831.4909
1069.968 831.4909
1069.891 832.2872
1069.751 834.282
1069.782 836.6805
1070.156 838.1219
1070.83 838.1241
1071.843 838.2556
1072.086 838.3524
1072.086 838.3524
1072.086 838.3524
1072.086 838.3524
1071.502 838.1824
1069.292 838.1729
1067.429 838.1729
1065.567 838.1729
1063.694 838.8461
1061.832 839.575
1060.15 840.6273
1059.349 842.4002
1059.993 844.6592
1060.208 846.5064
1060.208 848.0746
1060.208 849.3856
1060.208 850.5363
1060.208 850.9052
1060.208 850.9052
1060.208 850.9052
1060.208 850.9052
1060.208 850.9052
1060.208 850.9052
1060.208 850.9052
1060.208 851.6248
1060.208 852.4601
1060.208 852.7845
1060.208 852.7845
1060.208 852.7845
1060.208 852.7845
1059.885 853.5161
1059.237 854.9794
1058.267 857.1743
1057.619 858.6375
1056.649 860.8324
1055.84 862.6614
1055.307 864.5693
1055.923 866.4214
1058.107 867.3482
1060.175 867.6414
1060.175 867.6406
1060.175 867.501
1060.175 867.4758
1060.175 867.4758
1060.175 867.4758
1060.175 867.4758
1059.376 867.5222
1056.978 867.586
1054.579 867.5153
1054.179 867.4968
1054.124 868.6955
1054.05 870.2938
1053.938 872.6912
1053.846 874.6891
1053.753 876.687
1053.66 878.6848
1053.568 880.6826
1053.457 883.0801
1053.382 884.6783
1053.271 887.0757
1053.179 889.0736
1053.086 891.0715
1052.993 893.0693
1052.901 895.0671
1052.79 897.4646
1052.697 899.4625
1052.604 901.4603
1052.512 903.4581
1052.419 905.456
1052.308 907.8534
1052.215 909.8513
1052.122 911.8491
1052.03 913.847
1051.937 915.8448
1051.826 918.2422
1051.752 919.8405
1051.641 922.238
1051.548 924.2358
1051.455 926.2336
1051.344 928.6311
1051.251 930.629
1051.159 932.6268
1051.066 934.6246
1050.974 936.6225
1050.862 939.0199
1050.77 941.0178
1050.677 943.0156
1050.566 945.413
1050.492 947.0114
1050.38 949.4088
1050.288 951.4066
1050.195 953.4045
1050.084 955.8019
1050.01 957.4001
1049.899 959.7976
1049.788 962.195
1049.714 963.7933
1049.602 966.1907
1049.491 968.5881
1049.38 970.9856
1049.466 972.5583
1051.409 973.6566
1053.801 973.48
1056.156 973.0238
1058.482 972.4335
1058.869 972.3309
1058.972 972.7175
1059.588 975.037
1060.101 976.97
1060.234 978.903
1060.234 981.2225
1060.234 983.5421
1060.234 985.475
1060.234 987.408
1060.234 989.7276
1060.234 992.0471
1060.234 993.9801
1060.234 995.9131
1060.119 998.3011
1059.513 1000.618
1059.462 1003.001
1059.735 1005.386
1060.008 1007.77
1060.175 1008.737
1060.175 1008.737
1060.175 1008.737
1060.175 1008.737
1059.975 1008.738
1059.186 1008.833
1058.206 1009.357
1057.357 1011.09
1057.371 1013.49
1057.371 1015.889
1057.371 1017.888
1057.372 1020.287
1057.372 1022.287
1057.372 1024.686
1057.372 1027.085
1057.372 1029.484
1057.372 1031.483
1057.403 1034.282
1057.445 1035.882
1057.508 1038.281
1057.571 1040.68
1057.634 1043.079
1057.686 1045.079
1057.739 1047.078
1057.802 1049.477
1057.864 1051.876
1057.927 1054.276
1057.99 1056.675
1058.043 1058.674
1058.106 1061.073
1058.158 1063.073
1058.221 1065.472
1058.242 1066.271
1058.242 1066.271
1058.242 1066.271
1058.242 1066.271
1058.242 1066.271
1058.242 1066.271
1058.252 1066.671
1058.315 1069.071
1058.378 1071.47
1058.431 1073.469
1058.483 1075.468
1058.546 1077.867
1058.609 1080.267
1058.672 1082.666
1058.726 1085.063
1058.686 1087.448
1058.686 1089.847
1058.686 1092.246
1058.686 1094.246
1058.686 1096.645
1058.686 1098.644
1058.696 1101.043
1058.759 1103.442
1058.822 1105.842
1058.885 1108.241
1058.948 1110.64
1059.011 1113.039
1059.074 1115.438
1059.137 1117.837
1059.2 1120.237
1059.263 1122.636
1059.326 1125.035
1059.378 1127.034
1059.441 1129.433
1059.472 1130.018
1059.472 1130.018
1057.872 1130.036
1055.874 1129.965
1053.112 1129.529
1050.823 1128.812
1048.599 1127.909
1047.132 1127.272
1047.132 1127.272
1047.132 1127.272
1047.132 1127.272
1047.132 1127.272
1047.132 1127.272
1047.867 1127.586
1050.103 1128.457
1052.417 1129.088
1054.8 1129.347
1057.597 1129.256
1060.176 1128.951
1060.176 1128.951
1060.176 1128.951
1060.176 1128.951
1060.176 1128.951
1060.176 1128.951
1059.778 1128.997
1057.388 1129.209
1054.989 1129.251
1053.789 1129.249
1053.789 1129.249
1053.789 1129.249
1053.78 1130.018
1053.531 1130.022
1052.395 1130.249
1051.126 1131.544
1050.783 1134.297
1050.552 1137.087
1050.387 1139.08
1050.401 1141.471
1050.908 1143.69
1050.913 1146.158
1050.937 1148.513
1050.937 1150.899
1050.979 1153.286
1050.57 1155.631
1049.446 1157.739
1048.144 1160.202
1045.993 1161.992
1044.816 1163.18
1044.811 1164.762
1043.937 1166.68
1042.087 1168.164
1039.229 1169.573
1037.43 1171.147
1035.52 1173.194
1033.609 1175.24
1031.82 1176.824
1029.557 1177.606
1027.303 1178.382
1024.913 1178.483
1022.147 1178.254
1019.613 1177.066
1017.664 1175.678
1015.554 1173.842
1013.588 1171.856
1011.635 1170.488
1009.391 1169.66
1006.658 1169.122
1003.968 1168.344
1003.968 1168.344
1003.968 1168.344
1003.968 1168.344
1003.968 1168.344
1003.968 1168.344
1003.968 1168.344
1003.199 1168.121
1000.894 1167.454
998.5413 1167.104
996.5449 1167.141
993.7738 1167.072
991.4127 1167.429
989.055 1167.824
986.6624 1167.761
984.2698 1167.573
981.4785 1167.352
979.1551 1167.899
977.1699 1168.084
974.7701 1168.051
971.5704 1168.007
969.5706 1167.979
967.1709 1167.946
965.1711 1167.919
962.7713 1167.885
962.3713 1167.88
962.3713 1167.88
962.3713 1167.88
962.3713 1167.88
962.3713 1167.88
962.3713 1167.88
962.3713 1167.88
962.3713 1167.88
962.3713 1167.88
962.3713 1167.88
962.3713 1167.88
962.3713 1167.88
962.3713 1167.88
962.3713 1167.88
961.1714 1167.864
958.7717 1167.83
956.3719 1167.797
953.9905 1167.571
952.0814 1166.991
949.3809 1166.367
947.2115 1165.369
945.0064 1164.474
943.0465 1163.109
941.0508 1161.795
938.106 1160.557
937.61 1159.319
937.6024 1157.803
937.5953 1156.164
937.5953 1154.726
937.5953 1153.4
937.5953 1152.075
937.5953 1150.939
937.5953 1149.819
937.5851 1147.893
937.5505 1145.171
937.6796 1142.777
938.2045 1140.438
939.112 1138.219
940.8721 1135.555
942.1461 1133.522
942.9733 1131.282
943.254 1128.903
943.4546 1126.111
943.2385 1123.786
940.8604 1123.57
938.5098 1123.138
937.6197 1122.48
937.6072 1120.941
937.5879 1119.102
937.5807 1117.009
937.5807 1114.516
937.6547 1113.556
937.6547 1113.556
937.8192 1113.431
938.4163 1112.708
938.5046 1110.548
937.9558 1108.223
937.5759 1105.99
937.5759 1103.786
937.5524 1101.459
937.5714 1099.463
937.7888 1096.684
937.6077 1094.303
937.5607 1091.947
937.6281 1089.567
937.5588 1087.207
937.5588 1084.849
937.5588 1082.491
937.5588 1080.133
937.559 1078.168
937.559 1076.203
937.559 1073.846
937.559 1071.488
937.559 1069.916
937.559 1067.558
937.559 1065.2
937.559 1063.235
937.5589 1061.27
937.5589 1058.912
937.5589 1056.554
937.5589 1054.982
937.5589 1052.624
937.5589 1050.266
937.5589 1048.695
937.5589 1046.337
937.5589 1044.372
937.5589 1042.407
937.5589 1040.049
937.5589 1039.656
937.5589 1039.656
937.5589 1039.656
937.5589 1039.656
937.5589 1039.656
937.5589 1039.656
937.5589 1039.656
937.5589 1039.656
937.5589 1039.656
937.5589 1039.656
937.5589 1039.656
937.5589 1039.656
937.5589 1039.656
937.5589 1039.656
937.5589 1039.656
937.5589 1039.656
937.5589 1039.656
937.5589 1039.656
937.5589 1038.87
937.5588 1036.905
937.5588 1034.94
937.5588 1032.582
937.5588 1031.01
937.5588 1028.652
937.6187 1026.664
938.1589 1024.739
938.072 1021.948
938.7685 1019.261
939.1314 1017.704
940.0915 1015.507
940.4462 1012.735
940.6257 1010.341
940.7753 1008.347
940.2974 1006.022
938.7501 1004.202
937.592 1002.625
937.592 1002.625
937.592 1002.625
937.592 1002.625
937.592 1002.625
937.592 1002.625
937.5491 1001.826
937.5486 999.8293
937.9999 997.8936
939.0533 995.7414
940.4605 993.8168
941.9772 991.9648
943.9597 990.6262
945.7 989.0295
946.2527 986.7158
946.3126 984.3233
946.3497 981.9355
946.8046 979.5845
946.7223 977.2007
946.1143 974.8844
944.9537 972.7938
943.8294 970.6796
942.2357 968.8965
940.4666 967.2903
938.7517 965.6133
937.5784 963.5405
937.5596 961.2545
937.777 958.8756
938.8451 956.7398
940.5394 954.5128
941.5508 952.791
942.1611 949.6631
942.4058 947.2756
942.5688 945.684
942.8135 943.2965
942.2128 941.0313
940.9403 940.0641
939.7407 940.0327
939.7407 940.0327
939.7407 940.0327
939.7407 940.0327
939.7407 940.0327
939.7407 940.0327
939.7407 940.0327
939.7595 939.2329
939.797 937.6334
939.8533 935.234
939.9001 933.2346
939.9471 931.2351
940.0034 928.8358
940.0596 926.4365
940.0971 924.8369
940.1346 923.2373
940.1815 921.2379
940.2284 919.2384
940.2847 916.8391
940.3315 914.8397
940.3785 912.8402
940.416 911.2406
940.4629 909.2411
940.5004 907.6416
940.5285 906.442
940.5566 905.2422
940.5754 904.4425
940.6129 902.843
940.6505 901.2433
940.6973 899.2439
940.7442 897.2444
940.8005 894.8452
940.8192 894.0453
940.8568 892.4458
940.8943 890.8463
940.9505 888.4469
940.9974 886.4474
941.0443 884.448
941.1006 882.0486
941.1381 880.4491
941.1943 878.0497
941.2413 876.0503
941.2881 874.0508
941.335 872.0514
941.382 870.0519
941.4382 867.6526
941.4757 866.053
941.532 863.6537
941.5695 862.0541
941.5977 860.8545
941.5977 860.8545
941.5977 860.8545
941.6351 859.2549
941.682 857.2555
941.7195 855.6559
941.7195 855.6559
941.7195 855.6559
941.7195 855.6559
941.7195 855.6559
941.7195 855.6559
941.7195 855.6559
941.7195 855.6559
941.7289 855.256
941.7852 852.8567
941.8227 851.2571
941.8602 849.6575
941.8602 849.6575
941.8884 848.4579
941.9258 846.8583
943.9242 846.9377
945.9147 847.1268
948.2593 847.6294
950.8475 848.686
952.8669 849.9778
954.2864 851.8696
954.2917 853.7004
954.2932 855.6046
954.2932 855.6046
954.2932 855.6046
954.2932 855.6046
954.2932 855.6046
954.2932 855.6046
953.0627 854.0281
951.7512 852.5187
949.9873 850.8944
947.9976 849.5556
945.8799 848.4273
943.7132 847.3954
943.7132 847.3954
944.7349 845.2238
945.8098 843.5508
947.6809 842.0628
949.9351 841.2411
952.1531 840.3539
954.5435 840.2766
956.8958 840.7383
958.9038 840.8438
961.1326 840.5361
963.5026 840.2208
965.8127 839.5702
968.1042 838.8676
970.0637 837.5107
971.1809 835.8594
973.0717 833.8107
975.0928 832.5242
977.1896 831.3565
979.5074 830.7576
981.1019 830.8334
983.7865 831.621
986.1612 833.0789
988.0959 834.4967
990.2736 835.4917
992.6404 835.8773
994.9996 835.56
997.0895 834.4138
998.8024 832.7401
1000.689 831.2813
1002.88 830.3242
1005.207 829.7648
1007.589 829.9449
1009.717 831.0131
1011.444 832.6703
1012.851 834.6125
1014.049 836.6917
1015.684 837.3776
1016.328 835.0662
1016.771 832.7085
1017.024 830.3221
1017.123 829.1262
1017.123 829.1262
1017.123 829.1262
1017.123 829.1262
1017.123 829.1262
1017.123 829.1262
1017.123 829.1262
1017.123 829.1262
1017.123 829.1262
1017.123 829.1262
1017.123 829.1262
1017.123 829.1262
1017.123 829.1262
1018.319 829.2227
1020.711 829.4156
1022.705 829.5765
1024.698 829.7373
1027.091 829.9303
1029.084 830.0911
1031.078 830.2519
1032.672 830.3806
1032.672 830.3806
1032.672 830.3806
1032.672 830.3806
1032.672 830.3806
1032.672 830.3806
1034.267 830.5092
1036.261 830.67
1038.254 830.8308
1040.647 831.0238
1042.241 831.1525
1044.634 831.3455
1046.627 831.5063
1048.621 831.6671
1048.621 831.6671
1048.621 831.6671
1048.621 831.6671
1048.621 831.6671
1050.614 831.8279
1052.608 831.9887
1055 832.1817
1056.595 832.3104
1058.987 832.5033
1060.582 832.632
1062.974 832.825
1064.968 832.9858
1066.961 833.1465
1068.955 833.3074
1070.948 833.4682
1072.942 833.629
1074.935 833.7899
1076.929 833.9506
1078.922 834.1115
1080.916 834.2723
1082.909 834.4331
1084.903 834.5939
1086.896 834.7547
1088.89 834.9155
1090.883 835.0764
1093.276 835.2693
1094.87 835.398
1097.263 835.5909
1098.858 835.7196
1101.25 835.9126
1103.243 836.0734
1105.237 836.2342
1107.629 836.4272
1109.224 836.5558
1111.616 836.7488
1113.61 836.9097
1115.603 837.0704
1117.597 837.2313
1119.59 837.3921
1121.982 837.5851
1123.577 837.7137
1125.969 837.9067
1127.963 838.0675
1129.957 838.2283
1131.946 838.2233
1133.542 837.0688
1134.031 834.7541
1133.998 834.1468
1133.998 834.1468
1133.998 834.1468
1133.998 834.1468
1133.998 834.1468
1133.998 834.1468
1133.998 834.1468
1135.596 834.0772
1137.594 834.0704
1139.593 834.0704
1141.591 834.0704
1141.99 834.0704
1141.99 834.0704
1143.589 834.0704
1145.587 833.9834
1147.985 833.879
1149.583 833.8094
1151.981 833.705
1153.979 833.618
1155.977 833.5311
1158.375 833.4267
1159.973 833.3571
1162.371 833.2527
1164.369 833.1657
1166.302 833.3163
1166.785 835.5231
1166.652 837.919
1166.418 840.3074
1166.03 842.52
1165.813 842.5543
1165.813 842.5543
1165.813 842.5543
1165.813 842.5543
1165.813 842.5543
1165.813 842.5543
1168.059 843.044
1169.551 843.6233
1171.788 844.4922
1173.652 845.2164
1175.516 845.9406
1177.753 846.8096
1179.245 847.3889
1181.482 848.2579
1182.973 848.8372
1185.211 849.7062
1187.075 850.4303
1187.075 850.4303
1187.075 850.4303
1187.075 850.4303
1187.075 850.4303
1187.075 850.4303
1187.075 850.4303
1187.075 850.4303
1187.075 850.4303
1187.075 850.4303
1186.481 851.9158
1185.834 853.379
1184.773 855.532
1184.773 855.532
1184.773 855.532
1184.773 855.532
1184.773 855.532
1184.773 855.532
1184.773 855.532
1184.773 855.532
1184.773 855.532
1184.773 855.532
1184.773 855.532
1184.773 855.532
1185.812 853.3686
1186.708 851.1427
1186.984 850.3918
1186.984 850.3918
1187.758 848.1201
1188.311 846.1982
1188.521 845.4263
1188.521 845.4263
1188.521 845.4263
1188.521 845.4263
1188.521 845.4263
1188.521 845.4263
1188.521 845.4263
1188.521 845.4263
1188.521 845.4263
1188.521 845.4263
1188.521 845.4263
1188.521 845.4263
1188.521 845.4263
1188.521 845.4263
1188.521 845.4263
1188.521 845.4263
1188.521 845.4263
1188.521 845.4263
1188.521 845.4263
1188.308 846.1974
1187.848 847.7297
1187.091 850.0073
1186.558 851.5159
1186.282 852.2665
1186.282 852.2665
1186.282 852.2665
1186.282 852.2665
1185.403 854.4998
1184.599 856.331
1184.599 856.331
1184.599 856.331
1184.599 856.331
1183.931 857.7847
1183.062 858.1281
1183.062 858.1281
1183.062 858.1281
1183.782 858.1651
1185.606 858.671
1187.405 859.5438
1189.205 860.4166
1191.364 861.4639
1192.804 862.1621
1194.963 863.2095
1195.987 864.408
1195.48 866.6616
1194.158 868.6631
1192.602 870.4882
1190.818 872.0897
1188.814 873.4087
1186.684 874.5132
1186.617 875.3529
1186.617 875.3529
1186.617 875.3529
1187.343 875.0173
1189.134 874.1271
1190.856 873.1121
1192.814 871.7251
1194.087 870.756
1194.087 870.756
1194.331 871.0733
1195.792 872.9774
1196.766 874.2466
1198.227 876.1507
1199.444 877.7374
1200.497 879.3682
1201.224 881.2938
1201.224 882.5632
1201.224 884.4672
1199.914 886.215
1198.584 887.1044
1196.181 888.5402
1196.181 888.5402
1196.181 888.5402
1196.181 888.5402
1196.181 888.5402
1196.181 888.5402
1196.181 888.5402
1196.181 888.5402
1196.181 888.5402
1196.181 888.5402
1196.181 888.5402
1194.789 889.3292
1193.526 890.2758
1193.526 890.2758
1193.526 890.2758
1193.526 890.2758
1194.467 892.0405
1195.22 893.4523
1196.349 895.5701
1197.478 897.6877
1198.231 899.0995
1199.36 901.2173
1200.49 903.335
1201.243 904.7468
1201.606 906.9291
1199.675 908.2386
1197.467 909.1787
1195.231 910.0522
1193.73 910.6055
1193.531 911.143
1193.531 911.143
1193.933 912.2734
1194.739 914.5342
1195.41 916.4183
1196.215 918.6791
1196.886 920.5631
1197.692 922.824
1198.497 925.0848
1199.302 927.3456
1199.974 929.2297
1199.436 930.8718
1197.14 931.5694
1194.801 932.1054
1193.535 932.3849
1193.535 932.3878
1193.535 932.3629
1193.535 932.3629
1193.535 932.3629
1193.535 932.3629
1193.535 932.3629
1193.535 932.3629
1193.535 932.3629
1195.535 932.3647
1197.532 932.2668
1198.729 932.1807
1198.818 933.3774
1198.997 935.7708
1199.175 938.1641
1199.354 940.5575
1199.502 942.5519
1199.651 944.5464
1199.829 946.9398
1200.008 949.3331
1200.186 951.7265
1200.365 954.1199
1200.543 956.5132
1200.721 958.9066
1200.9 961.2999
1201.078 963.6933
1201.257 966.0867
1201.435 968.48
1201.613 970.8734
1201.792 973.2667
1201.97 975.6601
1202.149 978.0535
1202.327 980.4468
1202.505 982.8401
1202.684 985.2335
1202.862 987.6269
1203.041 990.0203
1203.219 992.4136
1203.397 994.8069
1203.576 997.2003
1203.625 999.5937
1203.625 1001.987
1203.625 1004.38
1203.744 1006.774
1203.952 1009.566
1204.131 1011.959
1204.309 1014.353
1204.458 1016.347
1204.539 1018.741
1204.539 1021.134
1204.539 1023.527
1204.539 1025.921
1204.539 1028.314
1204.539 1030.707
1204.539 1033.101
1204.539 1035.494
1204.539 1037.887
1204.539 1039.882
1204.539 1042.674
1204.539 1042.674
1204.539 1042.674
1204.539 1042.674
1204.539 1043.073
1204.539 1045.466
1204.539 1047.86
1204.539 1050.253
1204.539 1052.646
1204.539 1054.641
1204.539 1057.034
1204.539 1059.029
1204.539 1061.422
1204.539 1063.816
1204.539 1066.209
1204.539 1068.203
1204.539 1070.198
1204.539 1072.591
1204.539 1074.984
1204.539 1077.378
1204.539 1079.771
1204.539 1082.165
1204.539 1084.159
1204.539 1086.154
1204.539 1088.946
1204.539 1090.94
1204.539 1093.334
1204.539 1095.727
1204.539 1098.12
1204.539 1098.519
1204.539 1098.519
1204.539 1098.519
1204.539 1100.913
1204.539 1102.907
1204.539 1105.3
1204.539 1107.694
1204.17 1109.882
1204.17 1112.276
1204.17 1114.27
1204.17 1116.663
1204.17 1119.057
1204.17 1121.45
1204.17 1123.843
1204.319 1126.237
1204.497 1128.63
1203.695 1130.159
1203.577 1132.501
1203.577 1134.894
1203.577 1137.288
1203.577 1139.681
1203.577 1142.074
1203.577 1142.872
1201.18 1142.996
1198.781 1142.971
1195.6 1142.647
1193.259 1142.121
1190.594 1141.264
1189.074 1141.189
1188.656 1141.607
1188.454 1141.809
1188.404 1141.859
1190.181 1143.471
1192.039 1144.991
1192.665 1145.488
1195.244 1147.381
1197.326 1148.571
1199.547 1149.478
1201.832 1150.212
1201.483 1151.36
1200.786 1153.657
1199.605 1155.47
1198.108 1156.967
1196.362 1158.713
1194.865 1160.21
1192.926 1161.103
1190.673 1160.276
1188.137 1159.092
1186.111 1157.811
1184.043 1155.928
1182.305 1153.736
1180.981 1151.734
1180.337 1150.722
1180.337 1150.722
1181.674 1152.714
1183.158 1154.599
1185.14 1156.576
1187.247 1158.419
1189.091 1159.955
1191.346 1161.614
1192.325 1162.308
1190.405 1160.869
1188.602 1159.286
1186.805 1157.145
1185.456 1154.696
1184.698 1152.422
1184.244 1149.258
1184.174 1146.859
1184.178 1146.462
1184.345 1149.657
1184.675 1152.034
1184.675 1152.034
1184.675 1152.034
1184.675 1152.034
1184.873 1153.217
1184.873 1153.217
1184.873 1153.217
1184.873 1153.217
1184.873 1153.217
1184.873 1153.217
1183.297 1153.49
1180.932 1153.899
1178.567 1154.309
1176.202 1154.718
1174.463 1155.756
1172.862 1157.314
1171.172 1158.996
1169.704 1160.884
1168.2 1163.703
1166.588 1165.472
1164.633 1166.859
1162.273 1168.976
1161.276 1171.157
1159.584 1172.828
1156.571 1173.829
1154.404 1174.849
1152.411 1176.184
1149.58 1177.613
1147.237 1178.069
1144.918 1178.637
1142.01 1179.968
1139.681 1180.419
1137.286 1180.358
1134.156 1179.721
1132.005 1178.674
1129.715 1176.456
1127.948 1174.835
1125.2 1173.249
1122.859 1172.814
1120.517 1173.25
1117.906 1175.056
1116.274 1176.814
1114.443 1178.933
1113.259 1179.124
1113.259 1179.124
1113.259 1179.124
1113.259 1179.124
1113.259 1179.124
1113.259 1179.124
1113.259 1179.124
1113.259 1179.124
1113.259 1179.124
1113.259 1179.124
1110.494 1179.57
1108.125 1179.952
1105.756 1180.334
1103.386 1180.716
1101.017 1181.098
1098.647 1181.48
1095.883 1181.926
1093.119 1182.372
1090.851 1181.945
1089.375 1180.133
1088.919 1177.005
1088.933 1176.205
1089.08 1173.008
1089.08 1173.008
1089.08 1173.008
1089.08 1173.008
1089.023 1176.207
1089.126 1178.604
1089.126 1178.604
1089.126 1178.604
1089.126 1178.604
1089.126 1178.604
1089.126 1178.604
1087.128 1178.708
1084.731 1178.833
1082.335 1178.957
1079.938 1179.082
1077.541 1179.206
1074.745 1179.351
1072.348 1179.476
1069.552 1179.621
1068.354 1179.683
1068.354 1179.683
1068.354 1179.683
1068.354 1179.683
1068.354 1179.683
1068.354 1179.683
1068.354 1179.683
1068.354 1179.683
1068.354 1179.683
1068.354 1179.683
1068.354 1179.683
1068.354 1179.683
1068.354 1179.683
1068.354 1179.683
1068.354 1179.683
1068.354 1179.683
1068.354 1179.683
1068.354 1179.683
1068.354 1179.683
1068.354 1179.683
1068.354 1179.683
1068.354 1179.683
1068.354 1179.683
1068.354 1179.683
1068.354 1179.683
1068.354 1179.683
1068.354 1179.683
1068.354 1179.683
1068.354 1179.683
1068.354 1179.683
1068.354 1179.683
1068.354 1179.683
1068.354 1179.683
1068.354 1179.683
1068.354 1179.683
1068.354 1179.683
1068.354 1179.683
1068.354 1179.683
1068.354 1179.683
1068.354 1179.683
1068.354 1179.683
1068.354 1179.683
1068.354 1179.683
1065.557 1179.828
1063.161 1179.953
1060.364 1180.098
1057.968 1180.223
1055.571 1180.347
1053.174 1180.472
1050.777 1180.596
1047.981 1180.741
1045.584 1180.866
1043.188 1180.99
1040.791 1181.115
1037.995 1181.26
1035.606 1181.22
1033.349 1180.431
1030.973 1180.153
1027.775 1180.044
1026.176 1179.989
1026.176 1179.989
1026.176 1179.989
1026.176 1179.989
1026.176 1179.989
1026.176 1179.989
1026.176 1179.989
1026.176 1179.989
1026.176 1179.989
1024.177 1179.921
1021.779 1179.84
1019.38 1179.758
1016.981 1179.677
1014.583 1179.595
1012.184 1179.513
1009.785 1179.432
1007.387 1179.35
1004.988 1179.268
1002.59 1179.187
1000.191 1179.105
997.7924 1179.023
995.7936 1178.955
993.395 1178.874
990.9963 1178.792
988.9975 1178.724
986.5989 1178.643
984.2003 1178.561
981.8017 1178.479
979.4031 1178.398
977.0045 1178.316
975.8051 1178.275
974.6058 1178.234
972.607 1178.167
970.2084 1178.085
968.2095 1178.017
965.8109 1177.935
963.4123 1177.854
961.0137 1177.772
959.8144 1177.731
959.8144 1177.731
959.8144 1177.731
959.8144 1177.731
959.8887 1176.133
960.1252 1173.745
960.5578 1171.385
960.7278 1170.603
960.7278 1170.603
960.7278 1170.603
960.7278 1170.603
960.7278 1170.603
960.7278 1170.603
960.7278 1170.603
960.7278 1170.603
960.7278 1170.603
960.7278 1170.603
960.7278 1170.603
960.7278 1170.603
960.4797 1171.777
960.0806 1174.143
959.7735 1176.927
959.7735 1176.927
959.7735 1176.927
959.7735 1176.927
959.7735 1176.927
959.7735 1176.927
959.7735 1176.927
959.7735 1176.927
959.7735 1176.927
958.9777 1176.845
956.9882 1176.641
954.6007 1176.395
952.2886 1175.818
950.2017 1174.648
948.0063 1173.71
946.1602 1172.193
944.8067 1169.311
944.7495 1166.916
945.2901 1164.586
946.7602 1162.719
946.2108 1162.138
944.6436 1159.87
943.6568 1157.701
942.2036 1155.796
940.6738 1153.947
939.1439 1152.098
937.8691 1150.557
937.6141 1150.248
937.5953 1148.399
937.5953 1146.55
937.5953 1144.701
937.5953 1142.851
937.5953 1141.002
938.2152 1140.496
940.1341 1139.056
942.4691 1137.511
944.53 1136.281
946.6586 1135.174
948.8789 1134.265
950.3853 1133.725
950.3853 1133.725
950.3853 1133.725
950.3853 1133.725
949.6315 1133.993
947.7674 1134.717
945.2355 1135.912
944.5237 1136.277
944.5237 1136.277
944.5237 1136.277
943.6066 1134.5
943.4903 1132.115
943.8117 1130.144
945.1592 1127.699
946.3215 1125.601
947.1105 1123.357
947.4183 1120.984
947.5302 1117.786
946.9047 1115.486
945.4799 1113.566
943.4581 1112.278
941.3726 1111.853
939.5757 1110.285
937.9583 1107.525
937.549 1105.174
938.0287 1102.829
939.2849 1100.788
939.8173 1098.984
939.8173 1096.998
939.8254 1095.066
939.8489 1092.816
939.6567 1090.036
938.6054 1087.886
937.6855 1085.67
937.5455 1083.308
937.5454 1080.908
937.5453 1078.508
937.5453 1076.108
937.5453 1073.709
937.5453 1072.109
937.5453 1069.709
937.5453 1067.309
937.5453 1065.309
937.5453 1063.31
937.5453 1060.91
937.5453 1058.91
937.5453 1058.11
937.5453 1058.11
937.5453 1058.11
937.5453 1058.11
937.5453 1058.11
937.5453 1058.11
937.5453 1058.11
937.5453 1058.11
937.5453 1058.11
937.5453 1056.91
937.5453 1054.51
937.5453 1052.511
937.5453 1050.511
937.5453 1048.111
937.5453 1046.111
937.5453 1044.111
937.5453 1041.712
937.5453 1039.712
937.5453 1038.912
937.5453 1038.912
937.5453 1038.912
937.5453 1038.912
937.5453 1038.912
937.5453 1038.912
937.5453 1036.512
937.5453 1034.512
937.5453 1032.512
937.5453 1030.113
937.5453 1028.113
937.5453 1026.113
937.5453 1023.713
937.5453 1021.713
937.5453 1019.714
937.5453 1017.314
937.5453 1015.314
937.5453 1013.314
937.5453 1010.914
937.5453 1009.315
937.5453 1006.915
937.5453 1004.515
937.5453 1002.915
937.5453 1000.515
937.5453 998.5156
937.5453 996.5158
937.5453 994.116
937.5453 991.7162
937.5453 990.1164
937.5453 987.7166
937.5453 986.1168
937.5453 983.717
937.5453 981.7172
937.5453 979.7173
937.5453 977.3176
937.5453 975.7178
937.5453 973.318
937.5453 971.3182
937.5453 969.3184
937.5453 966.9186
937.5453 964.9188
937.5453 962.9189
937.5453 960.5192
937.5453 958.9193
937.5453 956.5195
937.5453 954.1198
937.5453 952.5199
937.5453 950.1201
937.5453 948.1203
937.5453 946.1205
937.5453 943.7207
937.5453 941.7209
937.5453 939.7211
937.5453 937.3214
937.5453 935.3215
937.5453 933.3217
937.5453 930.9219
937.5453 928.9221
937.5453 926.9223
937.5453 924.5225
937.5453 922.5227
937.5453 920.5229
937.5453 918.1231
937.5453 916.5233
937.5453 914.1235
937.5453 911.7237
937.5453 910.1238
937.5453 907.7241
937.5453 905.7242
937.5453 903.7245
937.5452 901.3247
937.5452 899.3249
937.5452 897.3251
937.5452 894.9253
937.5452 893.3254
937.5452 890.9257
937.5452 888.9258
937.5452 886.926
937.5452 884.5262
937.5452 882.9264
937.5452 880.5266
937.5452 878.5268
937.5452 876.527
937.5452 876.127
937.5452 876.127
937.5452 876.127
937.5452 876.127
937.5452 876.127
937.5452 876.127
937.5452 876.127
937.5452 873.7272
937.5452 871.7274
937.5452 869.7276
937.5452 867.3278
937.5452 865.728
937.5452 863.3282
937.5452 861.3284
937.5452 859.3286
937.5452 856.9288
937.5452 854.929
937.5452 852.9292
937.5452 850.9294
937.5452 848.9296
937.5452 847.3297
937.5452 847.3297
937.5452 847.3297
937.5452 847.3297
937.5452 847.3297
938.3452 847.3232
940.7438 847.39
943.1214 847.7045
945.423 848.3749
947.5846 849.4125
949.6017 850.7112
951.5278 852.1429
952.1627 852.6296
953.1374 851.3608
954.2927 849.4575
954.2927 847.8714
954.2927 846.2853
954.6147 844.2969
955.8292 842.708
957.3766 841.4495
959.6327 840.6976
962.0121 840.5947
964.7148 840.5947
966.5819 840.5947
968.9157 840.5947
971.306 840.4525
973.5945 839.7652
975.7545 838.0054
976.7631 836.2865
977.8656 833.7133
979.0575 831.6431
979.0575 831.6431
979.0575 831.6431
979.0575 831.6431
979.0575 831.6431
979.0575 831.6431
979.4767 832.3245
980.6677 834.4078
981.7169 836.5653
982.5499 838.8155
983.2253 840.5214
983.6956 840.5214
983.6956 840.5214
983.6956 840.5214
983.6956 840.5214
983.6956 840.5214
983.6956 840.5214
983.6956 840.5214
983.6956 840.5214
983.6956 840.5214
983.6956 840.5214
983.6956 840.5214
983.6956 840.5214
983.2069 838.5821
982.4785 836.2959
981.9243 834.795
981.9243 834.795
982.2986 834.6539
984.5444 833.8074
986.4158 833.1021
988.2874 832.3967
990.5331 831.5503
992.4046 830.8449
994.2761 830.1396
996.5219 829.2932
998.3934 828.5878
1000.265 827.8824
1002.511 827.0359
1004.49 826.9158
1006.233 827.7551
1007.418 829.8292
1007.648 832.2176
1007.785 834.6136
1007.746 837.4124
1007.595 839.8076
1007.675 838.2097
1007.691 836.6099
1007.526 834.2163
1007.23 831.8348
1006.748 829.0776
1005.996 826.381
1005.368 824.4825
1005.368 824.4825
1005.368 824.4825
1005.368 824.4825
1005.368 824.4825
1005.368 824.4825
1005.368 824.4825
1005.368 824.4825
1006.08 826.7741
1006.686 829.0963
1006.883 829.8716
1006.883 829.8716
1006.883 829.8716
1006.883 829.8716
1006.883 829.8716
1007.659 829.6742
1009.597 829.1807
1011.535 828.6873
1013.861 828.0952
1016.187 827.5031
1018.125 827.0096
1020.113 827.0392
1022.429 827.6487
1024.567 828.6992
1026.5 830.1086
1028.677 831.1122
1031.041 831.5179
1033.814 831.9069
1035.794 832.1846
1035.794 832.1846
1035.794 832.1846
1035.794 832.1846
1035.794 832.1846
1035.794 832.1846
1035.794 832.1846
1035.794 832.1846
1035.794 832.1846
1035.794 832.1846
1035.794 832.1846
1035.794 832.1846
1035.794 832.1846
1035.794 832.1846
1035.794 832.1846
1035.794 832.1846
1035.794 832.1846
1035.794 832.1846
1035.794 832.1846
1035.794 832.1846
1035.794 832.1846
1035.794 832.1846
1035.794 832.1846
1035.794 832.1846
1035.794 832.1846
1035.794 832.1846
1035.794 832.1846
1035.794 832.1846
1035.794 832.1846
1035.794 832.1846
1035.794 832.1846
1035.794 832.1846
1035.794 832.1846
1035.794 832.1846
1035.794 832.1846
1038.171 832.5179
1040.152 832.7957
1042.132 833.0735
1044.509 833.4068
1046.013 833.9398
1047.979 835.3083
1049.751 836.8939
1050.834 839.0235
1051.688 841.2657
1052.57 843.4971
1053.179 845.5696
1051.634 847.4055
1049.613 849.341
1048.082 850.6285
1048.082 850.6285
1046.194 852.1094
1044.812 853.4453
1044.812 854.6581
1044.812 855.0569
1044.812 855.0569
1044.812 855.0569
1044.812 855.0569
1044.812 855.0569
1046.008 857.1376
1046.805 858.5247
1048.002 860.6053
1048.799 861.9924
1049.995 864.0731
1050.519 865.5815
1050.518 867.9632
1049.754 870.2324
1049.299 872.5799
1049.36 874.9673
1049.792 877.3281
1050.56 879.5883
1052.047 881.4518
1053.788 883.0948
1055.014 885.1453
1055.579 887.4629
1055.21 889.8194
1054.557 891.2748
1053.251 894.1953
1052.902 896.5444
1053.019 898.5411
1053.019 898.5411
1053.019 898.5411
1053.019 898.5411
1053.019 898.5411
1053.019 898.5411
1053.019 898.5411
1053.019 898.5411
1053.019 898.5411
1053.019 898.5411
1053.019 898.5411
1053.019 898.5411
1053.019 898.5411
1053.065 899.3397
1053.181 901.3364
1053.32 903.7323
1053.413 905.3296
1053.552 907.7256
1053.645 909.3229
1053.785 911.7188
1053.901 913.7155
1054.017 915.7121
1054.133 917.7087
1054.249 919.7053
1054.388 922.1013
1054.481 923.6986
1054.62 926.0945
1054.736 928.0912
1054.852 930.0878
1054.992 932.4838
1055.084 934.0811
1055.224 936.4771
1055.34 938.4737
1055.479 940.8696
1055.595 942.8663
1055.711 944.8629
1055.827 946.8595
1055.966 949.2555
1055.966 949.2555
1055.966 949.2555
1055.966 949.2555
1055.966 949.2555
1055.966 949.2555
1055.966 949.2555
1055.966 949.2555
1055.966 949.2555
1056.013 950.0541
1056.152 952.4501
1056.245 954.0474
1056.384 956.4434
1056.523 958.8393
1056.616 960.4366
1056.756 962.8325
1056.895 965.2285
1057.011 967.2252
1057.127 969.2217
1057.266 971.6177
1057.382 973.6143
1057.498 975.611
1057.638 978.007
1057.777 980.4029
1057.87 982.0002
1058.009 984.3962
1058.102 985.9935
1058.102 985.9935
1058.102 985.9935
1058.102 985.9935
1058.102 985.9935
1058.102 985.9935
1058.102 985.9935
1058.102 985.9935
1058.102 985.9935
1058.102 985.9935
1058.102 985.9935
1058.102 985.9935
1058.102 985.9935
1058.102 985.9935
1058.102 985.9935
1058.102 985.9935
1058.102 985.9935
1058.102 985.9935
1058.102 985.9935
1058.102 985.9935
1058.102 985.9935
1058.102 985.9935
1058.102 985.9935
1058.102 985.9935
1058.102 985.9935
1058.102 985.9935
1058.102 985.9935
1058.102 985.9935
1058.102 985.9935
1058.102 985.9935
1058.102 985.9935
1058.102 985.9935
1058.102 985.9935
1058.102 985.9935
1058.102 985.9935
1058.102 985.9935
1058.102 985.9935
1058.102 985.9935
1058.102 985.9935
1058.102 985.9935
1058.102 985.9935
1058.102 985.9935
1058.102 985.9935
1058.102 985.9935
1058.102 985.9935
1058.102 985.9935
1058.218 987.9901
1058.311 989.5874
1058.45 991.9833
1058.589 994.3793
1058.705 996.3759
1058.845 998.7719
1058.961 1000.768
1059.1 1003.164
1059.216 1005.161
1059.332 1007.158
1059.328 1008.795
1058.793 1008.976
1057.993 1009.565
1057.352 1011.109
1057.368 1013.505
1057.368 1015.901
1057.368 1017.897
1057.37 1020.293
1057.37 1022.29
1057.37 1024.686
1057.37 1027.082
1057.37 1027.481
1057.37 1027.481
1057.37 1027.481
1057.37 1027.481
1057.37 1027.481
1057.37 1027.481
1057.37 1027.481
1057.37 1027.481
1057.37 1028.679
1057.37 1030.276
1057.37 1032.672
1057.486 1035.068
1057.625 1037.464
1057.764 1039.86
1057.857 1041.457
1057.997 1043.853
1058.136 1046.249
1058.275 1048.645
1058.391 1050.642
1058.53 1053.038
1058.646 1055.035
1058.786 1057.431
1058.925 1059.826
1059.064 1062.222
1059.203 1064.618
1059.343 1067.014
1059.436 1068.612
1059.575 1071.008
1059.714 1073.404
1059.853 1075.799
1059.993 1078.195
1059.504 1080.535
1058.562 1082.298
1058.018 1085.031
1057.829 1087.423
1057.642 1089.816
1057.454 1092.208
1057.267 1094.601
1057.079 1096.994
1056.923 1098.988
1056.923 1098.988
1056.923 1098.988
1056.923 1098.988
1056.798 1100.583
1056.61 1102.975
1056.422 1105.368
1056.235 1107.761
1056.047 1110.153
1055.86 1112.546
1055.672 1114.939
1055.484 1117.331
1055.297 1119.724
1055.109 1122.117
1054.922 1124.509
1054.734 1126.902
1054.703 1127.301
1054.546 1129.295
1054.453 1130.018
1054.265 1130.018
1054.171 1130.018
1054.171 1130.018
1053.984 1130.018
1053.796 1130.018
1053.608 1130.018
1053.546 1130.018
1053.546 1130.018
1053.546 1130.018
1053.546 1130.018
1053.452 1130.018
1053.238 1130.027
1052.671 1130.139
1051.58 1130.838
1050.904 1132.91
1050.716 1135.303
1050.528 1137.695
1050.632 1140.057
1050.888 1141.497
1050.888 1141.475
1050.888 1141.242
1050.888 1141.242
1050.888 1141.242
1050.888 1141.242
1050.935 1142.432
1050.935 1144.812
1050.935 1147.192
1050.935 1149.572
1050.935 1151.952
1051.141 1154.332
1052.131 1156.506
1053.766 1158.238
1055.587 1159.784
1057.8 1160.686
1060.841 1161.629
1063.108 1162.379
1065.778 1164.108
1067.548 1165.729
1069.318 1167.349
1071.089 1168.97
1073.449 1171.13
1075.219 1172.751
1077.164 1174.123
1079.474 1174.718
1081.782 1174.156
1084.303 1172.945
1085.359 1171.247
1085.359 1171.247
1085.359 1171.247
1085.359 1171.247
1085.359 1171.247
1085.359 1171.247
1086.838 1171.858
1089.056 1172.774
1091.644 1173.844
1093.935 1174.505
1096.169 1175.382
1098.404 1176.259
1101.01 1177.282
1102.426 1175.516
1103.163 1173.232
1103.928 1170.539
1104.525 1168.215
1104.899 1166.659
1105.404 1164.313
1106.038 1163.96
1108.389 1164.443
1110.74 1164.927
1113.482 1165.49
1115.833 1165.974
1118.184 1166.457
1120.927 1167.02
1123.278 1167.504
1125.629 1167.987
1127.979 1168.47
1130.33 1168.953
1132.681 1169.436
1135.032 1169.919
1137.383 1170.403
1139.734 1170.886
1142.084 1171.369
1144.435 1171.852
1146.786 1172.335
1149.529 1172.899
1152.272 1173.463
1154.622 1173.946
1154.622 1173.946
1154.622 1173.946
1154.622 1173.946
1154.849 1172.768
1155.217 1170.396
1155.422 1168.809
1155.422 1168.809
1155.6 1167.219
1155.753 1165.225
1155.828 1164.028
1155.828 1164.028
1157.026 1164.103
1159.421 1164.252
1162.216 1164.427
1164.611 1164.577
1167.006 1164.727
1169.402 1164.877
1172.158 1164.59
1173.813 1162.939
1174.135 1160.639
1173.612 1157.889
1173.934 1156.322
1174.5 1155.756
1174.851 1155.405
1174.994 1155.263
1175.051 1155.206
1175.051 1155.206
1175.94 1154.4
1177.717 1152.787
1179.495 1151.175
1181.272 1149.562
1183.05 1147.949
1184.827 1146.337
1186.605 1144.724
1188.382 1143.112
1190.16 1141.499
1191.871 1139.828
1193.042 1137.743
1192.882 1135.372
1191.603 1132.454
1189.577 1131.168
1187.488 1130.266
1186.624 1130.264
1186.624 1130.264
1186.624 1130.264
1187.32 1130.264
1188.364 1130.264
1189.407 1130.264
1190.451 1130.264
1191.585 1130.204
1193.128 1129.009
1194.172 1126.848
1195.215 1124.687
1195.797 1122.408
1194.198 1121.314
1193.53 1120.332
1193.53 1120.332
1193.53 1120.197
1193.53 1119.437
1193.53 1118.859
1193.53 1118.859
1194.221 1116.561
1194.911 1114.263
1195.602 1111.964
1196.292 1109.666
1196.983 1107.367
1197.673 1105.068
1198.364 1102.77
1199.054 1100.471
1199.01 1098.092
1198.192 1095.852
1197.69 1093.522
1197.721 1091.131
1197.959 1087.94
1197.779 1085.552
1197.883 1083.555
1198.028 1080.759
1198.153 1078.362
1198.257 1076.365
1198.382 1073.968
1198.486 1071.971
1198.611 1069.574
1198.735 1067.177
1198.86 1064.781
1198.985 1062.384
1199.11 1059.987
1199.214 1057.99
1199.338 1055.593
1199.442 1053.596
1199.567 1051.199
1199.692 1048.802
1199.817 1046.405
1199.941 1044.009
1200.066 1041.612
1200.17 1039.615
1200.316 1036.818
1200.399 1035.221
1200.523 1032.824
1200.648 1030.427
1200.773 1028.03
1200.898 1025.634
1201.022 1023.237
1201.147 1020.84
1201.272 1018.443
1201.376 1016.446
1201.521 1013.65
1201.625 1011.652
1201.75 1009.256
1201.875 1006.859
1202 1004.462
1202.124 1002.065
1202.27 999.2692
1202.395 996.8724
1202.519 994.4757
1202.644 992.079
1202.769 989.6822
1202.894 987.2855
1203.018 984.8887
1203.143 982.4919
1203.268 980.0952
1203.413 977.299
1203.538 974.9022
1203.663 972.5054
1203.808 969.7092
1203.912 967.7119
1204.058 964.9157
1204.183 962.519
1204.307 960.1222
1204.432 957.7255
1204.541 955.3287
1204.541 952.9319
1204.541 950.5352
1204.541 948.1384
1204.541 945.7417
1204.541 943.7444
1204.541 941.3476
1204.541 938.9509
1204.541 936.9536
1204.541 934.5568
1204.541 932.16
1204.541 929.7633
1204.541 927.766
1204.541 926.8848
1204.541 926.8848
1204.541 926.8848
1204.541 926.8848
1204.541 926.8848
1204.541 926.8848
1204.541 926.8848
1204.541 926.8848
1204.541 926.8848
1204.541 926.8848
1204.541 926.8848
1204.541 926.8848
1204.541 926.8848
1204.541 926.8848
1204.32 926.8749
1202.854 926.1744
1200.716 925.1307
1198.323 925.3173
1197.925 925.358
1197.762 923.7664
1197.518 921.3788
1197.273 918.9914
1197.028 916.6039
1196.825 914.6143
1196.621 912.6247
1196.376 910.2372
1196.131 907.8497
1195.887 905.4622
1195.683 903.4727
1195.479 901.483
1195.525 899.1711
1195.321 897.1816
1195.117 895.192
1194.872 892.8045
1194.627 890.417
1193.996 888.5275
1193.506 886.937
1193.506 885.0776
1192.58 883.0348
1191.556 880.4287
1190.678 878.1949
1190.093 876.7057
1189.216 874.4719
1188.484 872.6104
1187.753 870.7488
1186.876 868.515
1187.18 867.9153
1187.421 867.6741
1186.983 868.1124
1186.601 868.4707
1186.601 868.4932
1186.601 868.4708
1186.601 868.4708
1186.601 868.4708
1188.071 866.6913
1189.264 865.0864
1190.894 863.3266
1192.741 861.7985
1195.161 860.3964
1197.401 859.5386
1198.997 857.9377
1198.795 855.5783
1197.51 853.5657
1196.332 852.4878
1193.745 851.4426
1191.376 851.0731
1188.979 851.1038
1186.621 851.5338
1184.252 851.9165
1181.718 853.0841
1179.921 853.9608
1177.604 854.2526
1176.352 853.0199
1175.083 851.7505
1174.008 850.6819
1172.685 849.4111
1171.082 847.8091
1170.072 846.7664
1170.072 846.7664
1170.072 846.7664
1170.193 845.9756
1170.459 844.3979
1170.459 844.3979
1170.459 844.3979
1170.459 844.3979
1170.459 844.3979
1170.459 844.3979
1168.883 844.1231
1167.992 843.067
1166.152 842.4991
1164.22 842.0621
1162.249 841.7186
1159.885 841.3064
1158.309 841.0316
1155.923 841.2094
1153.623 841.8792
1151.978 841.0346
1149.592 840.8559
1147.595 840.7443
1145.674 840.2048
1143.742 838.8218
1142.028 837.1533
1139.965 835.95
1137.697 835.1678
1135.389 834.5325
1133.797 834.4925
1131.553 835.2897
1129.563 836.6301
1127.407 837.6719
1124.65 838.0778
1122.654 838.1998
1120.259 838.3464
1118.262 838.4684
1116.271 838.4579
1114.03 837.6337
1111.702 837.0804
1109.305 836.9673
1106.908 836.8543
1105.309 836.779
1102.912 836.666
1100.914 836.5718
1098.916 836.4776
1096.519 836.3646
1094.921 836.2892
1092.524 836.1762
1090.526 836.082
1088.528 835.9878
1086.53 835.8936
1084.532 835.7994
1082.135 835.6864
1080.537 835.6111
1078.14 835.498
1076.142 835.4039
1074.144 835.3096
1072.146 835.2155
1070.148 835.1213
1068.151 835.0271
1066.153 834.9329
1064.155 834.8387
1062.157 834.7445
1060.559 834.6692
1058.162 834.5562
1056.563 834.4808
1054.166 834.3678
1052.568 834.2924
1050.171 834.1794
1048.173 834.0852
1046.175 833.991
1043.778 833.878
1042.179 833.8027
1039.782 833.6896
1037.784 833.5955
1035.786 833.5013
1033.389 833.3882
1031.391 833.2941
1029.394 833.1998
1026.996 833.0869
1024.999 832.9926
1023.001 832.8984
1020.603 832.7855
1018.206 832.6724
1016.208 832.5782
1014.211 832.484
1011.813 832.371
1010.215 832.2957
1007.818 832.1826
1005.42 832.0696
1003.822 831.9943
1001.425 831.8812
999.0274 831.7682
997.4291 831.6929
995.0318 831.5798
993.0341 831.4857
991.0363 831.3915
988.6389 831.2784
987.0407 831.2031
984.6434 831.09
982.246 830.9771
980.6478 830.9017
978.2505 830.7886
976.2527 830.6945
974.2549 830.6003
971.8575 830.4872
969.4602 830.3742
967.4625 830.28
965.4647 830.1859
963.4669 830.0917
961.4691 829.9975
959.0718 829.8845
956.6744 829.7714
955.0762 829.6961
952.704 829.9241
950.9047 830.7863
948.6317 831.5317
945.8414 831.7652
943.4498 831.9654
941.4548 831.958
939.5671 831.3308
937.3628 830.4182
934.9872 830.1169
932.5914 829.9757
929.8129 830.1534
927.9974 830.9663
925.8775 832.0689
923.7708 833.2009
921.4312 833.7134
918.6543 833.7831
916.7531 833.1664
914.3853 832.9076
911.9882 833.0243
909.5914 833.1486
907.1946 833.2729
905.1973 833.3765
903.2 833.4802
900.8032 833.6045
898.8059 833.7081
896.8086 833.8117
894.4118 833.936
892.015 834.0604
890.4172 834.1432
888.0204 834.2676
885.6236 834.3919
883.6263 834.4955
881.629 834.5991
879.2322 834.7234
877.2349 834.827
875.2375 834.9307
872.8408 835.055
870.444 835.1793
868.4467 835.2829
866.4494 835.3865
864.0526 835.5109
862.0553 835.6144
860.058 835.7181
857.6612 835.8424
855.2644 835.9667
853.2671 836.0703
851.2698 836.174
848.873 836.2983
846.4763 836.4226
844.2147 837.1812
842.9122 838.1024
840.7999 840.5012
838.8013 841.8107
836.5475 842.571
834.2938 842.5711
832.032 842.942
830.1539 843.6295
828.2758 844.317
826.022 845.142
823.9282 846.2782
822.6336 847.7959
820.556 849.6494
818.614 851.0411
817.239 852.9813
815.9089 854.9622
814.1347 856.5682
812.241 858.0426
810.6709 859.8422
809.9064 861.6783
808.5784 864.1399
806.9344 865.8884
805.8022 867.9789
805.2726 870.3176
804.1484 872.4279
802.7701 874.3927
801.5907 876.4703
801.1553 878.4174
801.0019 880.4078
801.5696 883.1289
802.7101 885.6652
803.976 887.2116
805.483 888.9317
805.4913 890.909
805.5054 892.8948
805.5212 894.7842
805.5212 897.0768
805.507 899.4672
804.9431 901.3797
804.5111 903.7338
803.2902 906.2387
802.3102 908.4247
800.8204 910.2928
799.24 912.5981
798.4904 914.8726
797.8893 917.1961
797.5832 919.1686
797.2039 921.1226
797.3826 923.5107
797.1974 925.8925
796.7933 928.2582
796.4566 930.2296
796.1199 932.2011
795.7831 934.1725
795.4464 936.144
795.2158 938.1263
795.6054 940.0793
796.1655 942.4057
797.1678 944.5778
797.7413 946.8879
797.8812 949.2838
797.9932 951.2806
798.1051 953.2775
798.217 955.2744
798.3289 957.2712
798.4408 959.2681
798.5527 961.265
798.6646 963.2618
798.7766 965.2587
798.8884 967.2556
799.0004 969.2524
799.1122 971.2493
799.2242 973.2462
799.3361 975.243
799.448 977.2399
799.5599 979.2368
799.6718 981.2336
799.8062 983.6298
799.8956 985.2274
800.03 987.6236
800.1194 989.2211
800.2538 991.6173
800.3433 993.2148
800.4776 995.611
800.5671 997.2086
800.679 999.2054
800.791 1001.202
800.9028 1003.199
801.0148 1005.196
801.1266 1007.193
801.2386 1009.19
801.3729 1011.586
801.1486 1013.166
800.6745 1015.497
800.655 1017.897
800.65 1020.297
800.6458 1022.297
800.6415 1024.297
800.6373 1026.297
800.6331 1028.297
800.628 1030.697
800.6246 1032.297
800.6196 1034.697
800.6161 1036.297
800.6111 1038.697
800.6077 1040.297
800.6027 1042.697
800.5984 1044.697
800.5942 1046.697
800.59 1048.697
800.5858 1050.697
800.5807 1053.097
800.5765 1055.097
800.5723 1057.097
800.568 1059.097
800.5638 1061.097
800.5596 1063.097
800.5554 1065.097
800.5511 1067.097
800.5469 1069.097
800.5418 1071.497
800.5385 1073.097
800.5334 1075.497
800.53 1077.097
800.525 1079.497
800.5207 1081.497
800.5165 1083.497
800.5123 1085.497
800.5081 1087.497
800.5038 1089.497
800.4996 1091.497
800.4945 1093.897
800.4911 1095.497
800.4861 1097.897
800.4827 1099.497
800.4776 1101.897
800.4742 1103.497
800.4692 1105.897
800.465 1107.897
800.4608 1109.897
800.4565 1111.897
800.4523 1113.897
800.4472 1116.297
800.5457 1117.89
801.2858 1120.169
801.4988 1122.559
801.6391 1124.955
801.756 1126.951
801.873 1128.948
802.0133 1131.344
802.1069 1132.941
802.2472 1135.337
802.6552 1136.88
804.0059 1138.842
805.9825 1140.184
808.2166 1141.053
809.6393 1142.371
811.1541 1143.865
812.7808 1145.469
814.4814 1147.156
816.1781 1148.852
817.8748 1150.549
819.0059 1151.68
820.7026 1153.377
822.1165 1154.791
823.5303 1156.204
825.227 1157.901
826.6409 1159.315
828.0548 1160.729
829.2271 1162.549
830.6108 1163.972
832.0894 1165.315
834.2367 1166.359
836.2212 1166.529
838.9801 1166.966
841.1321 1168.015
843.2115 1169.214
845.291 1170.412
846.6772 1171.211
848.7567 1172.409
850.4895 1173.408
852.2753 1174.29
854.6486 1174.557
856.9864 1175.064
859.3734 1175.025
861.6815 1174.39
864.0596 1174.202
866.432 1174.533
868.8184 1174.649
871.1208 1173.986
873.4978 1173.747
875.8934 1173.894
878.6881 1174.065
880.6844 1174.187
883.0799 1174.333
885.0762 1174.455
887.0724 1174.578
889.468 1174.724
891.8635 1174.871
894.259 1175.017
896.2553 1175.139
898.2515 1175.261
900.6471 1175.408
903.0426 1175.554
905.4381 1175.701
907.4344 1175.823
909.4307 1175.945
911.8262 1176.092
914.2217 1176.238
916.6172 1176.385
919.0128 1176.531
921.4083 1176.678
923.4045 1176.8
925.8 1176.947
927.7963 1177.069
930.1918 1177.215
932.5874 1177.362
934.9829 1177.508
937.3784 1177.655
939.7739 1177.801
941.7702 1177.923
943.7665 1178.046
946.162 1178.192
948.5575 1178.339
950.9531 1178.485
952.9493 1178.607
954.9456 1178.729
957.3411 1178.876
959.7366 1179.022
962.1321 1179.169
964.1284 1179.291
966.5239 1179.438
968.5202 1179.56
970.9157 1179.706
973.3113 1179.853
975.7068 1179.999
978.1023 1180.146
980.4978 1180.292
982.4941 1180.415
984.4904 1180.537
986.8859 1180.683
989.2814 1180.83
991.6769 1180.976
994.0724 1181.123
996.468 1181.269
998.8635 1181.416
1000.86 1181.538
1002.856 1181.66
1005.252 1181.807
1007.647 1181.953
1010.043 1182.1
1012.438 1182.246
1014.834 1182.393
1017.229 1182.539
1019.625 1182.594
1022.02 1182.594
1024.416 1182.594
1027.21 1182.594
1029.606 1182.594
1032.002 1182.594
1034.397 1182.594
1037.192 1182.594
1039.587 1182.594
1041.983 1182.594
1044.378 1182.594
1046.774 1182.594
1049.169 1182.594
1051.964 1182.594
1054.759 1182.594
1057.155 1182.594
1059.55 1182.594
1061.946 1182.594
1064.341 1182.594
1067.136 1182.594
1069.531 1182.594
1072.326 1182.594
1074.722 1182.594
1077.117 1182.594
1079.513 1182.594
1082.707 1182.594
1085.102 1182.594
1087.498 1182.594
1089.893 1182.594
1092.289 1182.594
1095.483 1182.594
1097.878 1182.594
1100.274 1182.594
1102.669 1182.594
1105.464 1182.594
1108.259 1182.594
1110.655 1182.594
1113.05 1182.594
1115.845 1182.594
1118.64 1182.594
1121.035 1182.594
1123.431 1182.594
1125.826 1182.594
1128.604 1182.341
1130.719 1181.233
1132.802 1179.375
1134.857 1178.185
1137.968 1177.435
1140.226 1176.653
1142.938 1175.955
1145.65 1175.257
1147.974 1174.659
1150.298 1174.061
1152.622 1173.463
1154.947 1172.865
1157.271 1172.267
1159.595 1171.668
1161.919 1171.07
1164.244 1170.472
1166.568 1169.874
1168.892 1169.276
1171.217 1168.678
1173.48 1167.902
1175.299 1166.358
1176.585 1163.463
1177.155 1161.135
1177.926 1158.868
1179.89 1156.379
1181.568 1154.663
1183.246 1152.947
1184.925 1151.231
1186.603 1149.516
1188.281 1147.8
1189.959 1146.084
1191.637 1144.368
1193.315 1142.652
1194.993 1140.937
1196.336 1138.98
1196.842 1136.648
1196.327 1133.914
1195.836 1131.163
1195.931 1128.776
1196.579 1126.469
1197.513 1123.408
1198.213 1121.112
1198.913 1118.817
1199.613 1116.521
1200.314 1114.225
1201.014 1111.93
1201.508 1109.6
1201.197 1107.241
1200.24 1105.048
1199.481 1102.364
1199.5 1099.565
1199.579 1097.166
1199.658 1094.768
1199.737 1092.369
1199.816 1089.97
1199.895 1087.571
1199.961 1085.573
1200.04 1083.174
1200.105 1081.175
1200.184 1078.776
1200.263 1076.377
1200.342 1073.979
1200.421 1071.58
1200.487 1069.581
1200.566 1067.182
1200.632 1065.184
1200.711 1062.785
1200.79 1060.386
1200.869 1057.987
1200.948 1055.589
1201.026 1053.19
1201.092 1051.191
1201.171 1048.792
1201.237 1046.793
1201.316 1044.395
1201.395 1041.996
1201.474 1039.597
1201.54 1037.599
1201.619 1035.2
1201.684 1033.201
1201.763 1030.802
1201.842 1028.403
1201.921 1026.005
1202 1023.606
1202.079 1021.207
1202.158 1018.809
1202.237 1016.41
1202.316 1014.011
1202.395 1011.613
1202.474 1009.214
1202.553 1006.815
1202.632 1004.416
1202.711 1002.018
1202.79 999.619
1202.869 997.2203
1202.948 994.8217
1203.026 992.4229
1203.105 990.0242
1203.184 987.6255
1203.263 985.2268
1203.342 982.8281
1203.434 980.0297
1203.513 977.6309
1203.592 975.2322
1203.671 972.8336
1203.75 970.4348
1203.842 967.6364
1203.921 965.2377
1204 962.8389
1204.079 960.4402
1204.158 958.0416
1204.237 955.6428
1204.316 953.2441
1204.395 950.8455
1204.461 948.8465
1204.54 946.4478
1204.542 944.0491
1204.542 941.6504
1204.542 939.2517
1204.542 936.853
1204.542 934.8541
1204.542 932.4554
1204.542 930.0567
1204.542 927.658
1204.542 926.8849
1204.542 926.8849
1204.542 926.8849
1204.542 926.8849
1204.542 926.8849
1204.542 926.8849
1204.542 926.8849
1204.542 926.8849
1204.542 926.8849
1204.542 926.8849
1204.542 926.8849
1204.542 926.8849
1204.542 926.8849
1203.444 926.5709
1201.446 926.6275
1198.658 926.887
1198.658 926.887
1198.658 926.887
1198.658 926.887
1198.658 926.887
1198.658 926.887
1198.658 926.887
1198.658 926.887
1198.524 925.6945
1198.346 924.1045
1198.078 921.7195
1197.81 919.3345
1197.542 916.9495
1197.274 914.5645
1197.051 912.577
1196.828 910.5894
1196.56 908.2044
1196.292 905.8194
1196.025 903.4344
1195.846 901.8444
1195.578 899.4594
1195.31 897.0743
1195.043 894.6893
1194.864 893.0994
1194.596 890.7144
1194.328 888.3293
1194.105 886.3418
1193.882 884.3543
1193.614 881.9693
1193.391 879.9818
1193.302 879.1868
1193.213 878.3918
1192.989 876.4042
1192.9 875.6093
1192.9 875.6093
1192.9 875.6093
1192.9 875.6093
1192.9 875.6093
1192.9 875.6093
1192.9 875.6093
1192.9 875.6093
1192.9 875.6093
1192.9 875.6093
1192.9 875.6093
1192.9 875.6093
1192.9 875.6093
1192.9 875.6093
1192.9 875.6093
1192.9 875.6093
1192.9 875.6093
1192.9 875.6093
1192.9 875.6093
1192.9 875.6093
1192.9 875.6093
1192.9 875.6093
1192.9 875.6093
1192.9 875.6093
1192.9 875.6093
1192.9 875.6093
1192.9 875.6093
1192.9 875.6093
1192.9 875.6093
1192.855 875.2117
1192.588 872.8267
1192.409 871.2368
1192.141 868.8517
1192.097 868.4542
1192.097 868.4542
1192.097 868.4542
1192.097 868.4542
1192.097 868.4542
1192.097 868.4542
1192.097 868.4542
1192.097 868.4542
1192.097 868.4542
1192.097 868.4542
1192.097 868.4542
1192.097 868.4542
1192.097 868.4542
1192.097 868.4542
1192.097 868.4542
1192.097 868.4542
1192.097 868.4542
