1000 1000
1000 1000
1000 1000
1000 1000
1000 1000
1000 1000
1000 1000
1000 1000
1000 1000
1000 1000
1000 1000
1000 1000
1000 1000
1000 1000
1000 1000
1000 1000
1000 1000
1000 1000
1000 1000
1000 1000
1000 1000
1000 1000
1000 1000
1000 1000
1000 1000
1000 1000
1000 1000
1000 1000
1000 1000
1000 1000
1000 1000
1000 1000
1000 1000
1000 1000
1000 1000
1000 1000
1000 1000
1000 1000
1000 1000
1000 1000
1000 1000
1000 1000
1000 1000
1000 1000
1000 1000
1000 1000
1000 1000
1000 1000
1000 1000
1000 1000
1000 1000
1000 1000
1000 1000
1000 1000
1000 1000
1000.8 1000
1002.8 1000
1004.8 1000
1007.2 1000
1008.8 1000
1011.2 1000
1012.8 1000
1015.2 1000
1017.2 1000
1017.2 1000
1017.2 1000
1017.2 1000
1017.2 1000
1017.2 1000
1019.2 1000
1019.6 1000
1019.6 1000
1019.6 1000
1019.6 1000
1020 1000
1022.4 1000
1022.4 1000
1022.8 1000
1025.2 1000
1026.8 1000
1029.2 1000
1031.6 1000
1032.4 1000
1032.8 1000
1035.2 1000
1036 1000
1036 1000
1036 1000
1036 1000
1036 1000
1036 1000
1035.981 998.4001
1035.269 997.3561
1034.488 995.3359
1034.488 995.3359
1034.488 995.3359
1034.12 992.9645
1033.814 992.0799
1034.461 992.0173
1034.461 992.0173
1034.461 992.0173
1034.124 992.0173
1033.605 992.0173
1032.554 992.0173
1031.033 992.0173
1029.387 992.0173
1027.509 992.0173
1026.68 992.0173
1027.614 992.0173
1028.872 992.0173
1029.082 992.0173
1029.082 992.0173
1029.082 992.0173
1029.292 992.0173
1030.55 992.0173
1031.598 992.0173
1032.647 992.0173
1033.905 992.0173
1034.461 992.0173
1034.461 992.0173
1034.478 993.0356
1034.487 994.9339
1034.969 996.8992
1036.266 999.3757
1036.976 1001.665
1037.295 1004.041
1037.214 1006.437
1036.733 1008.786
1035.896 1011.025
1034.838 1011.028
1033.697 1011.028
1033.697 1011.028
1033.697 1011.028
1033.697 1011.028
1033.697 1011.028
1033.697 1011.028
1033.697 1011.028
1033.697 1011.028
1034.399 1011.06
1036.154 1011.06
1037.909 1011.06
1040.016 1011.06
1042.121 1011.06
1043.526 1011.06
1045.631 1011.06
1047.774 1011.958
1049.529 1012.917
1051.635 1014.068
1053.039 1014.835
1053.039 1014.835
1053.039 1014.835
1053.039 1014.835
1053.039 1014.835
1053.039 1014.835
1053.039 1014.835
1053.039 1014.835
1053.039 1014.835
1053.039 1014.835
1053.039 1014.835
1052.049 1016.572
1050.958 1018.248
1049.276 1020.486
1049.276 1020.486
1047.747 1022.336
1046.099 1024.08
1044.801 1025.781
1044.801 1027.401
1044.801 1027.92
1044.801 1027.92
1044.801 1027.92
1044.801 1027.92
1044.801 1027.92
1044.801 1028.435
1044.801 1029.942
1044.801 1029.942
1046.547 1032.131
1047.794 1033.695
1049.29 1035.571
1050.537 1037.135
1051.784 1038.699
1053.28 1040.575
1054.776 1042.451
1056.273 1044.328
1057.111 1046.561
1057.249 1048.152
1056.858 1051.321
1056.613 1053.698
1055.511 1055.825
1053.958 1057.651
1052.121 1059.192
1049.38 1060.839
1047.554 1062.382
1046.099 1064.274
1044.991 1066.402
1044.781 1068.886
1044.757 1071.135
1046.195 1073.003
1048.856 1073.857
1051.234 1074.154
1053.63 1074.05
1055.974 1073.547
1058.959 1072.402
1060.183 1071.361
1060.183 1071.002
1060.183 1071.002
1060.183 1071.002
1060.183 1071.002
1060.183 1071.002
1058.021 1072.041
1055.791 1072.927
1053.896 1073.566
1052.365 1074.033
1049.641 1074.678
1048.463 1074.904
1048.463 1074.904
1048.463 1074.904
1048.463 1074.904
1048.463 1074.904
1048.463 1074.904
1048.83 1076.87
1049.05 1078.049
1049.05 1078.049
1049.197 1078.836
1049.637 1081.195
1049.783 1081.982
1050.004 1083.161
1050.444 1085.521
1050.59 1086.307
1050.737 1087.093
1050.811 1087.487
1050.811 1087.487
1050.811 1087.487
1050.811 1087.487
1050.811 1087.487
1050.811 1087.487
1051.031 1088.666
1051.177 1089.453
1051.177 1089.453
1051.177 1089.453
1051.324 1090.239
1051.618 1091.812
1051.984 1093.778
1051.984 1093.778
1051.984 1093.778
1052.425 1096.137
1052.865 1098.497
1052.865 1098.497
1052.865 1098.497
1053.158 1100.069
1053.598 1102.429
1053.745 1103.215
1053.745 1103.215
1053.745 1103.215
1051.771 1103.538
1049.387 1103.81
1048.989 1103.851
1048.989 1103.851
1047.794 1103.963
1047.794 1103.963
1047.794 1103.963
1047.794 1103.963
1047.794 1103.963
1047.794 1103.963
1047.794 1103.963
1048.005 1106.353
1048.216 1108.744
1048.216 1108.744
1048.216 1108.744
1048.286 1109.541
1048.532 1112.33
1048.532 1112.33
1048.532 1112.33
1048.532 1112.33
1048.532 1112.33
1048.673 1113.924
1048.848 1115.916
1048.848 1115.916
1048.918 1116.713
1049.129 1119.104
1049.235 1120.299
1049.235 1120.299
1049.235 1120.299
1049.235 1120.299
1049.235 1120.299
1049.235 1120.299
1049.235 1120.299
1049.235 1120.299
1049.235 1120.299
1049.27 1120.698
1049.481 1123.089
1049.621 1124.682
1049.621 1124.682
1049.621 1124.682
1049.691 1125.479
1049.832 1127.073
1049.832 1127.073
1049.832 1127.073
1049.937 1128.268
1050.148 1130.659
1050.253 1131.854
1050.253 1131.854
1050.253 1131.854
1050.499 1134.644
1050.71 1137.034
1050.71 1137.034
1050.71 1137.034
1050.71 1137.034
1050.921 1139.425
1050.938 1141.019
1050.938 1141.019
1050.938 1141.019
1050.938 1141.019
1050.938 1143.41
1050.938 1145.8
1050.938 1145.8
1050.938 1145.8
1050.938 1145.8
1050.938 1147.793
1050.938 1148.988
1050.938 1148.988
1050.938 1148.988
1050.938 1148.988
1050.938 1148.988
1050.938 1151.379
1051.008 1153.77
1051.008 1153.77
1051.008 1153.77
1051.114 1154.965
1051.324 1157.356
1051.43 1158.551
1051.43 1158.551
1051.43 1158.551
1053.814 1158.279
1055.398 1158.05
1056.582 1157.856
1056.976 1157.786
1056.976 1157.786
1056.976 1157.786
1056.976 1157.786
1056.976 1157.786
1058.155 1157.564
1058.155 1157.564
1058.765 1160.705
1059.146 1162.669
1059.68 1165.417
1060.137 1167.773
1060.594 1170.129
1061.052 1172.485
1062.141 1173.897
1064.471 1173.324
1066.727 1172.51
1069.48 1170.893
1071.272 1169.301
1072.993 1167.097
1074.258 1164.604
1075.046 1163.876
1075.59 1163.876
1075.59 1163.876
1075.59 1163.876
1075.59 1163.876
1075.59 1163.876
1075.59 1163.876
1076.363 1164.083
1076.363 1164.083
1077.136 1164.291
1079.454 1164.912
1081.772 1165.534
1082.931 1165.844
1085.249 1166.466
1087.567 1167.088
1090.272 1167.813
1092.59 1168.434
1095.294 1169.159
1097.613 1169.781
1099.931 1170.402
1102.249 1171.024
1103.794 1171.438
1104.953 1171.749
1105.34 1171.853
1107.658 1172.474
1109.976 1173.096
1109.976 1173.096
1109.976 1173.096
1110.37 1171.545
1110.841 1169.192
1111.158 1166.814
1111.426 1164.027
1111.499 1163.881
1111.502 1163.881
1111.502 1163.881
1111.502 1163.881
1111.502 1163.881
1111.502 1163.881
1111.502 1163.881
1111.502 1163.881
1111.502 1163.881
1111.472 1165.481
1111.341 1167.877
1111.341 1167.877
1111.341 1167.877
1111.341 1167.877
1111.313 1168.276
1111.118 1170.668
1111.118 1170.668
1111.118 1170.668
1111.118 1170.668
1111.118 1170.668
1113.111 1170.833
1115.104 1170.998
1115.104 1170.998
1115.104 1170.998
1116.698 1171.13
1116.698 1171.13
1116.698 1171.13
1116.698 1171.13
1118.293 1171.262
1120.685 1171.46
1123.475 1171.691
1123.475 1171.691
1125.867 1171.889
1128.259 1172.087
1128.658 1172.12
1130.651 1172.285
1133.043 1172.482
1133.043 1172.482
1133.043 1172.482
1133.043 1172.482
1133.043 1172.482
1133.043 1172.482
1133.043 1172.482
1133.043 1172.482
1133.043 1172.482
1134.239 1172.581
1135.036 1172.647
1137.428 1172.845
1139.819 1173.043
1142.211 1173.241
1144.603 1173.439
1146.995 1173.637
1149.387 1173.835
1151.779 1174.033
1154.17 1174.231
1155.765 1174.363
1155.765 1174.363
1155.765 1174.363
1155.765 1174.363
1155.765 1174.363
1155.902 1171.967
1155.95 1169.967
1155.95 1169.967
1155.942 1168.367
1155.813 1165.971
1155.718 1164.775
1155.718 1164.775
1155.718 1164.775
1158.11 1164.579
1160.502 1164.383
1160.502 1164.383
1162.894 1164.187
1165.286 1163.991
1167.678 1163.796
1168.874 1163.698
1171.266 1163.502
1172.063 1163.436
1172.063 1163.436
1171.909 1161.844
1171.55 1159.471
1171.488 1158.763
1172.558 1157.692
1173.369 1156.881
1173.499 1156.751
1173.499 1156.751
1173.499 1156.751
1173.499 1156.751
1173.499 1156.751
1173.499 1156.751
1173.499 1156.751
1173.499 1156.751
1174.247 1156.004
1174.94 1155.31
1174.94 1155.31
1174.94 1155.31
1174.94 1155.31
1174.94 1155.31
1174.94 1155.31
1174.94 1155.31
1176.06 1154.879
1176.06 1154.879
1176.06 1154.879
1176.433 1154.735
1178.673 1153.873
1179.419 1153.585
1179.419 1153.585
1179.419 1153.585
1179.419 1153.585
1179.419 1153.585
1179.419 1153.585
1179.419 1153.585
1179.419 1153.585
1179.419 1153.585
1179.419 1153.585
1180.539 1153.154
1182.779 1152.292
1182.779 1152.292
1182.779 1152.292
1182.779 1152.292
1182.779 1152.292
1182.779 1152.292
1182.779 1152.292
1182.779 1152.292
1184.272 1151.717
1186.138 1150.998
1188.046 1149.297
1187.244 1147.465
1185.605 1144.723
1185.678 1144.591
1185.497 1144.772
1184.82 1145.441
1184.054 1146.202
1183.161 1147.092
1182.542 1147.71
1183.946 1146.274
1185.365 1144.854
1185.839 1144.381
1185.839 1144.381
1185.839 1144.381
1186.312 1143.907
1187.732 1142.488
1189.152 1141.068
1190.571 1139.648
1191.479 1137.629
1191.969 1135.279
1192.459 1132.93
1193.031 1130.189
1193.44 1128.231
1194.011 1125.49
1194.42 1123.532
1194.42 1123.532
1194.42 1123.532
1194.42 1123.532
1194.502 1123.141
1194.992 1120.791
1195.482 1118.442
1195.972 1116.092
1196.462 1113.743
1196.952 1111.393
1197.443 1109.044
1197.933 1106.695
1198.423 1104.345
1198.913 1101.996
1199.321 1100.038
1199.321 1100.038
1199.321 1100.038
1199.321 1100.038
1199.321 1100.038
1199.321 1100.038
1199.73 1098.08
1200.22 1095.731
1200.71 1093.381
1200.71 1093.381
1200.71 1093.381
1200.71 1093.381
1200.71 1093.381
1200.71 1093.381
1200.71 1093.381
1200.71 1093.381
1200.71 1093.381
1200.71 1093.381
1200.71 1093.381
1200.71 1093.381
1200.71 1093.381
1200.71 1093.381
1200.71 1093.381
1200.71 1093.381
1200.71 1093.381
1200.71 1093.381
1200.71 1093.381
1200.71 1093.381
1201.2 1091.032
1201.691 1088.682
1201.691 1088.682
1200.513 1088.451
1198.146 1088.055
1197.356 1087.931
1196.168 1087.76
1193.779 1087.535
1193.535 1087.456
1193.535 1087.456
1193.535 1087.456
1193.535 1087.456
1193.535 1087.456
1193.535 1087.456
1193.535 1087.456
1193.535 1087.456
1193.535 1087.456
1193.535 1087.456
1195.534 1087.521
1197.923 1087.743
1199.115 1087.888
1199.115 1087.888
1199.115 1087.888
1199.115 1087.888
1199.115 1087.888
1199.115 1087.888
1199.115 1087.888
1199.115 1087.888
1199.312 1086.3
1199.559 1084.315
1199.806 1082.33
1200.103 1079.949
1200.4 1077.567
1200.696 1075.186
1200.993 1072.804
1201.289 1070.422
1201.586 1068.041
1201.882 1065.659
1202.031 1064.468
1202.327 1062.087
1202.377 1061.69
1202.673 1059.308
1202.772 1058.514
1202.772 1058.514
1202.772 1058.514
1202.772 1058.514
1202.772 1058.514
1201.182 1058.337
1198.787 1058.188
1196.788 1058.14
1196.788 1058.14
1196.788 1058.14
1196.827 1056.14
1196.866 1054.141
1196.866 1054.141
1196.897 1052.541
1196.929 1050.941
1196.968 1048.942
1197.007 1046.942
1197.054 1044.543
1197.094 1042.543
1197.141 1040.143
1197.188 1037.744
1197.219 1036.144
1197.219 1036.144
1197.219 1036.144
1197.219 1036.144
1197.219 1036.144
1197.219 1036.144
1197.219 1036.144
1197.219 1036.144
1197.219 1036.144
1197.219 1036.144
1197.219 1036.144
1197.219 1036.144
1197.219 1036.144
1197.219 1036.144
1197.219 1036.144
1197.219 1036.144
1197.219 1036.144
1197.219 1036.144
1197.219 1036.144
1197.219 1036.144
1197.219 1036.144
1197.219 1036.144
1197.219 1036.144
1197.219 1036.144
1197.219 1036.144
1197.219 1036.144
1197.219 1036.144
1197.219 1036.144
1197.219 1036.144
1197.219 1036.144
1197.219 1036.144
1197.219 1036.144
1197.219 1036.144
1197.219 1036.144
1197.219 1036.144
1197.219 1036.144
1197.219 1036.144
1197.219 1036.144
1197.219 1036.144
1197.219 1036.144
1197.219 1036.144
1197.219 1036.144
1197.219 1036.144
1197.219 1036.144
1197.219 1036.144
1197.251 1034.545
1197.29 1032.545
1197.321 1030.945
1197.321 1030.945
1197.321 1030.945
1197.321 1030.945
1197.36 1028.946
1197.384 1027.746
1197.4 1026.946
1197.447 1024.547
1197.447 1024.547
1197.478 1022.947
1197.517 1020.947
1197.541 1019.747
1197.541 1019.747
1197.541 1019.747
1197.572 1018.148
1197.619 1015.748
1197.659 1013.749
1197.698 1011.749
1197.745 1009.349
1197.792 1006.95
1197.839 1004.55
1197.886 1002.151
1197.933 999.7512
1197.98 997.3517
1197.988 996.9518
1197.988 996.9518
1197.988 996.9518
1197.988 996.9518
1197.988 996.9518
1197.988 996.9518
1197.988 996.9518
1197.988 996.9518
1197.988 996.9518
1197.988 996.9518
1198.035 994.5522
1198.035 994.5522
1198.035 994.5522
1198.035 994.5522
1198.09 991.7527
1198.129 989.7532
1198.145 988.9533
1198.145 988.9533
1198.145 988.9533
1198.192 986.5538
1198.239 984.1542
1198.247 983.7543
1198.271 982.5546
1198.271 982.5546
1198.278 982.1546
1198.325 979.7551
1198.349 978.5553
1198.349 978.5553
1198.349 978.5553
1198.349 978.5553
1198.349 978.5553
1198.349 978.5553
1198.372 977.3555
1198.427 974.5561
1198.467 972.5565
1198.514 970.1569
1198.514 970.1569
1198.514 970.1569
1198.514 970.1569
1198.545 968.5573
1198.584 966.5576
1198.608 965.3578
1198.608 965.3578
1198.608 965.3578
1198.608 965.3578
1198.608 965.3578
1198.608 965.3578
1198.608 965.3578
1198.608 965.3578
1198.608 965.3578
1198.608 965.3578
1198.608 965.3578
1198.608 965.3578
1198.608 965.3578
1198.608 965.3578
1198.608 965.3578
1198.608 965.3578
1198.608 965.3578
1198.608 965.3578
1198.608 965.3578
1198.608 965.3578
1198.608 965.3578
1198.608 965.3578
1198.631 964.1581
1198.686 961.3586
1198.71 960.1589
1198.749 958.1592
1198.796 955.7597
1198.843 953.3602
1198.89 950.9606
1198.937 948.5611
1198.984 946.1616
1199.031 943.762
1199.079 941.3625
1199.126 938.963
1199.173 936.5634
1199.212 934.5638
1199.251 932.5641
1199.275 931.3644
1199.275 931.3644
1199.275 931.3644
1199.275 931.3644
1199.275 931.3644
1199.275 931.3644
1199.314 929.3647
1199.353 927.3652
1199.377 926.1654
1199.416 924.1658
1199.463 921.7662
1199.51 919.3667
1199.549 917.3671
1199.589 915.3675
1199.636 912.968
1199.667 911.3682
1199.714 908.9687
1199.753 906.9691
1199.793 904.9695
1199.84 902.5699
1199.887 900.1704
1199.887 900.1704
1199.887 900.1704
1199.887 900.1704
1199.902 899.3705
1199.942 897.3709
1199.981 895.3713
1199.981 895.3713
1199.981 895.3713
1200.028 892.9718
1200.075 890.5723
1200.091 889.7724
1198.891 889.7588
1196.492 889.8262
1194.106 890.0772
1193.533 890.5101
1193.53 891.217
1193.527 892.1822
1193.518 891.1451
1193.492 889.0072
1193.492 886.8693
1193.436 884.7167
1192.574 882.9207
1191.665 881.1391
1190.757 879.3575
1189.848 877.5759
1188.757 875.4379
1187.849 873.6563
1186.94 871.8747
1186.581 869.7368
1186.67 868.4012
1187.194 867.8775
1187.652 867.39
1188.115 866.3002
1187.723 864.5181
1186.77 862.7628
1186.59 861.3126
1186.577 860.3701
1185.629 858.7408
1184.022 856.9647
1182.524 855.0892
1181.027 853.2137
1179.529 851.3382
1178.531 850.0879
1177.034 848.2123
1175.706 846.7221
1173.97 845.7434
1171.623 845.3263
1169.252 845.6595
1169 845.6621
1169 845.6621
1169 845.6621
1169 845.6621
1169 845.6621
1169 845.6621
1169 845.6621
1169 845.6621
1169 845.6621
1169 845.6621
1169 845.6621
1169 845.6621
1169 845.6621
1169 845.6621
1169 845.6621
1169 845.6621
1169 845.6621
1169 845.6621
1169 845.6621
1169 845.6621
1169 845.6621
1169 845.6621
1168.95 844.8659
1168.827 843.2708
1168.714 840.8735
1168.701 838.4739
1168.883 836.0813
1169.155 833.6968
1169.368 832.111
1169.542 830.9237
1169.542 830.9237
1169.542 830.9237
1169.542 830.9237
1169.542 830.9237
1169.542 830.9237
1169.542 830.9237
1169.542 830.9237
1169.247 833.3053
1169.125 834.9006
1168.99 837.2966
1169.002 839.696
1169.121 842.0931
1167.922 842.1565
1165.526 842.2833
1163.186 842.2044
1161.588 842.2889
1159.192 842.4157
1157.195 842.5214
1155.197 842.5944
1153.617 842.4575
1153.097 841.6817
1151.259 840.9471
1149.661 840.9608
1147.265 840.9608
1145.667 840.9608
1143.27 840.9608
1141.273 840.9608
1139.276 840.9608
1137.278 840.9608
1135.281 840.9608
1133.284 840.9608
1131.287 840.9608
1129.29 840.9608
1127.292 840.9608
1125.295 840.9608
1123.298 840.9608
1120.901 840.9608
1118.904 840.9608
1116.997 840.5609
1116.103 838.8574
1116.227 836.0602
1116.227 836.0602
1116.227 836.0602
1116.227 836.0602
1115.428 836.0146
1113.431 835.9006
1111.035 835.7638
1109.438 835.6726
1107.042 835.5358
1105.045 835.4218
1103.048 835.3078
1101.051 835.1938
1099.055 835.0798
1096.659 834.9429
1094.662 834.8289
1092.665 834.715
1090.668 834.601
1088.672 834.4869
1086.275 834.3501
1084.678 834.2589
1082.681 834.1449
1080.685 834.0309
1079.087 833.9397
1079.087 833.9397
1078.288 833.8941
1076.691 833.8029
1075.892 833.7573
1075.892 833.7573
1074.295 833.6661
1072.698 833.5749
1070.301 833.438
1068.704 833.3469
1066.308 833.2101
1066.308 833.2101
1066.308 833.2101
1066.308 833.2101
1066.308 833.2101
1066.308 833.2101
1066.308 833.2101
1066.308 833.2101
1066.308 833.2101
1066.308 833.2101
1067.905 833.3013
1069.503 833.3925
1071.899 833.5293
1071.899 833.5293
1071.899 833.5293
1071.899 833.5293
1071.899 833.5293
1071.1 833.4836
1068.704 833.3469
1067.107 833.2557
1065.11 833.1417
1063.113 833.0276
1061.116 832.9136
1059.12 832.7996
1057.123 832.6856
1055.126 832.5716
1052.73 832.4348
1051.133 832.3436
1048.737 832.2068
1047.139 832.1156
1044.743 831.9788
1042.746 831.8647
1040.75 831.7508
1038.354 831.614
1036.357 831.4999
1034.36 831.3859
1031.964 831.2491
1029.967 831.1351
1027.97 831.0211
1025.574 830.8843
1023.977 830.7931
1021.581 830.6563
1019.185 830.5195
1017.188 830.4055
1015.191 830.2915
1012.795 830.1547
1010.798 830.0406
1008.804 830.096
1006.505 830.7688
1004.124 830.993
1001.725 831.0394
999.3251 831.0858
996.9256 831.1321
995.3259 831.163
992.9263 831.2094
990.9267 831.248
988.9271 831.2866
986.5275 831.333
984.9278 831.3639
982.5283 831.4103
980.1287 831.4566
978.1291 831.4952
976.1295 831.5339
974.1298 831.5725
972.1302 831.6111
969.7307 831.6575
967.731 831.6961
965.7314 831.7347
963.3318 831.7811
961.3322 831.8198
959.3326 831.8584
956.933 831.9047
955.3333 831.9357
952.9338 831.982
950.9341 832.0206
948.9345 832.0593
947.3348 832.0901
944.9352 832.1365
943.3356 832.1674
940.936 832.2138
938.5364 832.2601
936.9368 832.2911
934.5372 832.3374
932.1376 832.3838
930.138 832.4224
928.1384 832.4611
925.7388 832.5074
923.7392 832.546
921.7396 832.5847
919.34 832.631
917.3404 832.6697
915.3408 832.7083
912.9412 832.7546
910.9416 832.7933
908.942 832.8319
906.5424 832.8782
904.5428 832.9169
902.5432 832.9555
900.1436 833.0019
897.7441 833.0482
896.1443 833.0792
893.7448 833.1255
893.3449 833.1332
893.3449 833.1332
893.3449 833.1332
893.3449 833.1332
893.3449 833.1332
893.3449 833.1332
893.3449 833.1332
893.3449 833.1332
892.1451 833.1564
890.1455 833.1951
887.7459 833.2414
885.7463 833.28
883.7467 833.3187
881.3471 833.3651
879.3475 833.4037
877.3479 833.4423
874.9483 833.4886
872.9487 833.5273
870.5491 833.5737
868.5495 833.6122
866.15 833.6586
863.7504 833.705
861.7508 833.7436
859.7512 833.7822
857.3516 833.8286
854.9521 833.8749
853.3616 834.013
851.1866 834.9872
849.1638 836.2689
846.8643 836.8789
845.6808 837.0771
845.6808 837.0771
845.6808 837.0771
845.6808 837.0771
845.6808 837.0771
845.6808 837.0771
845.6808 837.0771
845.6808 837.0771
844.4973 837.2753
842.9193 837.5395
840.5522 837.9358
840.5522 837.9358
840.5522 837.9358
840.5522 837.9358
839.3687 838.134
837.0016 838.5303
835.0291 838.8605
833.8456 839.0587
834.0569 840.2399
834.5833 842.5212
835.2935 842.5229
836.2137 842.5262
836.9149 842.5321
835.2108 842.5591
832.389 842.8063
830.6504 843.7948
828.9118 844.7833
826.8254 845.9695
825.0868 846.9581
823.3482 847.9466
821.2618 849.1329
819.5233 850.1214
817.7846 851.1099
818.5952 852.4893
819.9188 854.4905
821.4118 856.3035
821.382 856.3334
821.4415 856.2739
821.6486 856.0677
821.9235 855.7932
821.9235 855.7932
821.1331 856.6767
819.7382 858.0716
818.2969 858.1434
817.1346 858.1434
815.8261 858.3517
814.2501 860.0081
813.0878 861.6357
811.9256 863.2634
810.5309 865.2166
809.6011 866.5186
808.2064 868.4718
807.0441 870.0994
805.8819 871.7271
804.7805 873.8419
804.5593 875.8248
805.102 878.1517
806.2243 880.7148
806.8804 882.9714
805.8404 883.9843
805.3912 886.2948
805.1021 888.6773
804.8612 890.6628
804.6203 892.6482
804.3312 895.0308
804.1384 896.6191
804.1384 896.6191
804.1384 896.6191
804.1384 896.6191
804.1384 896.6191
804.0421 897.4133
803.753 899.7958
803.5121 901.7812
803.2712 903.7667
803.0303 905.7521
802.7893 907.7375
802.5002 910.1201
802.3075 911.7084
802.0184 914.0909
801.8257 915.6793
801.5366 918.0618
801.2957 920.0472
801.0547 922.0327
800.8138 924.0181
800.5729 926.0035
800.332 927.989
800.0911 929.9744
799.8502 931.9598
799.6093 933.9453
799.3683 935.9307
799.1274 937.9162
799.0792 938.3132
799.0792 938.3132
799.0792 938.3132
799.0792 938.3132
799.0792 938.3132
800.2716 938.4484
802.2652 938.6049
804.6641 938.6742
804.6641 938.6742
804.6641 938.6742
804.6641 938.6742
804.6641 938.6742
804.6641 938.6742
804.6641 938.6742
804.6641 938.6742
804.6641 938.6742
804.6641 938.6742
804.65 939.4741
804.6075 941.8737
804.5792 943.4734
804.5368 945.873
804.5085 947.4728
804.4661 949.8724
804.4379 951.4722
804.3954 953.8718
804.3671 955.4716
804.3247 957.8712
804.2964 959.4709
804.2964 959.4709
804.2964 959.4709
804.2964 959.4709
804.2964 959.4709
804.2964 959.4709
804.2964 959.4709
804.2964 959.4709
804.2964 959.4709
804.2964 959.4709
804.2894 959.8708
804.254 961.8705
804.2187 963.8702
804.1974 965.0701
804.1974 965.0701
804.1974 965.0701
804.1974 965.0701
804.1974 965.0701
804.1974 965.0701
804.1763 966.2698
804.1409 968.2695
804.1056 970.2692
804.1056 970.2692
804.1056 970.2692
804.0702 972.2689
804.0349 974.2686
804.0349 974.2686
804.0349 974.2686
804.0349 974.2686
804.0349 974.2686
804.0137 975.4684
803.9783 977.4681
803.943 979.4678
803.9076 981.4675
803.8723 983.4672
803.8298 985.8668
803.8016 987.4666
803.7592 989.8661
803.7309 991.4659
803.6885 993.8655
803.6602 995.4653
803.6177 997.8649
803.6177 997.8649
803.6177 997.8649
803.6177 997.8649
803.6177 997.8649
803.6177 997.8649
803.6177 997.8649
803.5824 999.8646
803.5471 1001.864
803.5117 1003.864
803.4764 1005.864
803.441 1007.863
803.4056 1009.863
803.3703 1011.863
803.335 1013.862
803.2996 1015.862
803.2572 1018.262
803.2289 1019.862
803.1865 1022.261
803.1865 1022.261
803.1865 1022.261
803.1865 1022.261
803.1865 1022.261
803.1865 1022.261
803.1865 1022.261
803.1865 1022.261
803.1653 1023.461
803.1299 1025.461
803.0946 1027.46
803.0593 1029.46
803.0239 1031.46
802.9885 1033.459
802.9532 1035.459
802.9178 1037.459
802.8825 1039.458
802.8401 1041.858
802.8118 1043.458
802.7694 1045.857
802.734 1047.857
802.6987 1049.857
802.6633 1051.856
802.628 1053.856
802.5856 1056.256
802.5573 1057.856
802.5149 1060.255
802.4866 1061.855
802.4442 1064.255
802.4088 1066.254
802.3735 1068.254
802.3381 1070.254
802.3028 1072.253
802.2675 1074.253
802.2321 1076.253
802.1897 1078.652
802.1614 1080.252
802.119 1082.652
802.0907 1084.251
802.0483 1086.651
802.0129 1088.651
801.9776 1090.65
801.9422 1092.65
801.9069 1094.65
801.8715 1096.65
801.8362 1098.649
801.7938 1101.049
801.7655 1102.649
801.7231 1105.048
801.6877 1107.048
801.6523 1109.047
801.617 1111.047
801.5817 1113.047
801.5463 1115.047
801.7166 1117.03
802.721 1119.195
804.452 1120.843
805.4747 1121.964
805.4747 1122.842
805.475 1123.934
805.4941 1125.461
805.4974 1127.38
805.4974 1127.38
805.4974 1127.38
805.4974 1127.38
805.4974 1127.38
805.4974 1127.38
805.4974 1127.38
805.5027 1128.028
806.3878 1129.717
807.099 1130.684
807.8102 1131.65
809.2327 1133.583
810.1811 1134.872
810.8403 1136.042
810.7127 1136.17
810.5425 1136.34
810.3685 1136.516
810.1983 1136.686
809.9443 1136.94
809.6879 1137.196
809.5178 1137.367
809.2625 1137.622
809.0497 1137.835
809.0497 1137.835
809.0497 1137.835
809.0497 1137.835
809.0072 1137.877
808.7881 1138.099
808.4631 1138.547
808.1354 1139.888
808.6294 1141.261
810.0519 1143.194
811.2373 1144.805
812.4227 1146.416
813.134 1147.382
813.134 1147.382
813.134 1147.382
813.134 1147.382
813.134 1147.382
813.134 1147.382
814.3193 1148.993
815.5048 1150.604
816.6902 1152.215
818.1127 1154.148
819.061 1155.436
820.0093 1156.725
821.1947 1158.336
822.3801 1159.947
823.8026 1161.88
824.2768 1162.524
825.554 1161.56
827.098 1160.29
827.3534 1160.138
827.1717 1159.955
826.7641 1159.544
826.1102 1158.884
825.2795 1158.048
825.9511 1158.693
827.3661 1160.099
828.7924 1161.525
829.1837 1162.523
830.3707 1163.601
832.7026 1164.145
834.2665 1164.483
836.6124 1164.99
838.5673 1165.412
840.5222 1165.834
842.8681 1166.341
844.823 1166.764
847.1689 1167.27
849.1238 1167.693
851.0787 1168.115
853.0336 1168.537
855.3795 1169.044
857.7253 1169.551
859.2892 1169.889
861.6351 1170.396
863.981 1170.902
865.9359 1171.325
867.8908 1171.747
870.2367 1172.254
872.1916 1172.676
874.1465 1173.099
876.4924 1173.605
878.4473 1174.028
880.4022 1174.45
882.748 1174.957
885.0939 1175.464
887.0488 1175.886
889.0037 1176.308
891.3496 1176.815
893.6955 1177.322
895.6504 1177.744
897.6053 1178.167
899.9512 1178.673
902.2971 1179.18
904.6429 1179.687
906.9888 1180.194
909.3347 1180.701
910.8986 1181.039
913.6355 1181.63
915.5904 1182.052
917.5453 1182.474
917.5453 1182.474
919.5002 1182.582
921.4551 1182.582
923.801 1182.582
926.1469 1182.582
928.1017 1182.582
929.2747 1182.582
929.2747 1182.582
929.5884 1181.013
929.8619 1179.436
930.1033 1177.855
930.3223 1175.466
930.1969 1172.672
929.6649 1170.335
928.5625 1167.766
927.235 1165.769
925.6085 1164.007
923.5021 1163.852
922.5682 1163.851
922.5682 1163.851
922.5682 1163.851
922.8798 1164.102
924.7069 1165.658
926.4283 1167.329
927.9799 1169.159
929.3329 1171.139
930.5961 1173.635
931.4616 1176.295
931.8058 1178.667
931.781 1181.065
931.4334 1182.52
930.628 1182.524
929.5259 1182.526
928.8503 1182.526
928.8503 1182.526
928.8503 1182.526
928.8503 1182.526
928.8503 1182.526
928.8503 1182.526
928.8503 1182.526
928.8503 1182.526
928.8503 1182.526
931.0239 1182.565
933.1974 1182.565
935.371 1182.565
935.371 1182.565
935.371 1182.565
935.371 1182.565
937.5446 1182.565
939.7182 1182.565
941.8918 1182.565
944.0654 1182.565
944.0654 1182.565
945.0396 1180.371
945.913 1178.136
946.7277 1175.458
947.2693 1173.12
947.5934 1171.554
947.5934 1171.554
947.5934 1171.554
947.5934 1171.554
947.5934 1171.554
947.5934 1171.554
947.5934 1171.554
947.5934 1171.554
947.5934 1171.554
947.5934 1171.554
948.769 1171.794
950.7283 1172.196
953.0795 1172.677
955.4307 1173.159
957.7818 1173.641
960.133 1174.122
962.4842 1174.604
964.4435 1175.005
966.7947 1175.487
969.1458 1175.969
971.1052 1176.37
973.4564 1176.851
975.8075 1177.333
978.1587 1177.815
980.5099 1178.296
982.861 1178.778
984.4285 1179.099
986.7797 1179.581
989.1549 1179.351
991.363 1178.434
993.6834 1177.841
996.4832 1177.881
999.2828 1177.921
1001.683 1177.955
1004.082 1177.99
1006.082 1178.019
1008.482 1178.053
1008.482 1178.053
1008.482 1178.053
1008.482 1178.053
1008.482 1178.053
1008.482 1178.053
1010.082 1178.076
1012.482 1178.11
1014.881 1178.145
1017.281 1178.179
1019.681 1178.214
1022.081 1178.248
1024.48 1178.283
1026.88 1178.317
1029.28 1178.352
1031.68 1178.386
1031.68 1178.386
1031.68 1178.386
1031.68 1178.386
1031.68 1178.386
1031.68 1178.386
1031.68 1178.386
1031.68 1178.386
1031.68 1178.386
1032.879 1178.403
1035.279 1178.438
1037.679 1178.472
1040.079 1178.507
1042.478 1178.541
1044.878 1178.576
1047.678 1178.616
1050.078 1178.65
1052.877 1178.691
1055.277 1178.725
1057.677 1178.76
1060.077 1178.794
1062.476 1178.828
1064.876 1178.863
1068.076 1178.909
1070.475 1178.943
1072.875 1178.978
1075.275 1179.012
1077.675 1179.047
1080.075 1179.081
1082.874 1179.121
1085.674 1179.162
1088.074 1179.196
1090.474 1179.23
1092.873 1179.265
1095.273 1179.299
1098.473 1179.345
1100.872 1179.38
1103.272 1179.414
1105.672 1179.449
1108.472 1179.489
1111.271 1179.529
1113.671 1179.564
1116.071 1179.598
1117.671 1179.621
1117.671 1179.621
1117.671 1179.621
1117.671 1179.621
1117.671 1179.621
1117.671 1179.621
1117.671 1179.621
1117.671 1179.621
1117.671 1179.621
1117.671 1179.621
1117.671 1179.621
1117.671 1179.621
1117.671 1179.621
1117.671 1179.621
1117.671 1179.621
1117.671 1179.621
1117.671 1179.621
1117.671 1179.621
1117.671 1179.621
1117.671 1179.621
1117.671 1179.621
1117.671 1179.621
1117.671 1179.621
1117.671 1179.621
1117.671 1179.621
1117.671 1179.621
1117.671 1179.621
1117.671 1179.621
1117.671 1179.621
1117.671 1179.621
1117.671 1179.621
1117.671 1179.621
1117.671 1179.621
1118.87 1179.638
1121.67 1179.678
1124.07 1179.713
1126.47 1179.747
1128.87 1179.782
1131.247 1179.569
1133.649 1178.16
1135.731 1176.302
1137.8 1175.123
1140.111 1174.475
1142.64 1172.533
1144.538 1171.088
1146.727 1170.109
1149.305 1169.016
1151.883 1167.923
1153.356 1167.299
1153.356 1167.299
1153.356 1167.299
1153.356 1167.299
1153.356 1167.299
1153.724 1167.143
1155.934 1166.206
1158.143 1165.27
1159.248 1164.801
1159.248 1164.801
1160.721 1164.177
1162.931 1163.833
1165.141 1163.833
1167.366 1163.633
1169.576 1162.696
1171.785 1161.759
1173.995 1160.823
1176.205 1159.886
1178.735 1158.698
1180.342 1156.925
1181.2 1154.278
1181.955 1152.011
1183.406 1149.635
1185.371 1147.64
1187.055 1145.931
1188.74 1144.221
1190.424 1142.511
1191.547 1141.372
1191.547 1141.372
1191.547 1141.372
1191.547 1141.372
1191.547 1141.372
1191.547 1141.372
1191.547 1141.372
1193.217 1143.096
1194.768 1144.927
1195.522 1145.86
1195.522 1145.86
1195.522 1145.86
1195.522 1145.86
1195.522 1145.86
1195.522 1145.86
1195.522 1145.86
1193.969 1144.031
1191.959 1142.085
1189.988 1140.72
1189.188 1141.073
1188.186 1142.064
1186.925 1143.316
1185.74 1144.498
1185.136 1145.101
1185.733 1144.504
1186.925 1143.312
1188.118 1142.119
1189.311 1140.926
1190.503 1139.734
1191.4 1138
1191.385 1135.6
1191.371 1133.2
1191.356 1130.8
1191.727 1130.189
1192.635 1129.675
1193.47 1127.893
1193.456 1125.493
1193.456 1123.493
1193.456 1121.493
1193.456 1118.693
1193.456 1116.693
1193.456 1114.293
1193.456 1111.893
1193.456 1109.493
1193.456 1107.093
1193.456 1105.093
1193.456 1102.693
1193.456 1100.693
1193.456 1098.293
1193.456 1095.894
1193.456 1093.494
1193.456 1091.094
1193.456 1088.694
1193.456 1086.294
1193.456 1084.294
1193.456 1081.494
1193.456 1079.894
1193.456 1077.494
1193.456 1075.094
1193.456 1072.694
1193.456 1070.294
1193.456 1067.894
1193.456 1065.894
1193.456 1063.894
1193.456 1063.894
1193.456 1063.894
1193.456 1063.894
1193.456 1063.894
1193.456 1063.894
1193.456 1063.894
1193.456 1063.894
1193.456 1063.894
1193.456 1063.894
1193.456 1063.894
1193.456 1063.894
1193.456 1063.894
1193.456 1063.894
1193.456 1063.894
1193.456 1063.894
1193.456 1063.894
1193.456 1063.894
1193.456 1063.894
1193.456 1063.894
1193.456 1063.894
1193.456 1063.894
1193.456 1063.894
1193.456 1063.894
1193.456 1063.894
1193.456 1063.894
1193.456 1063.894
1193.456 1063.894
1193.456 1061.494
1193.456 1059.094
1193.456 1056.694
1193.456 1054.294
1193.456 1052.294
1193.456 1050.294
1193.456 1047.894
1193.845 1045.685
1193.842 1043.285
1193.842 1041.285
1194.815 1039.803
1194.902 1037.826
1194.901 1035.426
1194.901 1033.026
1194.901 1030.626
1194.901 1028.226
1194.901 1025.826
1194.898 1023.427
1194.883 1021.027
1194.869 1018.627
1194.854 1016.227
1194.839 1013.827
1194.827 1011.827
1194.812 1009.427
1194.795 1006.627
1194.78 1004.227
1194.77 1002.86
1194.756 1002.86
1194.741 1002.86
1194.724 1002.86
1194.712 1002.86
1194.697 1002.86
1194.68 1002.86
1194.665 1002.86
1194.65 1002.86
1194.635 1002.86
1195.243 1002.812
1198.039 1002.938
1200.423 1003.215
1200.423 1003.215
1202.399 1003.52
1203.554 1004.121
1203.554 1004.415
1203.554 1004.415
1203.554 1004.415
1203.554 1004.415
1203.554 1004.415
1201.216 1003.873
1198.449 1003.45
1196.859 1003.265
1196.859 1003.265
1196.859 1003.265
1196.859 1003.265
1196.995 1002.073
1197.438 999.7677
1197.708 997.3831
1197.979 994.9984
1198.25 992.6137
1198.521 990.2291
1198.792 987.8444
1199.063 985.4597
1199.334 983.0751
1199.605 980.6904
1198.984 977.9787
1198.549 975.6271
1198.59 972.8275
1198.625 970.4277
1198.66 968.028
1198.695 965.6282
1198.73 963.2285
1198.765 960.8287
1198.8 958.429
1198.835 956.0292
1198.87 953.6295
1198.906 951.2297
1198.941 948.83
1198.976 946.4302
1199.011 944.0305
1199.046 941.6308
1199.081 939.231
1199.11 937.2313
1199.145 934.8315
1199.174 932.8317
1199.209 930.4319
1199.245 928.0322
1199.28 925.6325
1199.315 923.2327
1199.338 921.6329
1199.373 919.2332
1199.408 916.8334
1199.438 914.8336
1199.467 912.8339
1199.502 910.4341
1199.537 908.0344
1199.572 905.6346
1199.601 903.6348
1199.63 901.6351
1199.665 899.2353
1199.695 897.2355
1199.724 895.2357
1199.759 892.836
1199.794 890.4362
1199.823 888.4365
1199.853 886.4366
1199.776 884.0432
1199.053 882.1814
1197.797 880.6317
1195.403 879.1882
1193.355 877.9393
1191.572 876.3397
1190.183 873.9081
1189.005 871.8171
1188.22 870.4232
1187.042 868.3322
1187.285 867.8151
1187.438 867.663
1187.438 867.663
1187.438 867.663
1187.438 867.663
1187.438 867.663
1187.438 867.663
1187.438 867.663
1187.888 867.0237
1188.053 865.2479
1187.325 863.8353
1186.583 861.7443
1186.474 859.9767
1185.533 858.219
1184.551 856.4765
1183.569 854.734
1182.588 852.9915
1181.23 851.5339
1179.108 850.45
1176.76 849.9572
1174.515 849.1355
1172.565 847.7535
1170.753 846.1801
1168.943 844.6061
1168.267 843.356
1166.455 841.7826
1165.247 840.7336
1163.434 839.1603
1161.924 837.8491
1160.178 836.8849
1157.817 836.612
1155.489 837.1531
1153.325 838.186
1151.364 839.5652
1149.661 840.9063
1148.132 840.9078
1146.391 840.9131
1144.292 840.9347
1142.024 840.9388
1139.756 840.9388
1137.487 840.9388
1135.975 840.9388
1133.707 840.9388
1131.816 840.9388
1129.926 840.9388
1128.036 840.9388
1126.145 840.9388
1123.877 840.9388
1122.365 840.9388
1120.096 840.9388
1118.206 840.9388
1116.316 840.9388
1114.425 840.9388
1112.535 840.9388
1110.267 840.9388
1108.754 840.9388
1106.486 840.9388
1104.974 840.9388
1102.705 840.9388
1100.815 840.9388
1098.925 840.9388
1096.656 840.9388
1095.144 840.9388
1092.876 840.9388
1091.363 840.9388
1089.095 840.9388
1087.205 840.9388
1087.205 840.9388
1087.205 840.9388
1087.205 840.9388
1087.205 840.9388
1087.205 840.9388
1087.205 840.9388
1087.205 840.9388
1087.205 840.9388
1086.449 840.9388
1084.936 840.9388
1082.668 840.9388
1080.778 840.9388
1079.265 840.9388
1078.509 840.9388
1076.619 840.9388
1074.729 840.9388
1075.41 840.9388
1076.357 840.9388
1077.045 840.9388
1077.957 840.9388
1079.199 840.9388
1080.557 840.9388
1080.557 840.9388
1081.255 840.9388
1082.224 840.9388
1083.748 840.9388
1083.748 840.9388
1081.905 840.9388
1080.061 840.9388
1078.832 840.9388
1076.989 840.9388
1075.452 840.9388
1073.916 840.9388
1073.624 840.9388
1073.624 840.9388
1073.624 840.9388
1073.624 840.9388
1073.624 840.9388
1073.624 840.9388
1073.624 840.9388
1073.624 840.9388
1073.624 840.9388
1073.624 840.9388
1073.624 840.9388
1073.624 840.9388
1073.624 840.9388
1073.624 840.9388
1073.624 840.9388
1073.624 840.9388
1073.624 840.9388
1073.624 840.9388
1073.624 840.9388
1073.624 840.9388
1073.624 840.9388
1073.624 840.9388
1073.624 840.9388
1073.624 840.9388
1074.401 840.9388
1075.749 840.9388
1077.452 840.9388
1079.229 840.9388
1081.094 840.9388
1081.094 840.9388
1080.101 840.9388
1079.108 840.9388
1077.867 840.9388
1076.625 840.9388
1075.136 840.9388
1074.143 840.9388
1073.624 840.9388
1073.624 840.9388
1073.624 840.9388
1073.624 840.9388
1073.624 840.9388
1073.624 840.9388
1073.624 840.9388
1073.624 840.9388
1073.624 840.9388
1073.624 840.9388
1073.624 840.9388
1073.624 840.9388
1073.624 840.9189
1073.35 839.6196
1071.89 837.7352
1070.682 835.6646
1069.836 833.4214
1069.376 831.0687
1069.315 828.6722
1069.654 826.2991
1070.331 823.998
1071.21 821.8752
1071.683 821.8749
1071.683 821.8749
1071.683 821.8749
1071.683 821.8749
1071.683 821.8749
1071.683 821.8749
1070.949 821.8333
1069.113 821.8333
1067.278 821.8333
1065.442 821.8333
1063.607 821.8333
1061.771 821.8333
1059.569 821.8333
1058.835 821.8333
1058.521 822.5691
1057.783 824.4279
1057.151 826.3251
1056.567 828.6518
1056.303 831.0352
1056.337 833.8333
1056.703 836.2026
1057.411 838.4945
1058.163 840.3475
1058.647 841.4454
1058.647 841.4454
1059.144 842.5375
1060.031 844.3296
1060.216 846.3755
1060.216 848.322
1060.216 850.2308
1060.216 852.0467
1060.216 853.7474
1060.216 854.5797
1060.216 855.669
1060.216 856.7133
1060.216 858.1503
1060.216 858.8333
1060.216 858.8333
1060.216 859.2818
1060.216 860.1511
1060.216 861.3462
1060.216 861.7282
1060.216 861.7282
1060.216 862.1053
1060.216 863.009
1060.216 863.8113
1060.216 864.2625
1060.216 864.2625
1060.216 864.9759
1060.216 865.7047
1060.216 866.2396
1060.216 866.2396
1060.216 866.2396
1060.216 866.647
1060.216 867.152
1060.216 867.5027
1060.216 867.5027
1060.216 867.5027
1060.216 867.5027
1060.216 867.8158
1060.216 868.0506
1060.216 868.1263
1060.216 868.1263
1060.216 868.1263
1060.216 868.1263
1060.216 868.1263
1059.418 868.0762
1057.426 867.9033
1055.438 867.6812
1055.438 867.6812
1055.438 867.6812
1055.438 867.6812
1055.438 867.6812
1055.438 867.6812
1055.438 867.6812
1055.438 867.6812
1055.438 867.6812
1055.166 870.0658
1054.985 871.6555
1054.714 874.0401
1054.488 876.0273
1054.473 878.0173
1055.092 879.9092
1055.574 882.2558
1055.564 884.6558
1055.553 887.0557
1055.544 889.0557
1055.533 891.4557
1055.526 893.0557
1055.516 895.4556
1055.507 897.4556
1055.498 899.4556
1055.487 901.8556
1055.478 903.8555
1055.469 905.8555
1055.46 907.8555
1055.451 909.8555
1055.44 912.2555
1055.433 913.8555
1055.423 916.2554
1055.414 918.2554
1055.405 920.2554
1055.396 922.2554
1055.387 924.2554
1055.376 926.6553
1055.369 928.2553
1055.358 930.6553
1055.349 932.6553
1055.34 934.6553
1055.33 937.0552
1055.321 939.0552
1055.312 941.0552
1055.301 943.4551
1055.294 945.0552
1055.283 947.4551
1055.272 949.8551
1055.265 951.4551
1055.255 953.855
1055.246 955.855
1055.237 957.855
1055.226 960.255
1055.217 962.255
1055.206 964.655
1055.197 966.6549
1055.188 968.6549
1055.179 970.6549
1055.169 973.0549
1055.16 975.0549
1055.151 977.0548
1055.14 979.4548
1055.129 981.8548
1055.12 983.8547
1055.112 985.8547
1055.101 988.2547
1055.092 990.2547
1055.083 992.2547
1055.072 994.6547
1055.062 997.0546
1055.053 999.0546
1055.044 1001.055
1055.033 1003.455
1055.022 1005.855
1055.013 1007.855
1055.004 1009.854
1054.994 1012.254
1054.983 1014.654
1054.974 1016.654
1054.965 1018.654
1054.954 1021.054
1054.943 1023.454
1054.933 1025.854
1054.926 1027.454
1054.915 1029.854
1054.904 1032.254
1054.893 1034.654
1054.885 1036.654
1054.876 1038.654
1054.865 1041.054
1054.854 1043.454
1054.843 1045.854
1054.834 1047.854
1054.826 1049.854
1054.815 1052.254
1054.804 1054.654
1054.793 1057.054
1054.783 1059.454
1054.772 1061.854
1054.763 1063.854
1054.754 1065.854
1054.743 1068.254
1054.733 1070.654
1054.722 1073.054
1054.711 1075.454
1054.7 1077.854
1054.69 1080.254
1054.679 1082.654
1054.67 1084.654
1054.659 1087.054
1054.649 1089.454
1054.638 1091.854
1054.627 1094.254
1054.616 1096.654
1054.606 1099.054
1054.595 1101.454
1054.586 1103.454
1054.575 1105.854
1054.563 1108.654
1054.563 1108.654
1054.563 1108.654
1054.563 1108.654
1054.563 1108.654
1054.563 1108.654
1054.556 1110.254
1054.545 1112.653
1054.534 1115.053
1054.523 1117.453
1054.513 1119.853
1054.502 1122.253
1054.491 1124.653
1054.481 1127.053
1054.47 1129.453
1054.464 1130.018
1054.464 1130.018
1054.459 1130.018
1054.448 1130.018
1054.438 1130.018
1054.427 1130.018
1054.416 1130.018
1054.406 1130.018
1054.395 1130.018
1054.384 1130.018
1054.373 1130.018
1053.168 1129.999
1050.772 1129.864
1048.394 1129.549
1046.054 1129.018
1044.82 1128.156
1044.82 1127.617
1044.82 1127.617
1044.82 1127.617
1044.82 1127.617
1044.82 1127.617
1044.771 1129.876
1044.771 1132.135
1044.771 1134.017
1044.771 1136.276
1044.771 1138.534
1044.771 1140.417
1045.148 1140.55
1047.431 1141.289
1049.767 1141.84
1050.866 1142.232
1050.866 1142.232
1050.866 1142.232
1050.866 1142.232
1050.866 1142.232
1050.866 1142.232
1050.866 1142.396
1050.866 1142.623
1050.866 1142.692
1050.866 1142.692
1050.866 1142.692
1050.866 1142.692
1050.866 1142.692
1050.866 1142.692
1050.866 1142.692
1050.866 1142.696
1050.866 1142.697
1050.866 1142.639
1050.866 1142.528
1050.866 1142.445
1050.866 1142.169
1050.866 1141.78
1050.868 1141.07
1050.869 1140.341
1050.869 1140.214
1050.869 1140.214
1050.92 1140.973
1050.92 1143.248
1050.92 1143.248
1050.92 1143.248
1050.92 1143.248
1050.92 1143.248
1050.92 1143.248
1050.92 1143.248
1050.92 1143.248
1050.92 1143.248
1050.92 1143.248
1050.92 1143.248
1050.92 1143.248
1050.92 1143.248
1050.92 1143.248
1050.92 1143.248
1050.92 1145.145
1050.92 1147.041
1050.92 1149.317
1050.92 1150.834
1050.92 1150.834
1050.92 1150.834
1050.92 1150.834
1050.92 1150.834
1050.92 1150.834
1050.92 1150.834
1050.92 1150.834
1050.92 1150.834
1050.949 1153.116
1051.584 1155.012
1052.347 1157.288
1053.109 1159.564
1053.872 1161.839
1054.635 1164.115
1055.844 1166.166
1057.742 1167.611
1060.043 1168.249
1062.833 1168.422
1065.604 1168.05
1067.884 1167.308
1070.67 1165.748
1072.497 1164.195
1074.607 1163.859
1076.064 1163.859
1076.545 1163.859
1076.545 1163.859
1076.545 1163.859
1076.545 1163.859
1076.545 1163.859
1076.545 1163.859
1076.545 1163.859
1076.545 1163.859
1076.545 1163.859
1076.545 1163.859
1076.545 1163.859
1076.545 1163.859
1076.545 1163.859
1076.545 1163.859
1076.545 1163.859
1076.545 1163.859
1076.545 1163.859
1076.545 1163.859
1076.545 1163.859
1076.545 1163.859
1076.545 1163.859
1076.545 1163.859
1076.545 1163.859
1076.545 1163.859
1076.545 1163.859
1076.545 1163.859
1076.545 1163.859
1076.545 1163.859
1076.545 1163.859
1076.545 1163.859
1076.545 1163.859
1076.545 1163.859
1076.545 1163.859
1076.545 1163.859
1076.545 1163.859
1076.545 1163.859
1076.545 1163.859
1076.545 1163.859
1076.545 1163.859
1076.598 1164.256
1076.859 1166.641
1076.886 1169.439
1076.426 1172.196
1075.655 1174.468
1074.117 1177.267
1072.611 1179.134
1070.375 1181.422
1070.375 1181.422
1070.375 1181.422
1070.375 1181.422
1070.375 1181.422
1070.375 1181.422
1072.318 1179.406
1073.875 1177.581
1075.112 1176.009
1076.063 1174.722
1077.212 1173.085
1077.212 1173.085
1077.212 1173.085
1078.329 1171.427
1079.549 1169.36
1080.493 1167.597
1080.493 1167.597
1080.493 1167.597
1080.493 1167.597
1080.493 1167.597
1080.493 1167.597
1080.493 1167.597
1080.493 1167.597
1080.493 1167.597
1080.493 1167.597
1080.493 1167.597
1080.493 1167.597
1080.493 1167.597
1080.493 1167.597
1080.493 1167.597
1082.614 1168.722
1084.734 1169.847
1086.854 1170.971
1088.974 1172.096
1091.094 1173.221
1093.568 1174.533
1096.041 1175.845
1098.395 1176.251
1100.775 1176.021
1103.526 1176.461
1106.184 1177.341
1105.898 1179.353
1104.935 1181.55
1103.205 1182.536
1101.545 1182.545
1098.928 1182.559
1096.882 1182.567
1095.875 1182.567
1096.625 1182.567
1097.627 1182.567
1098.377 1182.567
1099.128 1182.567
1099.879 1182.567
1100.88 1182.567
1101.631 1182.567
1102.382 1182.567
1103.133 1182.567
1104.009 1182.567
1104.885 1182.567
1105.635 1182.567
1106.386 1182.567
1107.137 1182.567
1108.138 1182.567
1108.889 1182.567
1109.64 1182.567
1110.516 1182.567
1111.392 1182.567
1112.142 1182.567
1112.893 1182.567
1113.644 1182.567
1114.395 1182.567
1115.271 1182.567
1116.147 1182.567
1116.898 1182.567
1117.648 1182.567
1118.525 1182.567
1119.403 1182.569
1120.154 1182.569
1120.905 1182.569
1121.656 1182.569
1122.406 1182.569
1123.157 1182.569
1124.033 1182.569
1124.909 1182.569
1125.66 1182.569
1126.411 1182.569
1127.161 1182.569
1127.912 1182.569
1128.663 1182.569
1129.539 1182.569
1130.29 1182.569
1131.166 1182.569
1131.917 1182.569
1132.667 1182.569
1133.418 1182.569
1134.169 1182.569
1135.045 1182.569
1135.921 1182.569
1136.672 1182.569
1137.422 1182.569
1138.173 1182.569
1138.924 1182.569
1139.675 1182.569
1140.551 1182.569
1141.427 1182.569
1142.178 1182.569
1142.928 1182.569
1143.679 1182.569
1144.555 1182.569
1145.306 1182.569
1146.182 1182.569
1146.933 1182.569
1147.684 1182.569
1148.434 1182.569
1149.185 1182.569
1149.936 1182.569
1150.812 1182.569
1151.688 1182.569
1152.063 1182.569
1153.574 1182.043
1155.79 1181.123
1158.514 1179.455
1160.281 1177.835
1161.966 1175.604
1163.187 1173.089
1163.826 1170.779
1164.113 1167.596
1164.046 1165.197
1163.92 1163.881
1163.92 1163.881
1163.92 1163.881
1163.92 1163.881
1163.92 1163.881
1163.92 1163.881
1163.92 1163.881
1163.92 1163.881
1163.92 1163.881
1163.92 1163.881
1163.92 1163.881
1163.92 1163.881
1163.92 1163.881
1163.968 1164.68
1164.022 1167.079
1163.752 1169.863
1162.978 1172.549
1161.696 1175.033
1159.956 1177.221
1158.149 1178.797
1156.105 1180.05
1153.11 1181.159
1150.743 1181.538
1147.552 1181.421
1145.219 1180.87
1142.659 1179.747
1140.366 1178.148
1138.68 1176.444
1136.917 1173.781
1136.004 1171.564
1135.239 1168.46
1134.856 1166.091
1134.628 1164.104
1134.628 1164.104
1134.628 1164.104
1134.628 1164.104
1132.639 1164.312
1130.252 1164.562
1127.865 1164.811
1125.478 1165.061
1123.091 1165.311
1120.552 1166.453
1118.927 1167.613
1115.862 1168.524
1113.53 1169.088
1110.808 1169.747
1108.476 1170.311
1105.754 1170.97
1103.81 1171.44
1101.478 1172.005
1098.756 1172.663
1096.423 1173.228
1094.091 1173.792
1091.758 1174.357
1089.037 1175.016
1086.704 1175.58
1083.983 1176.239
1081.65 1176.803
1080.095 1177.179
1080.095 1177.179
1080.095 1177.179
1080.095 1177.179
1080.095 1177.179
1080.095 1177.179
1080.095 1177.179
1080.095 1177.179
1080.095 1177.179
1080.095 1177.179
1080.095 1177.179
1080.095 1177.179
1078.151 1177.65
1075.818 1178.214
1073.486 1178.779
1071.153 1179.343
1068.432 1180.002
1066.099 1180.567
1063.377 1181.225
1061.045 1181.79
1058.712 1182.354
1056.379 1182.58
1054.047 1182.58
1051.714 1182.58
1049.381 1182.58
1046.66 1182.58
1044.295 1182.595
1041.51 1182.45
1039.137 1182.438
1036.905 1181.615
1034.99 1180.169
1031.991 1179.111
1029.613 1178.796
1026.832 1178.468
1024.052 1178.139
1021.668 1177.858
1019.285 1177.577
1016.901 1177.295
1014.518 1177.014
1012.134 1176.733
1009.751 1176.451
1007.367 1176.17
1004.984 1175.889
1002.6 1175.607
1000.217 1175.326
997.8335 1175.045
995.8473 1174.81
993.4639 1174.529
991.0804 1174.248
989.0942 1174.013
986.7108 1173.732
985.9163 1173.638
985.9163 1173.638
985.9163 1173.638
985.9163 1173.638
985.9163 1173.638
985.9163 1173.638
985.9163 1173.638
985.9163 1173.638
985.9163 1173.638
985.9163 1173.638
985.9163 1173.638
985.9163 1173.638
985.9163 1173.638
985.9163 1173.638
985.9163 1173.638
985.9163 1173.638
985.9163 1173.638
985.9163 1173.638
985.9163 1173.638
985.9163 1173.638
985.9163 1173.638
985.9163 1173.638
985.9163 1173.638
985.9163 1173.638
983.5328 1173.357
981.1494 1173.075
978.7659 1172.794
976.7797 1172.559
974.7891 1172.462
972.522 1173.218
970.0634 1174.54
967.325 1175.034
964.9329 1175.229
962.5409 1175.425
960.1489 1175.621
957.7569 1175.816
956.9596 1175.882
956.9596 1175.882
956.9596 1175.882
956.9596 1175.882
956.8297 1173.886
956.7917 1171.487
956.8315 1169.087
956.9972 1167.28
957.3532 1167.279
957.9608 1167.278
957.9608 1167.278
957.9608 1167.278
958.3528 1167.277
959.0045 1167.277
959.5905 1167.276
959.5905 1167.276
959.5905 1167.276
959.2081 1167.223
956.9138 1167.223
954.6192 1166.636
952.3248 1165.932
950.4129 1165.345
948.1185 1164.641
946.1135 1163.329
944.7018 1161.395
943.0588 1159.142
942.5411 1156.806
942.5417 1154.408
942.7778 1152.023
942.7201 1149.629
941.5964 1146.642
940.5426 1144.486
939.4888 1142.329
938.435 1140.173
938.2594 1139.814
938.6107 1140.533
939.6644 1142.689
940.5426 1144.486
941.5964 1146.642
942.6501 1148.798
943.7039 1150.955
944.7577 1153.111
945.8115 1155.267
946.8653 1157.423
947.9191 1159.58
948.6917 1161.842
948.8371 1163.429
947.6274 1166.349
946.1178 1168.208
944.7634 1170.186
943.7578 1172.362
943.1292 1174.676
942.8951 1177.061
943.175 1180.245
943.1249 1182.516
941.3329 1182.577
939.0189 1182.577
935.9335 1182.577
934.0052 1182.577
932.0768 1182.577
929.7628 1182.577
927.4489 1182.577
925.1348 1182.577
923.1824 1182.59
920.8248 1182.189
918.4363 1182.105
915.6702 1182.54
913.2993 1182.586
910.9283 1182.586
908.9526 1182.586
906.5817 1182.586
904.6059 1182.586
902.2349 1182.586
899.864 1182.586
897.4931 1182.586
895.5173 1182.586
893.5416 1182.586
891.1707 1182.586
888.8132 1182.395
887.5271 1180.546
887.4744 1178.149
887.6797 1175.758
888.0162 1173.382
887.7384 1172.532
885.3646 1172.178
882.9908 1171.824
880.617 1171.471
878.6388 1171.176
876.6606 1170.882
874.2868 1170.528
871.913 1170.175
869.5392 1169.821
867.561 1169.526
865.5828 1169.232
863.209 1168.878
860.8352 1168.525
859.2526 1168.289
856.8788 1167.935
854.505 1167.582
852.9225 1167.346
850.5486 1166.993
848.1748 1166.639
846.5923 1166.403
844.2184 1166.05
841.8447 1165.696
841.0534 1165.578
841.0534 1165.578
841.0534 1165.578
841.0534 1165.578
841.0534 1165.578
839.6091 1164.998
837.6332 1164.689
834.8669 1164.255
832.891 1163.946
830.9151 1163.752
829.053 1163.05
827.0061 1161.815
824.7498 1161.017
822.427 1160.413
820.1043 1159.809
818.5558 1159.406
816.2331 1158.802
814.2975 1158.299
812.3619 1157.795
810.4263 1157.292
808.4907 1156.789
806.4155 1155.611
805.1497 1154.072
804.3256 1151.826
803.9651 1149.456
803.9704 1147.457
804.3434 1145.089
805.1061 1142.817
805.8524 1140.537
806.1469 1138.157
805.7245 1135.795
805.2429 1133.443
804.7612 1131.092
804.5204 1129.917
804.5204 1129.917
804.5204 1129.917
804.5204 1129.917
804.5204 1129.917
804.5204 1129.917
804.5204 1129.917
804.5204 1129.917
804.1191 1127.957
803.7177 1125.998
803.3163 1124.039
802.8347 1121.688
802.6741 1120.904
802.1925 1118.553
802.032 1117.769
801.5503 1115.418
801.1489 1113.458
800.9081 1112.283
800.5068 1110.323
800.1054 1108.364
799.8646 1107.189
799.7843 1106.797
799.3829 1104.837
798.9816 1102.878
798.5802 1100.919
800.2231 1100.051
802.6041 1099.756
805.0018 1099.661
805.4649 1099.65
805.4649 1099.65
805.4649 1099.65
805.4649 1099.65
805.451 1097.25
805.4418 1095.65
805.428 1093.25
805.4165 1091.25
805.405 1089.25
805.3935 1087.25
805.382 1085.25
805.3682 1082.85
805.3589 1081.25
805.3452 1078.85
805.3359 1077.25
805.3221 1074.85
805.3198 1074.45
805.3198 1074.45
805.3198 1074.45
805.3198 1074.45
805.3198 1074.45
805.3152 1073.65
805.3014 1071.25
805.2922 1069.65
805.2784 1067.25
805.2737 1066.45
805.2599 1064.05
805.2484 1062.05
805.2369 1060.05
805.2231 1057.651
805.2139 1056.051
805.2001 1053.651
805.1909 1052.051
805.1771 1049.651
805.1655 1047.651
805.1609 1046.851
805.1609 1046.851
805.1609 1046.851
805.1609 1046.851
805.1563 1046.051
805.1425 1043.651
805.1402 1043.251
805.1402 1043.251
805.131 1041.651
805.1218 1040.051
805.1172 1039.251
805.108 1037.651
805.108 1037.651
805.0988 1036.051
805.085 1033.651
805.085 1033.651
805.0757 1032.051
805.0665 1030.451
805.0665 1030.451
805.0596 1029.251
805.0527 1028.051
805.0481 1027.251
805.0366 1025.251
805.0251 1023.251
805.0135 1021.251
804.9998 1018.851
804.9974 1018.451
804.9836 1016.051
804.9744 1014.451
804.9606 1012.051
804.9491 1010.051
804.9422 1008.851
804.9307 1006.851
804.9191 1004.851
804.9077 1002.851
804.8961 1000.851
804.8846 998.8514
804.8731 996.8515
804.8616 994.8515
804.8547 993.6516
804.8455 992.0516
804.8339 990.0516
804.8317 989.6516
804.8201 987.6516
804.8086 985.6517
804.804 984.8517
804.804 984.8517
804.804 984.8517
804.804 984.8517
804.804 984.8517
804.804 984.8517
804.804 984.8517
804.804 984.8517
804.804 984.8517
804.804 984.8517
804.804 984.8517
804.804 984.8517
804.8109 986.0517
804.8224 988.0516
804.8339 990.0516
804.8455 992.0516
804.857 994.0515
804.8685 996.0515
804.88 998.0515
804.8915 1000.051
804.903 1002.051
804.9146 1004.051
804.9261 1006.051
804.9376 1008.051
804.9491 1010.051
804.9606 1012.051
804.9721 1014.051
804.9836 1016.051
804.9951 1018.051
805.0067 1020.051
805.0182 1022.051
805.032 1024.451
805.0412 1026.051
805.055 1028.451
805.0665 1030.451
805.078 1032.451
805.0872 1034.051
805.0872 1034.051
805.0872 1034.051
805.0872 1034.051
805.0872 1034.051
805.0872 1034.051
805.0826 1033.251
805.0734 1031.651
805.0596 1029.251
805.0504 1027.651
805.0366 1025.251
805.0273 1023.651
805.0135 1021.251
805.0021 1019.251
804.9905 1017.251
804.9836 1016.051
804.9836 1016.051
804.9836 1016.051
804.9836 1016.051
804.9836 1016.051
804.9836 1016.051
804.9836 1016.051
804.9836 1016.051
804.9836 1016.051
804.9836 1016.051
804.9836 1016.051
804.9836 1016.051
804.9836 1016.051
804.9836 1016.051
804.9836 1016.051
804.9836 1016.051
804.9836 1016.051
804.9836 1016.051
804.9836 1016.051
804.9836 1016.051
804.9836 1016.051
804.9836 1016.051
804.9836 1016.051
804.9836 1016.051
804.9836 1016.051
804.9836 1016.051
804.9836 1016.051
804.9836 1016.051
804.9836 1016.051
804.9836 1016.051
804.9836 1016.051
804.9836 1016.051
804.9836 1016.051
804.9836 1016.051
804.9836 1016.051
804.9836 1016.051
804.9836 1016.051
804.9836 1016.051
804.9836 1016.051
804.9836 1016.051
804.9836 1016.051
804.9836 1016.051
804.9836 1016.051
804.9836 1016.051
804.9836 1016.051
804.9836 1016.051
804.9836 1016.051
804.9836 1016.051
804.9836 1016.051
804.9836 1016.051
804.9836 1016.051
804.9836 1016.051
804.9836 1016.051
804.9836 1016.051
804.9836 1016.051
804.9836 1016.051
804.9744 1014.451
804.9652 1012.851
804.9514 1010.451
804.9422 1008.851
804.9283 1006.451
804.9191 1004.851
804.9053 1002.451
804.8961 1000.851
804.8823 998.4515
804.8731 996.8515
804.8593 994.4515
804.8501 992.8516
804.8362 990.4516
804.8248 988.4516
804.8132 986.4517
804.804 984.8517
804.7902 982.4517
804.7787 980.4518
804.7672 978.4518
804.7557 976.4518
804.7441 974.4518
804.7327 972.4519
804.7211 970.4519
804.7119 968.8519
804.6981 966.452
804.6889 964.852
804.675 962.4521
804.6658 960.8521
804.652 958.4521
804.6428 956.8522
804.629 954.4522
804.6198 952.8522
804.606 950.4523
804.5968 948.8523
804.5829 946.4523
804.5715 944.4523
804.5599 942.4524
804.5484 940.4525
804.5369 938.4525
804.5254 936.4525
804.5139 934.4525
804.5024 932.4526
804.4908 930.4526
804.4794 928.4526
804.4678 926.4526
804.4563 924.4527
804.4448 922.4527
804.431 920.0527
804.4218 918.4528
804.408 916.0529
804.3987 914.4529
804.3849 912.0529
804.3734 910.0529
804.3619 908.053
804.3504 906.053
804.3389 904.053
804.3274 902.053
804.3274 902.053
804.3274 902.053
804.3274 902.053
804.3274 902.053
804.3274 902.053
804.3274 902.053
804.3274 902.053
804.3274 902.053
804.3274 902.053
804.3274 902.053
804.3274 902.053
801.9283 902.1136
799.5411 902.35
797.2106 902.9125
795.0054 903.8526
794.5193 905.1473
794.5104 906.7604
794.5 908.6466
794.4883 910.7532
794.4767 913.019
794.4684 915.368
794.4673 916.7479
794.4673 916.5319
794.4673 916.2409
794.4673 916.0469
794.4673 915.7559
794.4673 915.5619
794.4673 915.2709
794.4673 915.0284
794.4673 914.7859
794.4673 914.5434
794.4673 914.3008
794.4673 913.8206
794.4673 912.0252
794.9933 909.6861
795.873 907.456
797.1114 905.4033
798.6747 903.586
800.5193 902.0547
802.5933 900.8526
804.8389 900.0132
805.467 899.56
805.467 899.4468
805.467 899.5413
805.467 899.6223
805.5392 898.0262
805.5392 896.0312
805.5392 893.6372
805.5392 891.6422
805.5392 889.6472
805.5392 887.2532
805.5392 885.6793
806.1944 883.5195
807.9358 881.8706
809.3053 879.921
810.1729 877.6887
810.9389 875.4142
811.705 873.1397
812.2156 871.6234
812.9816 869.3489
812.5014 868.2606
812.0506 866.8442
812.1772 866.0773
812.1772 866.0773
812.1772 866.0773
812.1772 866.0773
812.1772 866.0773
812.1772 866.0773
812.1772 866.0773
812.1772 866.0773
812.1772 866.0773
812.1772 866.0773
812.1772 866.0773
812.1772 866.0773
812.1772 866.0773
812.8156 864.1819
813.3263 862.6656
814.0923 860.3911
814.8583 858.1166
815.369 856.6003
816.3887 854.8256
818.6408 855.6533
820.8013 856.6948
821.2239 856.4949
821.2531 856.4658
820.9991 856.7197
820.4756 857.2476
819.7458 857.9824
819.605 858.1434
819.605 858.1434
819.605 858.1434
819.605 858.1434
819.605 858.1434
819.605 858.1434
819.605 858.1434
819.605 858.1434
819.605 858.1434
819.605 858.1434
819.605 858.1434
819.605 858.1434
819.605 858.1434
819.605 858.1434
819.605 858.1434
819.605 858.1434
819.605 858.1434
819.605 858.1434
819.605 858.1434
819.605 858.1434
819.605 858.1434
819.605 858.1434
819.605 858.1434
819.605 858.1434
819.605 858.1434
819.605 858.1434
819.605 858.1434
819.605 858.1434
819.605 858.1434
819.605 858.1434
819.605 858.1434
819.605 858.1434
819.605 858.1434
819.605 858.1434
819.605 858.1434
819.605 858.1434
819.605 858.1434
819.605 858.1434
819.605 858.1434
819.605 858.1434
819.605 858.1434
819.605 858.1434
819.605 858.1434
819.605 858.1434
819.605 858.1434
819.605 858.1434
819.605 858.1434
819.605 858.1434
819.605 858.1434
819.605 858.1434
819.605 858.1434
820.3486 857.4226
821.569 856.2023
823.0334 854.7378
824.2538 853.5175
825.4741 852.2971
826.9385 850.8326
828.1589 849.6122
829.3793 848.3919
830.8438 846.9274
830.8862 846.1777
830.8862 845.7731
830.8862 845.1662
830.9861 844.3397
831.7347 843.1985
833.5236 842.4826
835.8456 841.8757
838.1676 841.2688
839.7156 840.8643
842.0376 840.2574
844.3596 839.6505
846.6816 839.0436
848.6166 838.5379
850.5516 838.0322
852.8736 837.4253
854.8086 836.9196
856.7436 836.4138
859.0656 835.8069
861.4457 835.8264
863.7872 836.3073
866.1724 836.3223
868.554 836.0259
870.9357 835.7296
873.3173 835.4332
875.6989 835.1368
877.2866 834.9391
879.6683 834.6428
882.0499 834.3464
884.0346 834.0994
886.0193 833.8524
888.4009 833.556
890.3856 833.309
892.3703 833.062
894.7519 832.7656
897.1335 832.4692
898.7213 832.2716
901.1058 832.0356
903.4399 832.5345
905.3796 833.9274
906.8417 835.8218
907.9304 837.9576
908.6476 840.2451
908.9734 842.5187
909.1616 842.5202
909.6664 842.5213
910.7776 842.532
912.3804 842.533
913.7543 842.533
914.8992 842.533
916.273 842.533
917.1889 842.533
918.5627 842.533
919.7076 842.533
920.8524 842.533
922.2263 842.533
923.1422 842.533
924.516 842.533
925.6608 842.533
926.8057 842.533
927.2615 842.533
927.2615 842.533
927.2615 842.533
927.2615 842.533
927.2615 842.533
927.2615 842.533
927.2615 842.533
927.2615 842.533
927.2615 842.533
927.2615 842.533
927.2615 842.533
927.2615 842.533
927.2791 842.5472
927.2791 841.949
927.2872 840.435
928.3718 838.545
929.9115 836.2115
930.8489 834.0052
931.4052 831.6733
931.5524 828.8816
931.2576 826.5018
930.6913 824.1703
932.2492 822.4947
933.767 821.9921
933.767 821.9921
933.767 821.9921
933.9974 822.7582
934.5188 824.6888
934.9482 827.0487
935.1723 830.2398
935.1945 831.0395
935.1936 833.4392
934.9966 835.8299
934.4669 838.1234
933.5573 838.1283
932.2905 838.1352
930.702 838.1439
928.7697 838.4066
926.6791 839.5798
924.4222 840.3879
922.0623 840.8104
919.6655 840.9113
917.2668 840.8386
916.8948 842.5187
916.7767 842.5187
916.6586 842.5187
916.5601 842.5187
916.4617 842.5187
916.3436 842.5187
916.2648 842.5187
916.1467 842.5187
916.0483 842.5187
915.9498 842.5187
916.6494 842.5411
918.0726 842.5869
920.8519 842.2735
923.1541 841.6047
925.3123 840.5613
927.5683 838.9102
929.2155 837.1684
930.5955 835.2065
931.804 833.1334
932.3837 832.0826
932.3837 832.0826
932.3837 832.0826
932.3837 832.0826
932.3837 832.0826
932.3837 832.0826
933.4353 832.6605
934.8375 833.4312
936.9409 834.587
939.0442 835.7429
939.7453 836.1282
939.7453 836.1282
939.7453 836.1282
939.7453 836.1282
939.7453 836.1282
939.7453 836.1282
939.7453 836.1282
939.7453 836.1282
939.7453 836.1282
941.1475 836.8987
942.9003 837.8619
945.0036 839.0178
945.0036 839.0178
944.8096 839.3677
943.6009 841.4407
942.2526 843.4258
941.545 844.395
941.545 844.395
941.545 844.395
940.5784 845.6699
939.0275 847.5007
937.6569 848.9572
937.6569 848.9572
937.6569 848.9572
937.6569 848.9572
937.5999 850.0998
937.5999 851.4629
937.5999 853.0087
937.5999 853.0087
937.5999 853.0087
939.1233 854.8632
940.3929 856.4085
940.3929 856.4085
940.3929 856.4085
940.3929 856.4085
941.1546 857.3358
942.6781 859.1902
943.6938 860.4265
942.2986 862.1949
940.3176 863.549
938.233 864.736
937.6172 865.5089
937.6172 866.1448
937.6172 866.4849
937.6172 866.4086
937.6172 866.1366
937.6172 865.9717
937.5554 868.3484
937.5554 870.3289
937.5554 872.3094
937.5554 874.686
937.5554 876.2705
937.5554 877.8549
937.5554 877.8549
937.5554 877.8549
937.5554 877.8549
937.5554 877.8549
939.9382 878.14
941.9353 878.2347
944.7324 878.1234
945.53 878.0618
948.3132 877.7604
949.8936 877.5112
949.8936 877.5112
949.8936 877.5112
950.025 878.3004
950.3536 880.2732
950.6821 882.246
951.0764 884.6134
951.3392 886.1917
951.5858 888.5698
951.2839 890.5391
951.272 892.9266
951.4637 894.9174
951.6937 897.3063
951.9238 899.6953
952.1155 901.6861
952.3071 903.6769
952.1939 906.0546
951.6362 907.5469
951.1209 910.6833
951.0969 912.6832
951.0682 915.083
951.0443 917.0828
951.0156 919.4827
950.9916 921.4825
950.9677 923.4824
950.5461 925.8334
949.7703 927.2283
947.7331 929.1473
946.24 931.499
945.4724 933.7721
944.7635 936.065
944.1728 937.9758
943.582 939.8865
942.8732 942.1794
942.4006 943.7081
942.4006 943.7081
942.4006 943.7081
942.4006 943.7081
942.4006 943.7081
942.0461 944.8546
941.3373 947.1475
940.7466 949.0582
940.1558 950.969
939.5651 952.8798
938.8563 955.1727
938.2655 957.0835
937.6748 958.9943
937.5679 961.2872
937.5679 963.1979
937.5679 965.1087
937.5679 967.4016
937.5679 968.9302
937.5679 971.2232
937.5679 971.2232
937.5679 973.134
937.5679 975.4269
937.5679 977.3376
937.5679 979.2484
937.5679 981.5413
937.5679 983.4521
937.5679 983.4521
937.5679 983.4521
939.1021 983.9062
941.431 984.4846
943.7981 984.8744
946.1945 984.987
948.587 984.8229
950.9434 984.3724
953.0341 983.7269
953.0341 983.7269
953.2722 983.0967
954.2655 981.8959
954.2656 981.7695
954.2656 981.7695
954.2656 981.7695
954.2656 981.7695
954.2697 982.0664
953.8219 982.3801
953.1981 983.2538
953.0176 985.3633
953.0176 987.2608
953.0176 989.1582
953.5444 991.4402
954.1767 993.3377
954.3162 995.2196
954.7676 996.9402
956.7319 998.2503
959.0634 998.8001
961.4579 998.916
963.8381 998.631
966.5084 997.8029
968.6323 996.6912
970.6978 995.4722
972.9219 994.5967
975.304 994.3918
977.7039 994.4063
978.5039 994.4112
978.5039 994.4112
978.5039 994.4112
978.5039 994.4112
978.5039 994.4112
980.5038 994.4233
982.9038 994.4379
984.9037 994.45
986.9037 994.4621
989.3037 994.4766
990.9036 994.4863
993.3036 994.5009
995.7036 994.5154
997.3035 994.5251
999.3035 994.5372
1001.303 994.5493
1003.703 994.5639
1005.303 994.5735
1007.703 994.5881
1009.703 994.6002
1011.703 994.6124
1014.103 994.6269
1016.103 994.639
1018.103 994.6511
1020.103 994.6633
1022.103 994.6754
1024.503 994.6899
1024.903 994.6923
1024.903 994.6923
1024.903 994.6923
1024.903 994.6923
1024.903 994.6923
1024.903 994.6923
1026.103 994.6996
1028.503 994.7142
1030.503 994.7263
1032.503 994.7384
1034.461 994.7529
1034.461 994.7675
1034.461 994.7796
1034.461 994.7917
1034.461 994.8063
1034.461 994.8184
1034.461 994.8305
1034.461 994.8378
1034.461 994.8378
1034.461 994.8378
1034.461 994.8475
1034.461 994.862
1034.461 994.8741
1034.461 994.8862
1034.461 994.9008
1034.489 995.7859
1034.857 997.5637
1034.532 999.9408
1034.083 1002.298
1036.83 1002.84
1039.185 1003.304
1041.147 1003.691
1043.501 1004.155
1045.464 1004.542
1047.426 1004.929
1049.201 1006.402
1049.012 1008.736
1048.01 1010.914
1047.627 1012.08
1047.95 1012.676
1048.111 1014.062
1048.111 1015.025
1048.109 1015.636
1048.107 1015.973
1048.121 1017.634
1048.284 1020.028
1048.474 1022.822
1048.61 1024.817
1048.773 1027.212
1048.936 1029.606
1049.071 1031.602
1049.207 1033.597
1049.37 1035.991
1049.533 1038.386
1049.669 1040.381
1049.832 1042.776
1049.968 1044.771
1050.13 1047.166
1050.266 1049.161
1050.429 1051.555
1050.565 1053.551
1050.728 1055.945
1050.891 1058.34
1051.054 1060.734
1051.217 1063.129
1051.38 1065.523
1051.543 1067.917
1051.678 1069.913
1051.814 1071.908
1052.004 1074.702
1052.14 1076.697
1052.303 1079.092
1052.466 1081.486
1052.629 1083.881
1052.792 1086.275
1052.955 1088.67
1053.118 1091.064
1053.281 1093.458
1053.417 1095.454
1053.579 1097.848
1053.742 1100.243
1053.905 1102.637
1053.642 1105.383
1052.065 1105.843
1051.265 1105.862
1048.465 1105.857
1048.465 1105.857
1048.449 1107.457
1048.422 1110.257
1048.399 1112.656
1048.379 1114.656
1048.356 1117.056
1048.332 1119.456
1048.309 1121.856
1048.286 1124.256
1048.262 1126.656
1048.239 1129.056
1048.212 1131.855
1048.188 1134.255
1048.188 1134.255
1048.177 1135.455
1048.177 1135.455
1048.165 1136.655
1048.145 1138.655
1048.134 1139.855
1048.134 1139.855
1048.134 1139.855
1048.134 1139.855
1048.134 1139.855
1048.134 1139.855
1048.134 1139.855
1048.13 1140.255
1048.106 1142.655
1048.083 1145.055
1048.06 1147.455
1048.036 1149.855
1048.013 1152.255
1048.009 1152.655
1048.009 1152.655
1048.009 1152.655
1048.009 1152.655
1048.009 1152.655
1048.009 1152.655
1048.009 1152.655
1048.009 1152.655
1048.009 1152.655
1048.009 1152.655
1048.009 1152.655
1048.009 1152.655
1048.009 1152.655
1048.009 1152.655
1048.009 1152.655
1046.809 1152.631
1044.824 1152.498
1044.824 1152.217
1044.824 1152.171
1044.824 1152.171
1044.824 1152.171
1044.915 1151.376
1045.234 1148.595
1045.462 1146.608
1045.735 1144.223
1045.963 1142.236
1045.963 1142.236
1045.963 1142.236
1045.963 1142.236
1045.963 1142.236
1045.963 1142.236
1045.963 1142.236
1045.963 1142.236
1045.963 1142.236
1045.963 1142.236
1045.963 1142.236
1045.963 1142.236
1045.963 1142.236
1045.963 1142.236
1045.963 1142.236
1045.963 1142.236
1045.963 1142.236
1045.963 1142.236
1045.963 1142.236
1045.963 1142.236
1045.963 1142.236
1045.963 1142.236
1045.963 1142.236
1045.963 1142.236
1045.963 1142.236
1045.963 1142.236
1045.963 1142.236
1045.963 1142.236
1045.963 1142.236
1045.963 1142.236
1045.963 1142.236
1045.963 1142.236
1045.963 1142.236
1045.963 1142.236
1045.963 1142.236
1045.963 1142.236
1045.963 1142.236
1045.963 1142.236
1046.758 1142.322
1049.151 1142.497
1050.865 1142.535
1050.865 1142.517
1050.866 1142.262
1050.867 1141.741
1050.867 1141.573
1050.867 1141.573
1050.867 1141.573
1050.867 1141.573
1050.867 1141.573
1050.867 1141.573
1050.928 1143.916
1050.928 1146.259
1050.928 1148.601
1050.928 1150.944
1051.014 1153.287
1051.535 1155.63
1052.056 1157.973
1052.782 1160.25
1054.308 1162.088
1056.423 1163.185
1058.695 1163.954
1061.472 1165.519
1063.15 1167.226
1064.704 1169.055
1066.777 1171.493
1068.331 1173.322
1069.885 1175.151
1071.439 1176.979
1073.111 1178.685
1074.816 1180.358
1076.413 1182.15
1078.541 1182.539
1080.495 1182.567
1082.814 1182.594
1085.952 1182.056
1088.17 1181.145
1090.832 1179.381
1092.535 1177.694
1094.133 1175.401
1095.455 1172.936
1097.083 1170.67
1099.319 1169.01
1101.368 1167.761
1103.492 1169.703
1104.406 1171.92
1104.973 1174.25
1105.11 1177.44
1104.746 1179.809
1104.035 1182.1
1102.798 1182.526
1102.469 1182.526
1102.469 1182.526
1102.469 1182.526
1102.469 1182.526
1102.469 1182.526
1102.469 1182.526
1102.469 1182.526
1103.398 1180.313
1104.207 1178.054
1104.993 1174.955
1105.309 1172.576
1105.446 1170.181
1105.182 1166.995
1104.761 1164.633
1104.606 1163.88
1105.783 1163.817
1108.137 1163.817
1110.49 1163.817
1112.844 1163.817
1115.198 1163.817
1117.551 1163.817
1119.905 1163.817
1122.258 1163.817
1124.612 1163.817
1127.35 1164.166
1128.35 1166.303
1128.537 1169.096
1128.537 1169.096
1128.537 1169.096
1128.537 1169.096
1128.537 1169.096
1128.61 1171.495
1128.451 1174.289
1128.269 1175.879
1128.269 1175.879
1131.048 1176.221
1133.431 1176.514
1135.813 1176.807
1138.195 1177.1
1140.577 1177.393
1142.959 1177.686
1145.738 1178.028
1148.12 1178.321
1150.899 1178.662
1153.281 1178.956
1155.667 1178.999
1157.909 1178.209
1159.802 1176.753
1162.514 1175.078
1164.795 1174.367
1167.538 1173.804
1170.28 1173.241
1171.064 1173.08
1171.064 1173.08
1171.064 1173.08
1171.064 1173.08
1171.064 1173.08
1173.415 1172.597
1175.766 1172.114
1178.117 1171.631
1180.468 1171.148
1182.819 1170.666
1185.026 1170.04
1186.443 1168.623
1187.86 1167.206
1189.277 1165.789
1190.694 1164.372
1192.111 1162.955
1193.528 1161.538
1194.944 1160.121
1196.361 1158.704
1197.778 1157.288
1199.195 1155.871
1200.612 1154.454
1201.557 1153.51
1201.557 1153.51
1201.557 1153.51
1201.557 1153.51
1201.557 1153.51
1201.557 1153.51
1201.557 1153.51
1201.557 1153.51
1201.557 1153.51
1201.557 1153.51
1201.557 1153.51
1201.557 1153.51
1201.557 1153.51
1201.557 1153.51
1201.557 1153.51
1201.557 1153.51
1201.557 1153.51
1201.557 1153.51
1201.557 1153.51
1201.557 1153.51
1201.557 1153.51
1201.557 1153.51
1201.557 1153.51
1201.557 1153.51
1201.557 1153.51
1201.557 1153.51
1201.557 1153.51
1201.557 1153.51
1201.557 1153.51
1201.557 1153.51
1201.557 1153.51
1201.557 1153.51
1201.557 1153.51
1201.557 1153.51
1201.557 1153.51
1201.557 1153.51
1201.557 1153.51
1201.557 1153.51
1201.557 1153.51
1201.557 1153.51
1201.557 1153.51
1201.209 1151.948
1200.564 1149.637
1199.468 1147.064
1198.152 1145.061
1196.22 1143.04
1193.933 1141.432
1191.755 1140.43
1189.943 1140.308
1188.45 1141.785
1187.102 1143.119
1185.598 1144.606
1183.704 1146.479
1181.73 1148.432
1180.078 1150.172
1178.279 1152.318
1178.279 1152.318
1178.279 1152.318
1178.279 1152.318
1178.279 1152.318
1178.279 1152.318
1178.279 1152.318
1178.279 1152.318
1178.279 1152.318
1178.279 1152.318
1178.279 1152.318
1178.279 1152.318
1178.279 1152.318
1178.279 1152.318
1178.279 1152.318
1178.279 1152.318
1178.279 1152.318
1178.279 1152.318
1178.279 1152.318
1178.279 1152.318
1178.279 1152.318
1178.279 1152.318
1178.279 1152.318
1178.279 1152.318
1178.279 1152.318
1178.279 1152.318
1178.279 1152.318
1178.279 1152.318
1178.279 1152.318
1179.05 1151.398
1180.375 1149.9
1182.091 1148.223
1184.356 1146.585
1186.883 1145.385
1189.177 1144.687
1191.548 1144.334
1194.744 1144.376
1197.114 1144.746
1199.455 1145.273
1199.455 1145.273
1199.455 1145.273
1199.455 1145.273
1199.455 1145.273
1199.455 1145.273
1199.455 1145.273
1197.895 1144.918
1196.22 1143.433
1196.629 1141.068
1197.174 1137.915
1197.583 1135.55
1197.992 1133.185
1198.401 1130.82
1198.742 1128.849
1199.151 1126.485
1199.56 1124.12
1199.969 1121.755
1200.378 1119.39
1200.787 1117.025
1201.196 1114.66
1201.605 1112.295
1202.014 1109.93
1202.423 1107.566
1202.628 1106.383
1202.628 1106.383
1202.628 1106.383
1202.628 1106.383
1202.628 1106.383
1202.628 1106.383
1202.628 1106.383
1202.628 1106.383
1202.901 1104.807
1203.31 1102.442
1203.719 1100.077
1204.128 1097.712
1204.043 1095.331
1203.082 1093.152
1202.249 1090.905
1201.979 1088.532
1201.887 1085.734
1201.808 1083.335
1201.73 1080.937
1201.664 1078.938
1201.585 1076.539
1201.507 1074.14
1201.428 1071.742
1201.362 1069.743
1201.284 1067.344
1201.218 1065.345
1201.139 1062.946
1201.061 1060.547
1200.982 1058.149
1200.903 1055.75
1200.851 1054.151
1200.772 1051.752
1200.694 1049.354
1200.615 1046.955
1200.536 1044.556
1200.471 1042.557
1200.392 1040.159
1200.313 1037.76
1200.248 1035.761
1200.169 1033.362
1200.09 1030.964
1200.012 1028.565
1199.933 1026.166
1199.867 1024.167
1199.789 1021.768
1199.71 1019.37
1199.644 1017.371
1199.566 1014.972
1199.487 1012.573
1199.408 1010.175
1199.33 1007.776
1199.251 1005.377
1199.172 1002.979
1199.094 1000.58
1199.015 998.1811
1198.936 995.7823
1198.858 993.3837
1198.766 990.5851
1198.687 988.1865
1198.595 985.3879
1198.517 982.9893
1198.438 980.5906
1198.359 978.1918
1198.281 975.7932
1198.202 973.3944
1198.123 970.9957
1198.045 968.597
1198.003 966.1983
1198.003 963.7996
1198.003 961.4009
1198.003 959.0021
1198.003 957.0032
1198.003 954.6045
1198.003 952.2058
1198.003 949.8071
1198.003 947.8082
1198.003 945.4095
1197.924 943.0107
1197.845 940.6121
1197.766 938.2133
1197.688 935.8146
1197.609 933.4159
1197.544 931.417
1197.478 929.4181
1197.399 927.0193
1197.321 924.6207
1197.242 922.2219
1197.176 920.223
1197.111 918.2241
1197.032 915.8254
1196.953 913.4267
1196.875 911.028
1196.809 909.0291
1196.73 906.6303
1196.665 904.6314
1196.586 902.2327
1196.521 900.2338
1196.455 898.2349
1196.376 895.8361
1196.298 893.4374
1196.232 891.4385
1196.167 889.4396
1196.088 887.0408
1196.022 885.0419
1195.957 883.043
1195.878 880.6443
1195.813 878.6454
1195.747 876.6464
1195.721 875.8469
1195.721 875.8469
1195.721 875.8469
1195.721 875.8469
1195.721 875.8469
1194.522 875.8971
1192.132 876.1075
1189.759 876.4661
1189.759 876.4661
1189.759 876.4661
1189.759 876.4661
1189.759 876.4661
1189.499 874.8874
1189.174 872.9139
1188.784 870.5458
1188.459 868.5723
1188.135 866.5989
1187.868 864.2441
1187.609 862.6653
1187.219 860.2972
1186.959 858.7184
1186.569 856.3503
1186.244 854.3768
1185.92 852.4034
1185.057 850.7783
1183.096 851.1682
1180.791 851.8321
1178.609 852.8246
1177.079 853.7094
1177.037 853.6674
1177.227 853.8577
1176.759 853.4479
1175.141 851.8597
1173.483 850.2012
1171.824 848.5426
1170.718 847.4368
1169.06 845.7783
1168.994 844.8434
1168.071 843.1651
1166.389 842.0824
1164.707 840.9996
1163.026 839.9169
1161.344 838.8342
1159.276 837.6262
1157.725 837.2523
1155.334 837.3666
1152.94 837.2945
1150.271 836.4676
1148.397 835.7683
1146.149 834.9293
1143.9 834.0901
1142.421 834.0948
1140.548 834.0948
1138.674 834.0948
1136.798 834.0896
1134.91 834.0857
1132.924 834.0831
1131 834.5988
1128.643 835.0301
1126.259 834.7706
1123.889 834.3887
1121.52 834.0796
1119.545 834.0796
1117.571 834.016
1115.596 833.6977
1113.622 833.3795
1111.252 832.9976
1109.673 832.743
1107.303 832.3611
1105.329 832.0428
1103.354 831.7245
1101.38 831.4063
1099.405 831.0881
1097.431 830.7698
1095.456 830.4516
1093.482 830.1334
1091.507 829.8151
1089.532 829.4968
1087.558 829.1786
1085.583 828.8604
1083.609 828.5421
1081.24 828.1602
1079.265 827.842
1077.291 827.5237
1075.711 827.2691
1073.341 826.8872
1071.762 826.6326
1070.972 826.5053
1070.972 826.5053
1070.972 826.5053
1070.972 826.5053
1070.972 826.5053
1070.972 826.5053
1070.972 826.5053
1070.972 826.5053
1070.972 826.5053
1070.972 826.5053
1070.972 826.5053
1070.972 826.5053
1070.972 826.5053
1070.972 826.5053
1070.972 826.5053
1070.972 826.5053
1070.972 826.5053
1070.972 826.5053
1070.972 826.5053
1070.972 826.5053
1070.972 826.5053
1070.972 826.5053
1070.972 826.5053
1070.972 826.5053
1070.972 826.5053
1070.972 826.5053
1070.972 826.5053
1070.972 826.5053
1070.972 826.5053
1070.972 826.5053
1070.972 826.5053
1070.972 826.5053
1070.972 826.5053
1070.972 826.5053
1070.972 826.5053
1070.972 826.5053
1070.79 827.6914
1070.585 829.2781
1070.399 831.6707
1070.354 832.4694
1070.354 832.4694
1070.354 832.4694
1070.354 832.4694
1070.354 832.4694
1070.354 832.4694
1070.354 832.4694
1070.354 832.4694
1070.354 832.4694
1070.354 832.4694
1070.354 832.4694
1070.354 832.4694
1070.354 832.4694
1070.354 832.4694
1070.354 832.4694
1070.354 832.4694
1070.354 832.4694
1070.354 832.4694
1070.354 832.4694
1070.354 832.4694
1070.354 832.4694
1070.354 832.4694
1070.354 832.4694
1070.354 832.4694
1070.354 832.4694
1070.354 832.4694
1070.354 832.4694
1070.354 832.4694
1070.354 832.4694
1070.354 832.4694
1070.354 832.4694
1070.354 832.4694
1070.354 832.4694
1070.354 832.4694
1070.354 832.4694
1070.354 832.4694
1070.354 832.4694
1070.354 832.4694
1070.354 832.4694
1070.354 832.4694
1068.756 832.3815
1066.359 832.2498
1064.762 832.162
1062.365 832.0302
1060.768 831.9424
1058.372 831.8106
1056.774 831.7228
1054.378 831.591
1052.78 831.5032
1050.384 831.3714
1048.387 831.2616
1046.39 831.1518
1043.993 831.02
1042.396 830.9322
1039.999 830.8005
1038.801 830.7346
1038.801 830.7346
1038.905 829.1379
1039.087 827.1463
1039.512 827.0787
1040.067 827.0769
1040.879 827.0737
1042.355 826.5603
1043.844 824.709
1045.388 822.8712
1047.004 821.8591
1048.766 821.8527
1050.739 821.8423
1052.902 821.8321
1055.164 821.826
1056.475 821.8243
1055.697 821.8243
1055.141 821.8243
1054.474 821.8243
1053.918 821.8243
1053.362 821.8243
1052.695 821.8243
1052.139 821.8243
1051.583 821.8243
1051.027 821.8243
1050.471 821.8243
1049.555 821.8243
1048.027 821.8918
1045.802 822.7886
1043.726 823.9875
1042.914 825.9705
1041.396 827.8263
1040.21 829.9092
1039.287 832.5482
1038.907 834.9157
1038.806 837.3128
1038.839 839.7125
1038.839 839.7125
1038.839 839.7125
1038.839 839.7125
1038.839 839.7125
1038.839 839.7125
1038.822 838.1126
1038.866 835.7132
1039.044 833.32
1039.118 832.5234
1039.118 832.5234
1038.321 832.4491
1036.33 832.2634
1034.338 832.0776
1031.949 831.8547
1029.957 831.6689
1027.966 831.4831
1025.576 831.2602
1023.983 831.1116
1021.594 830.8887
1019.204 830.6658
1017.213 830.48
1015.221 830.2942
1012.832 830.0713
1010.84 829.8855
1008.849 829.6998
1006.459 829.4768
1004.468 829.2911
1002.477 829.1053
1000.087 828.8824
998.0957 828.6966
996.1044 828.5109
993.752 828.9168
991.4023 829.353
989.0026 829.317
986.6028 829.2809
984.6031 829.2508
982.6033 829.2208
980.2036 829.1847
978.6038 829.1606
976.204 829.1246
973.8043 829.0884
972.2045 829.0644
969.8047 829.0283
967.405 828.9922
965.4053 828.9622
963.4055 828.9321
961.0057 828.8961
959.006 828.866
957.0062 828.8359
954.6064 828.7999
954.6064 828.7999
954.6064 828.7999
954.6064 828.7999
954.6064 828.7999
954.6064 828.7999
954.6064 828.7999
954.6064 828.7999
954.6064 828.7999
954.6064 828.7999
954.6064 828.7999
953.0067 828.7758
950.6069 828.7397
948.2072 828.7036
946.2074 828.6736
944.2076 828.6435
941.8079 828.6074
939.8082 828.5774
937.8083 828.5473
935.4086 828.5112
933.0089 828.4752
931.4091 828.4511
929.0093 828.415
926.6096 828.379
924.6099 828.3489
922.6101 828.3188
920.2103 828.2827
918.2106 828.2527
916.2108 828.2226
913.8111 828.1865
911.4114 828.1505
909.8115 828.1264
907.4118 828.0903
905.0121 828.0543
903.0123 828.0242
901.0125 827.9941
898.6128 827.9581
896.613 827.928
894.6132 827.8979
892.2135 827.8618
889.8138 827.8257
887.814 827.7957
885.8142 827.7656
883.8145 827.7355
883.8145 827.7355
883.8145 827.7355
883.8145 827.7355
883.8145 827.7355
883.8145 827.7355
883.8145 827.7355
883.8145 827.7355
883.8145 827.7355
883.8145 827.7355
883.8145 827.7355
883.8145 827.7355
883.8145 827.7355
883.8145 827.7355
883.8145 827.7355
883.8145 827.7355
883.8145 827.7355
883.8145 827.7355
883.8145 827.7355
883.8145 827.7355
883.8145 827.7355
883.8145 827.7355
883.8145 827.7355
883.8145 827.7355
883.8145 827.7355
883.8145 827.7355
883.8145 827.7355
883.8145 827.7355
883.8145 827.7355
883.8145 827.7355
883.8145 827.7355
883.8145 827.7355
883.8145 827.7355
883.8145 827.7355
883.8145 827.7355
883.8145 827.7355
883.8145 827.7355
883.8145 827.7355
883.8145 827.7355
883.8145 827.7355
883.8145 827.7355
881.8147 827.7055
879.415 827.6694
877.0153 827.6334
874.6357 827.835
873.1523 828.4233
870.7135 829.7478
869.2513 831.6345
868.2833 833.8276
867.5255 836.522
866.6328 838.7471
865.2361 840.6832
863.4969 842.3365
861.7449 842.5439
859.993 842.5439
858.2411 842.5439
857.0731 842.5439
855.3212 842.5439
853.5693 842.5439
852.1094 842.5439
850.3574 842.5439
848.8975 842.5439
847.1456 842.5439
845.6857 842.5439
844.2257 842.5439
842.4738 842.5439
841.0139 842.5439
838.9699 842.5439
837.802 842.5439
836.05 842.5439
834.5901 842.5439
833.1218 842.5547
831.229 843.7285
829.4771 845.3689
828.3091 846.4625
826.5572 848.1028
824.8052 849.7432
823.3453 851.1101
821.8854 852.4771
820.1335 854.1174
818.6735 855.4844
817.2136 856.8514
815.4617 858.4917
814.0017 859.8587
812.5418 861.2256
810.7899 862.866
809.33 864.233
807.87 865.5999
806.6096 867.624
806.173 869.9645
806.565 872.3217
807.0874 874.6608
807.1787 877.054
806.6263 879.3793
805.9015 881.6673
805.1768 883.9552
804.452 886.2432
803.9688 887.7685
803.244 890.0564
802.6401 891.9631
802.0361 893.8697
801.3113 896.1576
800.8281 897.6829
800.1034 899.9709
799.4994 901.8775
798.8954 903.7841
798.1707 906.0721
797.6875 907.5974
796.9627 909.8853
796.6719 911.854
797.0809 913.7996
798.3305 915.8333
799.9702 917.585
801.4089 919.5024
802.2314 921.7449
802.7021 924.0983
803.1727 926.4517
803.5649 928.4129
803.9572 930.3741
804.3494 932.3352
804.5847 933.5119
804.5847 933.5119
804.5847 933.5119
804.5847 933.5119
804.5847 933.5119
804.5847 933.5119
804.5847 933.5119
804.5847 933.5119
804.5847 933.5119
804.5847 933.5119
804.7416 934.2964
805.1339 936.2576
805.5261 938.2187
805.5292 940.1799
805.5292 942.1411
805.5292 944.1022
805.5292 946.4556
805.5292 948.0245
805.5292 950.3779
805.5292 951.9468
805.5292 954.3002
805.5292 955.8692
805.5292 958.2226
805.5292 959.7915
805.5292 962.1449
805.5292 963.7139
805.5292 966.0673
805.5292 968.0284
805.5292 969.9896
805.5292 971.9507
805.5292 973.9119
805.5292 975.873
805.5292 977.8342
805.5292 979.7953
805.5292 981.7565
805.5292 983.7177
805.5292 985.6788
805.5292 987.64
805.5292 989.6012
805.5292 991.5624
805.5292 993.5235
805.5292 995.4847
805.5292 997.4459
805.5292 999.407
805.5292 1001.368
805.5292 1003.329
805.5292 1005.29
805.5292 1007.252
805.5292 1009.213
805.5292 1011.174
805.5292 1013.135
805.5292 1015.096
805.5292 1017.057
805.5292 1019.411
805.5292 1020.98
805.5292 1023.333
805.5292 1024.902
805.5292 1027.255
805.5292 1028.824
805.5292 1031.178
805.5292 1032.747
805.5292 1035.1
805.5292 1036.669
805.5292 1039.022
805.5292 1040.591
805.5292 1042.945
805.5292 1044.514
805.5292 1046.867
805.5292 1048.436
805.5292 1050.789
805.5292 1052.751
805.5292 1054.712
805.5292 1056.673
805.5292 1058.634
805.5292 1060.988
805.5292 1062.556
805.5292 1064.91
805.5292 1066.871
805.5292 1068.832
805.5292 1070.793
805.5292 1072.755
805.5292 1075.108
805.5292 1076.677
805.5292 1079.03
805.5292 1080.991
805.5292 1082.953
805.5292 1084.914
805.5292 1086.875
805.5292 1089.228
805.5292 1090.797
805.5292 1093.151
805.5292 1094.719
805.5292 1097.073
805.5292 1099.034
805.5292 1100.995
805.5292 1102.956
805.5292 1104.918
805.5292 1107.271
805.5292 1109.232
805.5292 1111.193
805.5292 1113.154
805.5292 1115.116
805.5292 1117.469
805.5292 1119.038
805.5292 1121.391
805.5292 1123.353
805.5292 1125.314
805.5292 1127.667
805.7672 1129.236
806.2379 1131.59
806.6301 1133.551
807.0223 1135.512
807.4146 1137.473
807.8068 1139.435
808.199 1141.396
808.5912 1143.357
809.1597 1145.684
809.9534 1147.07
811.7584 1148.626
813.9828 1149.506
816.2898 1150.16
818.4572 1151.152
820.1387 1152.835
821.7778 1154.588
823.4169 1156.341
825.056 1158.094
826.4219 1159.555
827.7878 1161.016
829.4121 1162.78
830.7567 1164.258
832.1226 1165.719
833.5656 1167.097
835.367 1167.961
837.7421 1168.18
840.4621 1167.548
842.2928 1166.747
844.3158 1165.46
846.0961 1163.859
848.2506 1163.848
850.3669 1163.834
853.109 1163.818
855.4594 1163.818
857.8098 1163.817
859.3768 1163.817
861.7271 1163.818
864.0775 1163.818
866.4279 1163.818
868.7782 1163.818
870.7369 1163.818
873.0873 1163.818
875.0273 1163.962
876.2753 1165.749
876.4874 1168.138
876.3455 1170.531
875.808 1172.868
874.9539 1175.109
873.7441 1177.634
873.3837 1178.348
873.3837 1178.348
873.3837 1178.348
873.3837 1178.348
873.3837 1178.348
873.3837 1178.348
873.3837 1178.348
873.3837 1178.348
873.3837 1178.348
873.3837 1178.348
873.5623 1177.99
874.5765 1175.816
875.4357 1173.575
875.8298 1172.442
875.8298 1172.442
875.8298 1172.442
876.4491 1170.54
876.8828 1169
878.4517 1167.755
881.1612 1168.462
883.4836 1169.067
885.4189 1169.571
887.7413 1170.177
889.6767 1170.681
891.9991 1171.286
894.3215 1171.892
896.2569 1172.396
898.1923 1172.9
900.5146 1173.506
902.837 1174.111
905.1595 1174.716
907.4819 1175.322
909.4172 1175.826
911.3526 1176.33
913.675 1176.936
915.9974 1177.541
918.3198 1178.146
920.6423 1178.752
922.5776 1179.256
924.9 1179.861
926.8354 1180.366
929.1578 1180.971
929.1578 1180.971
929.1578 1180.971
929.1578 1180.971
929.1578 1180.971
929.1578 1180.971
929.1578 1180.971
930.319 1181.274
932.6414 1181.879
932.6414 1181.879
932.6414 1181.879
932.6414 1181.879
932.6414 1181.879
932.6414 1181.879
932.6414 1181.879
932.6414 1181.879
932.6414 1181.879
932.6414 1181.879
932.6414 1181.879
932.6414 1181.879
932.6414 1181.879
932.6414 1181.879
932.6414 1181.879
932.6414 1181.879
932.6414 1181.879
933.197 1179.544
933.584 1177.177
933.8284 1174.789
933.8284 1174.789
933.8284 1174.789
933.8284 1174.789
933.8284 1174.789
936.2194 1174.997
938.2119 1175.171
940.6028 1175.379
941.3998 1175.448
941.3998 1175.448
943.3923 1175.621
945.7832 1175.829
947.7757 1176.003
949.7682 1176.176
949.7682 1176.176
950.1667 1176.211
952.5576 1176.419
953.7531 1176.523
953.7531 1176.523
953.7531 1176.523
953.7531 1176.523
953.7531 1176.523
953.7531 1176.523
953.7531 1176.523
953.7531 1176.523
953.7531 1176.523
953.7531 1176.523
953.7531 1176.523
953.7531 1176.523
953.7531 1176.523
953.7531 1176.523
953.7531 1176.523
953.7531 1176.523
953.7531 1176.523
953.7531 1176.523
953.7531 1176.523
953.7531 1176.523
953.7531 1176.523
953.7531 1176.523
953.7531 1176.523
953.7531 1176.523
953.7531 1176.523
953.7531 1176.523
953.7531 1176.523
953.7531 1176.523
953.7531 1176.523
953.7531 1176.523
953.7531 1176.523
953.7531 1176.523
953.7531 1176.523
953.7531 1176.523
953.7531 1176.523
953.7531 1176.523
953.7531 1176.523
953.7531 1176.523
953.7531 1176.523
953.7531 1176.523
953.7531 1176.523
953.7531 1176.523
953.7531 1176.523
953.7531 1176.523
953.7531 1176.523
953.7531 1176.523
953.7531 1176.523
953.7531 1176.523
953.7531 1176.523
953.7531 1176.523
953.7531 1176.523
953.7531 1176.523
953.7531 1176.523
953.7531 1176.523
953.7531 1176.523
953.7531 1176.523
953.7531 1176.523
953.7531 1176.523
953.7531 1176.523
953.7531 1176.523
953.7531 1176.523
953.7531 1176.523
953.7531 1176.523
953.7531 1176.523
953.7531 1176.523
953.7531 1176.523
953.7531 1176.523
953.6785 1177.319
953.508 1178.91
953.1796 1181.288
952.9324 1182.52
952.8643 1182.52
952.8643 1182.52
953.6525 1182.585
956.0175 1182.585
958.3823 1182.585
960.7472 1182.585
963.1121 1182.585
965.0828 1182.585
967.4477 1182.585
969.4185 1182.585
971.7833 1182.585
974.1483 1182.585
976.3132 1182.585
976.1415 1182.585
975.3655 1182.585
974.0175 1182.585
972.2194 1182.585
970.3715 1182.585
968.2948 1182.585
965.6607 1182.585
962.8948 1182.594
960.4991 1182.497
958.151 1182.014
955.5594 1180.965
953.2209 1179.433
951.4857 1177.779
950.0507 1175.859
948.8088 1173.354
948.0965 1171.064
947.4929 1168.33
947.4174 1167.937
947.4174 1167.937
947.4174 1167.937
947.4174 1167.937
947.4174 1167.937
947.6584 1169.113
948.1268 1171.057
948.9755 1173.724
949.9612 1175.911
951.127 1178.008
951.9339 1179.39
949.5193 1180.807
947.4496 1182.022
945.38 1182.558
943.6553 1182.558
941.5856 1182.558
939.8609 1182.558
937.7913 1182.558
935.7216 1182.558
933.652 1182.558
931.5823 1182.558
929.8576 1182.558
927.788 1182.558
925.7183 1182.558
923.9937 1182.558
921.924 1182.558
919.8543 1182.558
917.7847 1182.558
915.715 1182.558
913.6454 1182.558
911.9207 1182.558
909.851 1182.558
908.1263 1182.558
905.7117 1182.558
903.9871 1182.558
901.9174 1182.558
899.8477 1182.558
897.7781 1182.558
896.0534 1182.558
894.3287 1182.558
892.259 1182.558
890.1894 1182.558
888.1197 1182.558
886.395 1182.558
884.6703 1182.558
882.6006 1182.558
880.531 1182.558
878.8063 1182.558
877.0816 1182.558
875.012 1182.558
872.9423 1182.558
871.2176 1182.558
869.4929 1182.558
867.7682 1182.558
867.288 1182.558
867.288 1182.558
867.288 1182.558
867.288 1182.558
867.288 1182.558
867.2852 1182.559
867.2852 1182.423
867.2444 1180.484
867.0341 1179.023
866.1783 1177.215
865.2145 1175.017
864.3461 1172.78
863.5386 1170.101
862.9841 1167.357
862.7729 1166.175
862.7729 1166.175
862.7729 1166.175
862.7729 1166.175
862.7729 1166.175
862.7729 1166.175
862.7729 1166.175
862.7729 1166.175
862.7729 1166.175
862.7729 1166.175
862.7729 1166.175
862.7729 1166.175
862.7729 1166.175
862.7729 1166.175
862.7729 1166.175
862.7729 1166.175
862.7729 1166.175
862.7729 1166.175
862.7729 1166.175
862.7729 1166.175
862.7729 1166.175
862.7729 1166.175
862.7729 1166.175
862.7729 1166.175
862.7729 1166.175
863.1577 1168.138
863.6569 1170.074
864.7061 1172.666
866.2299 1175.01
867.8779 1176.751
869.7932 1178.193
871.9221 1179.295
874.205 1180.026
876.5773 1180.374
878.976 1180.412
881.7644 1180.178
884.1 1179.637
886.3132 1178.716
888.658 1177.193
890.3998 1175.546
891.8427 1173.632
892.9482 1171.505
893.7554 1169.246
894.5833 1166.155
894.5833 1166.155
894.5833 1166.155
894.5833 1166.155
894.5833 1166.155
894.5833 1166.155
894.5833 1166.155
894.5833 1166.155
894.5833 1166.155
894.5833 1166.155
894.5833 1166.155
894.5833 1166.155
894.5833 1166.155
894.5833 1166.155
896.9122 1166.735
899.2411 1167.314
901.5701 1167.894
903.5108 1168.377
904.6753 1168.667
904.6753 1168.667
904.6753 1168.667
904.6753 1168.667
904.6753 1168.667
904.6753 1168.667
904.6753 1168.667
904.6753 1168.667
904.6753 1168.667
904.6753 1168.667
904.6753 1168.667
904.6753 1168.667
904.6753 1168.667
904.6753 1168.667
904.6753 1168.667
904.6753 1168.667
904.6753 1168.667
904.6753 1168.667
904.6753 1168.667
904.6753 1168.667
904.6753 1168.667
905.8398 1168.957
908.1687 1169.537
910.1094 1170.02
912.4384 1170.6
914.7673 1171.179
917.0963 1171.759
919.4252 1172.339
921.366 1172.822
923.6949 1173.402
925.6356 1173.885
927.9646 1174.465
930.2935 1175.044
932.6224 1175.624
934.9514 1176.204
937.2803 1176.784
939.6092 1177.363
941.9381 1177.943
944.2671 1178.523
946.596 1179.103
948.5902 1179.035
950.8613 1178.261
953.6536 1178.266
956.0418 1178.504
958.4301 1178.741
960.8183 1178.978
963.2065 1179.216
965.5947 1179.453
967.983 1179.69
969.5751 1179.849
971.9186 1179.389
974.0318 1178.267
976.7076 1177.494
979.0999 1177.302
981.8909 1177.076
984.2831 1176.884
986.6753 1176.691
988.6688 1176.53
990.6624 1176.369
993.0546 1176.176
995.4468 1175.983
997.8391 1175.791
1000.231 1175.598
1002.624 1175.405
1005.016 1175.212
1007.408 1175.019
1009.8 1174.826
1012.193 1174.633
1014.585 1174.44
1016.977 1174.247
1019.369 1174.054
1021.761 1173.862
1022.559 1173.797
1022.559 1173.797
1022.559 1173.797
1022.559 1173.797
1022.559 1173.797
1022.559 1173.797
1022.559 1173.797
1022.559 1173.797
1022.559 1173.797
1022.559 1173.797
1022.559 1173.797
1022.559 1173.797
1022.559 1173.797
1022.559 1173.797
1022.559 1173.797
1024.154 1173.669
1026.546 1173.476
1028.938 1173.283
1031.33 1173.09
1033.723 1172.897
1036.115 1172.704
1038.507 1172.511
1039.703 1172.415
1039.703 1172.415
1039.703 1172.415
1039.703 1172.415
1039.703 1172.415
1039.703 1172.415
1039.703 1172.415
1039.703 1172.415
1039.703 1172.415
1039.703 1172.415
1039.703 1172.415
1039.703 1172.415
1039.703 1172.415
1039.703 1172.415
1039.703 1172.415
1040.899 1172.318
1043.292 1172.125
1045.684 1171.933
1047.917 1171.067
1049.648 1169.414
1052.202 1167.496
1054.466 1166.701
1056.743 1165.942
1059.168 1163.871
1060.512 1161.887
1062.305 1160.306
1063.272 1159.108
1063.272 1157.511
1063.272 1156.313
1063.272 1155.416
1063.284 1156.039
1063.317 1158.05
1063.332 1160.791
1063.343 1163.586
1062.919 1165.946
1061.754 1168.919
1060.472 1170.945
1058.956 1172.805
1059.053 1175.077
1060.812 1176.71
1062.865 1178.614
1064.483 1179.77
1067.621 1180.332
1069.881 1181.09
1072.301 1182.495
1074.673 1182.556
1076.707 1182.556
1079.08 1182.556
1081.114 1182.556
1083.486 1182.556
1085.818 1182.593
1088.182 1182.291
1091.241 1181.378
1093.611 1181.149
1096.372 1181.612
1099.123 1182.136
1101.48 1182.583
1103.838 1182.583
1106.981 1182.583
1106.981 1182.583
1106.981 1182.583
1106.981 1182.583
1106.981 1182.583
1106.981 1182.583
1106.981 1182.583
1107.369 1180.215
1107.565 1177.824
1107.607 1174.625
1107.607 1174.625
1107.607 1174.625
1107.607 1174.625
1107.607 1174.625
1107.607 1174.625
1107.607 1174.625
1107.607 1174.625
1107.607 1174.625
1110.406 1174.629
1111.607 1174.63
1114.406 1174.634
1116.807 1174.637
1119.207 1174.641
1121.607 1174.644
1124.006 1174.647
1126.406 1174.651
1129.207 1174.654
1132.006 1174.658
1134.406 1174.662
1136.807 1174.665
1139.207 1174.668
1141.606 1174.672
1144.006 1174.675
1146.406 1174.678
1149.207 1174.682
1151.606 1174.685
1154.406 1174.689
1156.807 1174.692
1159.207 1174.696
1161.606 1174.699
1164.006 1174.702
1166.406 1174.706
1168.807 1174.709
1171.606 1174.713
1174.006 1174.716
1176.406 1174.719
1179.206 1174.723
1181.292 1173.797
1182.978 1172.104
1184.214 1170.055
1185.255 1167.036
1185.583 1164.661
1185.595 1161.863
1185.529 1160.664
1185.529 1160.664
1185.529 1160.664
1185.529 1160.664
1185.529 1160.664
1185.529 1160.664
1185.529 1160.664
1185.529 1160.664
1185.529 1160.664
1185.529 1160.664
1185.529 1160.664
1185.529 1160.664
1185.529 1160.664
1185.529 1160.664
1185.529 1160.664
1185.529 1160.664
1185.529 1160.664
1185.529 1160.664
1184.472 1161.866
1182.887 1163.668
1181.302 1165.47
1179.718 1167.273
1178.133 1169.075
1176.548 1170.877
1174.963 1172.68
1173.378 1174.482
1171.793 1176.284
1170.208 1178.087
1168.624 1179.889
1167.039 1181.691
1165.19 1182.538
1163.605 1182.538
1162.02 1182.538
1160.171 1182.538
1158.586 1182.538
1157.001 1182.538
1155.417 1182.538
1153.832 1182.538
1152.247 1182.538
1150.662 1182.538
1149.077 1182.538
1147.492 1182.538
1145.643 1182.538
1143.794 1182.538
1142.209 1182.538
1140.625 1182.538
1139.04 1182.538
1137.455 1182.538
1135.87 1182.538
1134.285 1182.538
1132.436 1182.538
1130.587 1182.538
1129.002 1182.538
1127.418 1182.538
1125.833 1182.538
1124.248 1182.538
1122.399 1182.538
1120.55 1182.538
1118.965 1182.538
1117.381 1182.538
1115.796 1182.538
1114.211 1182.538
1112.362 1182.538
1110.777 1182.538
1108.928 1182.538
1107.344 1182.538
1105.759 1182.539
1104.174 1182.538
1102.325 1182.539
1100.476 1182.539
1098.891 1182.539
1097.306 1182.539
1095.175 1182.374
1093.148 1181.098
1090.45 1179.38
1089.76 1178.974
1086.922 1177.499
1084.718 1176.549
1083.981 1176.239
1083.981 1176.239
1083.981 1176.239
1083.981 1176.239
1083.981 1176.239
1083.981 1176.239
1083.981 1176.239
1083.981 1176.239
1083.981 1176.239
1083.981 1176.239
1083.981 1176.239
1083.981 1176.239
1085.065 1173.657
1085.53 1172.551
1086.614 1169.969
1087.079 1168.863
1087.079 1168.863
1087.079 1168.863
1085.221 1168.121
1082.94 1167.378
1080.185 1166.902
1077.39 1166.963
1074.66 1167.566
1072.1 1168.687
1070.113 1170.03
1067.865 1172.298
1066.489 1174.263
1064.872 1177.024
1064.872 1177.024
1064.872 1177.024
1064.872 1177.024
1064.872 1177.024
1064.872 1177.024
1064.523 1176.828
1062.43 1175.654
1059.987 1174.285
1058.243 1173.307
1055.451 1171.742
1053.707 1170.765
1051.264 1169.395
1049.52 1168.417
1047.426 1167.244
1044.829 1167.754
1043.743 1169.878
1043.155 1172.202
1042.963 1174.592
1043.196 1177.781
1043.088 1179.822
1040.321 1180.251
1037.554 1180.681
1035.183 1181.05
1032.811 1181.418
1030.44 1181.787
1028.068 1182.155
1025.697 1182.524
1023.325 1182.586
1020.953 1182.586
1018.582 1182.586
1016.21 1182.586
1013.839 1182.586
1011.467 1182.586
1008.7 1182.586
1006.329 1182.586
1003.957 1182.586
1001.19 1182.586
999.2142 1182.586
996.8427 1182.586
996.8427 1182.586
996.8427 1182.586
996.8427 1182.586
996.8427 1182.586
996.8427 1182.586
996.8427 1182.586
996.8427 1182.586
996.8427 1182.586
994.4711 1182.586
992.0995 1182.586
989.728 1182.586
987.3565 1182.586
984.9849 1182.586
982.6134 1182.586
980.2418 1182.586
977.8703 1182.586
975.4987 1182.586
973.5225 1182.586
971.5461 1182.586
969.1746 1182.586
966.803 1182.586
964.4315 1182.586
964.0363 1182.586
963.2457 1182.586
961.2695 1182.586
959.2932 1182.586
956.9216 1182.586
954.55 1182.586
952.1785 1182.586
951.388 1182.586
951.388 1182.586
951.388 1182.586
951.064 1180.208
950.8311 1177.82
950.7404 1175.422
950.8851 1172.628
951.348 1169.867
951.6745 1168.301
951.6745 1168.301
951.6745 1168.301
951.6745 1168.301
951.6745 1168.301
951.6745 1168.301
951.6745 1168.301
951.2241 1170.658
950.9561 1173.042
951.0642 1175.836
951.5846 1178.176
952.488 1180.396
953.9916 1182.535
955.5801 1182.541
957.5942 1182.544
957.889 1182.544
958.7816 1182.545
960.6156 1182.548
961.861 1182.548
961.861 1182.548
963.771 1182.552
965.3987 1182.552
968.0754 1182.557
970.1502 1182.559
972.274 1182.563
974.4739 1182.569
977.1058 1182.574
979.7935 1182.577
980.1783 1182.577
979.6339 1182.577
978.9805 1182.577
978.3272 1182.577
977.6738 1182.577
977.1294 1182.577
976.585 1182.577
975.9316 1182.577
975.2783 1182.577
974.6249 1182.577
974.1893 1182.577
974.1893 1182.577
974.1893 1182.577
974.1893 1182.577
974.1893 1182.577
974.1893 1182.577
974.1893 1182.577
973.4215 1182.352
971.1404 1181.607
968.942 1180.649
966.9177 1179.365
965.1352 1177.762
963.2208 1175.206
962.1837 1173.044
961.5217 1170.74
961.2531 1168.358
961.4465 1167.279
962.0414 1167.276
963.5615 1166.756
964.8375 1164.801
965.2267 1164.102
965.2267 1164.102
965.2267 1164.102
965.2267 1164.102
965.2267 1164.102
964.4641 1165.509
963.7382 1166.935
962.8766 1168.74
961.9024 1170.933
961.0417 1173.172
960.3712 1175.476
959.9914 1177.031
959.9914 1177.031
959.9914 1177.031
960.3788 1175.478
961.0361 1173.17
961.7668 1170.884
962.5895 1168.63
964.8916 1168.304
967.1005 1169.243
969.3093 1170.182
971.5181 1171.12
973.7269 1172.059
975.9357 1172.998
977.7764 1173.78
979.9853 1174.719
982.1941 1175.657
984.403 1176.596
986.2778 1176.112
987.6313 1174.14
989.6085 1171.632
991.4293 1170.072
993.4846 1168.838
996.4819 1167.731
998.8209 1167.196
1001.193 1166.836
1002.387 1166.713
999.6095 1167.064
997.6556 1167.488
995.0428 1168.482
992.9931 1169.726
991.1794 1171.293
989.429 1173.473
988.2902 1175.583
987.428 1178.242
987.1124 1180.618
987.1976 1182.519
987.7067 1182.521
988.4391 1182.522
988.5515 1182.522
988.5515 1182.522
988.5515 1182.522
988.5515 1182.522
988.5515 1182.522
986.248 1182.576
983.9446 1182.576
982.0251 1182.576
979.7217 1182.576
978.1861 1182.576
975.8827 1182.576
973.5793 1182.576
973.1954 1182.576
973.1954 1182.576
970.892 1182.576
968.5886 1182.576
968.2047 1182.576
968.2047 1182.576
966.6691 1182.576
964.7495 1182.576
962.4461 1182.576
961.6783 1182.576
961.6783 1182.576
961.3513 1181.422
960.8522 1179.485
960.8522 1179.485
960.8522 1179.485
960.8522 1179.485
960.8522 1179.485
960.6633 1178.707
960.16 1176.361
959.8528 1174.791
959.8528 1174.791
959.8528 1174.791
959.8528 1174.791
959.8528 1174.791
959.5008 1172.822
959.1953 1170.845
959.1953 1170.845
959.1953 1170.845
959.1953 1170.845
959.1953 1170.845
958.9802 1169.26
958.7765 1167.28
958.7047 1167.28
958.7047 1167.28
958.7047 1167.28
958.7047 1167.28
958.7047 1167.28
958.5472 1167.28
958.5406 1167.28
958.5599 1167.28
958.5599 1167.28
958.5599 1167.28
958.5599 1167.28
958.6475 1167.28
958.8476 1167.28
958.9246 1167.28
958.9246 1167.28
958.9246 1167.28
959.0989 1167.279
959.4732 1167.279
960.1197 1167.275
961.1368 1167.27
962.8417 1167.131
964.9898 1165.462
967.0029 1164.16
969.2014 1163.829
971.5009 1163.821
974.2312 1163.818
974.2312 1163.818
974.2312 1163.818
974.2312 1163.818
974.2312 1163.818
974.2312 1163.818
974.2312 1163.818
975.4062 1163.817
976.192 1163.816
978.5633 1163.812
980.1512 1163.811
980.1512 1163.811
982.9399 1163.806
984.9395 1163.802
986.1394 1163.815
986.1154 1165.415
986.0792 1167.815
986.0491 1169.814
986.013 1172.214
985.9769 1174.614
985.9407 1177.013
985.9047 1179.413
985.8745 1181.413
983.7538 1182.051
981.3636 1182.259
978.9927 1182.585
976.2697 1182.585
973.6201 1182.585
973.2454 1182.585
973.2454 1182.585
973.2454 1182.585
973.2454 1182.585
973.2454 1182.585
973.2454 1182.585
971.3842 1182.585
969.2142 1182.585
967.1273 1182.585
966.4396 1182.585
966.4396 1182.585
964.4046 1182.585
962.7783 1182.585
961.511 1182.585
961.511 1182.585
961.511 1182.585
960.2635 1182.585
958.472 1182.585
957.0498 1182.585
957.0498 1182.585
957.0498 1182.585
957.0498 1182.585
956.2109 1182.585
954.6178 1182.585
953.1575 1182.585
953.1575 1182.585
953.1575 1182.585
953.1575 1182.585
951.9996 1182.585
950.9267 1182.585
950.3092 1182.585
950.3092 1182.585
950.5154 1182.242
951.8113 1180.222
953.2441 1178.297
954.23 1177.037
954.23 1177.037
954.4778 1176.723
956.0006 1174.868
956.2592 1174.563
956.2592 1174.563
956.2592 1174.563
956.2592 1174.563
956.2592 1174.563
956.2592 1174.563
956.2592 1174.563
954.7521 1176.431
953.3624 1178.387
952.1565 1180.46
951.1332 1182.525
950.329 1182.525
950.329 1182.525
950.329 1182.525
950.329 1182.525
950.329 1182.525
950.329 1182.525
950.329 1182.525
950.329 1182.525
950.4908 1182.16
951.5182 1179.991
952.7383 1177.926
954.2512 1176.066
956.0524 1174.484
958.4066 1172.972
960.8757 1171.652
961.5858 1171.283
961.5858 1171.283
961.5858 1171.283
961.5858 1171.283
959.4792 1172.433
957.4458 1173.707
955.5324 1175.154
953.4951 1177.072
951.7842 1179.285
950.6294 1181.386
949.8181 1182.523
949.287 1182.523
949.0529 1182.523
948.9651 1182.523
948.9651 1182.523
948.9651 1182.523
948.9651 1182.523
948.9651 1182.523
948.9651 1182.523
948.9651 1182.523
948.9651 1182.523
948.9651 1182.523
948.9651 1182.523
948.9651 1182.523
948.9651 1182.523
948.9651 1182.523
948.9651 1182.523
948.9651 1182.523
948.9651 1182.523
948.9651 1182.523
948.9651 1182.523
948.9651 1182.523
948.9651 1182.523
948.9651 1182.523
948.9651 1182.523
948.9651 1182.523
