1000 1000
1000 1000
1000 1000
1000 1000
1000 1000
1000 1000
1000 1000
1000 1000
1000 1000
1000 1000
1000 1000
1000 1000
1000 1000
1000 1000
1000 1000
1000 1000
1000 1000
1000 1000
1000 1000
1000 1000
1000 1000
1000 1000
1000 1000
1000 1000
1000 1000
1000 1000
1000 1000
1000 1000
1000 1000
1000 1000
1000 1000
1000 1000
1000 1000
1000 1000
1000 1000
1000 1000
1000 1000
1000 1000
1000 1000
1000 1000
1000 1000
1000 1000
1000.4 1000
1002.4 1000
1004.4 1000
1006 1000
1006 1000
1006 1000
1006 1000
1006 1000
1006 1000
1006 1000
1006 1000
1006 1000
1008 1000
1010 1000
1012 1000
1012 1000
1012 1000
1012 1000
1013.6 1000
1014.8 1000
1014.8 1000
1014.8 1000
1014.8 1000
1015.6 1000
1017.6 1000
1020 1000
1020 1000
1020 1000
1020 1000
1020 1000
1020 1000
1020 1000
1020 1000
1020 1000
1020 1000
1020 1000
1020 1000
1020.8 1000
1020.8 1000
1020.8 1000
1020.8 1000
1020.8 1000
1020.8 1000
1020.8 1000
1020.8 1000
1020.8 1000
1020.8 1000
1020.8 1000
1020.8 1000
1020.8 1000
1020.8 1000
1020.8 1000
1020.8 1000
1020.8 1000
1022.4 1000
1024.4 1000
1026.4 1000
1028.8 1000
1030.557 1000.838
1030.557 1000.838
1030.557 1000.838
1030.55 1001.237
1030.451 1003.635
1030.288 1005.628
1030.288 1005.628
1030.288 1005.628
1030.288 1005.628
1031.483 1005.732
1033.874 1005.94
1035.867 1006.114
1038.258 1006.322
1039.714 1007.557
1039.502 1009.917
1038.943 1011.021
1039.591 1011.077
1041.904 1011.077
1043.723 1011.077
1043.019 1011.077
1042.115 1011.077
1040.913 1011.077
1039.479 1011.077
1037.789 1011.077
1035.84 1011.077
1033.686 1011.077
1031.016 1011.079
1028.673 1011.083
1028.673 1011.083
1028.673 1011.083
1028.673 1011.083
1028.673 1011.083
1028.673 1011.083
1028.673 1011.083
1028.673 1011.083
1028.673 1011.083
1030.237 1010.744
1032.169 1010.229
1034.765 1009.189
1036.474 1008.155
1038.642 1006.386
1040.364 1004.714
1040.645 1004.429
1040.645 1004.429
1040.645 1004.429
1040.645 1004.429
1040.645 1004.429
1041.785 1005.552
1042.504 1007.829
1042.637 1010.22
1042.145 1011.022
1040.986 1011.033
1039.057 1011.062
1036.716 1011.097
1034.585 1011.097
1034.322 1011.097
1034.198 1011.097
1034.074 1011.097
1034.532 1011.097
1036.409 1011.097
1039.155 1010.703
1041.04 1010.041
1043.486 1008.687
1045.357 1007.186
1047.268 1007.489
1048.428 1009.554
1048.901 1011.9
1048.536 1014.26
1048.07 1016.494
1048.07 1018.551
1047.399 1020.699
1046.71 1023.407
1046.943 1026.186
1046.987 1028.585
1047.031 1030.985
1047.067 1032.984
1047.539 1034.926
1048.478 1037.127
1048.749 1039.512
1049.042 1042.297
1049.25 1044.286
1049.501 1046.672
1049.387 1049.052
1048.893 1050.986
1048.869 1053.783
1048.938 1056.182
1049.007 1058.581
1049.277 1060.957
1050.39 1063.067
1051.365 1065.251
1051.753 1067.62
1052.141 1069.988
1052.528 1072.356
1052.917 1074.725
1053.304 1077.093
1053.692 1079.462
1054.08 1081.83
1054.468 1084.199
1054.856 1086.567
1055.244 1088.935
1055.568 1090.909
1055.891 1092.883
1056.279 1095.251
1056.667 1097.62
1057.055 1099.988
1057.023 1102.361
1056.393 1104.673
1056.492 1107.071
1056.649 1109.466
1056.833 1112.26
1056.991 1114.654
1057.122 1116.65
1057.28 1119.045
1056.673 1121.348
1055.831 1123.576
1055.583 1126.364
1055.436 1129.16
1055.309 1130.018
1055.182 1130.018
1055.055 1130.018
1054.928 1130.018
1054.801 1130.018
1054.675 1130.018
1054.548 1130.018
1054.421 1130.018
1054.357 1130.018
1054.357 1130.018
1054.357 1130.018
1054.484 1127.622
1054.611 1125.225
1054.738 1122.828
1054.865 1120.432
1054.992 1118.035
1055.118 1115.638
1055.245 1113.242
1055.182 1114.44
1055.076 1116.437
1054.731 1119.206
1053.841 1121.432
1053.546 1123.813
1053.173 1126.173
1052.217 1128.367
1051.645 1130.693
1050.941 1133.587
1050.941 1135.482
1050.941 1137.97
1050.941 1139.548
1050.941 1140.73
1050.941 1142.235
1050.941 1144.342
1050.941 1146.495
1050.854 1149.271
1050.236 1151.166
1049.34 1154.236
1050.08 1156.495
1051.492 1158.405
1053.533 1159.646
1056.626 1160.441
1059.02 1160.576
1061.402 1160.31
1063.268 1159.345
1063.268 1158.72
1063.268 1158.6
1063.268 1159.249
1063.281 1160.486
1063.722 1162.123
1065.711 1163.698
1068.363 1164.596
1070.636 1165.366
1072.909 1166.136
1075.261 1166.533
1077.652 1166.441
1080.754 1167.227
1083.08 1167.816
1085.407 1168.405
1087.733 1168.995
1090.447 1169.682
1092.774 1170.272
1095.488 1170.959
1097.815 1171.549
1098.353 1169.21
1098.437 1168.819
1098.437 1168.819
1098.437 1168.819
1098.437 1168.819
1098.437 1168.819
1098.437 1168.819
1098.437 1168.819
1099.61 1169.072
1101.956 1169.578
1104.302 1170.084
1106.648 1170.59
1109.034 1170.53
1111.301 1169.778
1114.447 1169.357
1116.844 1169.478
1119.64 1169.62
1119.64 1169.62
1122.037 1169.741
1124.434 1169.862
1126.831 1169.983
1129.228 1170.104
1131.625 1170.225
1134.022 1170.346
1136.419 1170.467
1138.816 1170.588
1141.213 1170.709
1143.549 1170.216
1146.338 1170.049
1149.138 1170.043
1151.538 1170.038
1153.938 1170.032
1156.338 1170.027
1158.738 1170.021
1161.017 1169.494
1163.2 1167.748
1164.796 1165.465
1165.698 1163.877
1166.633 1163.871
1168.442 1162.828
1170.206 1161.202
1172.033 1159.646
1172.033 1159.646
1172.033 1159.646
1172.033 1159.646
1173.555 1158.348
1175.382 1156.792
1177.209 1155.235
1178.924 1153.571
1180.217 1151.559
1181.9 1149.854
1183.92 1147.915
1185.939 1145.976
1187.382 1144.591
1186.543 1143.733
1186.481 1143.789
1186.845 1143.422
1187.359 1142.905
1187.796 1142.468
1188.548 1141.715
1189.559 1140.675
1190.8 1139.435
1191.438 1136.56
1191.524 1134.161
1191.84 1131.793
1192.53 1129.922
1193.484 1127.679
1193.705 1125.289
1193.927 1122.9
1194.148 1120.51
1194.37 1118.12
1194.591 1115.73
1194.813 1113.341
1194.814 1110.951
1194.323 1108.609
1194.404 1106.21
1194.484 1103.811
1194.565 1101.413
1194.646 1099.014
1194.727 1096.615
1194.808 1094.217
1194.889 1091.818
1194.97 1089.419
1195.05 1087.021
1195.118 1085.022
1195.199 1082.623
1195.266 1080.624
1195.347 1078.226
1195.428 1075.827
1195.509 1073.428
1195.576 1071.43
1195.657 1069.031
1195.724 1067.032
1195.805 1064.634
1195.886 1062.235
1195.967 1059.836
1196.048 1057.438
1196.115 1055.439
1196.182 1053.44
1196.263 1051.041
1196.344 1048.643
1196.425 1046.244
1196.506 1043.845
1196.573 1041.846
1196.641 1039.848
1196.721 1037.449
1196.816 1034.651
1196.883 1032.652
1196.964 1030.253
1197.045 1027.854
1197.126 1025.456
1197.207 1023.057
1197.287 1020.658
1197.368 1018.26
1197.449 1015.861
1197.517 1013.862
1197.611 1011.064
1197.692 1008.665
1197.759 1006.666
1197.84 1004.268
1197.934 1001.469
1198.015 999.0707
1198.096 996.6721
1198.177 994.2734
1198.258 991.8748
1198.339 989.4762
1198.419 987.0776
1198.5 984.6789
1198.581 982.2803
1198.635 980.6812
1198.635 980.6812
1198.635 980.6812
1198.635 980.6812
1198.635 980.6812
1198.635 980.6812
1198.635 980.6812
1198.635 980.6812
1198.716 978.2825
1198.797 975.8839
1198.878 973.4853
1198.958 971.0866
1199.039 968.688
1199.12 966.2894
1199.201 963.8907
1199.282 961.4921
1199.363 959.0934
1200.082 956.816
1201.596 954.9677
1203.343 952.2933
1203.965 949.9753
1204.524 947.6573
1204.524 945.3394
1204.506 942.9849
1203.942 940.665
1203.241 938.3746
1203.265 935.5907
1203.447 933.1976
1203.629 930.8046
1203.781 928.8104
1203.872 926.8007
1203.269 926.5556
1202.275 925.5292
1202.017 924.07
1202.017 921.6769
1201.956 919.2839
1201.271 916.9987
1200.858 914.6531
1200.799 912.254
1200.754 909.8544
1200.709 907.4548
1200.664 905.0552
1200.626 903.0556
1200.588 901.056
1200.543 898.6564
1200.059 896.3228
1199.286 894.9269
1198.343 892.2959
1198.001 889.9203
1197.603 887.1489
1197.318 885.1692
1197.034 883.1895
1196.692 880.814
1196.408 878.8343
1195.873 876.9203
1194.501 874.9659
1192.559 873.557
1190.958 871.7718
1189.871 869.6415
1188.882 867.4548
1188.053 865.2501
1187.395 863.7919
1186.577 861.6053
1186.518 860.1346
1185.551 857.9405
1184.892 856.4827
1183.903 854.296
1183.243 852.8382
1181.747 850.9797
1179.663 849.8195
1177.306 849.413
1174.91 849.496
1172.947 849.5923
1172.173 848.8184
1171.211 847.863
1169.895 846.5704
1169 845.411
1168.985 844.7853
1168.805 844.08
1167.442 842.7733
1165.54 842.3914
1163.691 842.2173
1161.599 842.5593
1159.949 842.5593
1158.514 842.5593
1156.87 842.5593
1154.763 842.5698
1153.426 842.0973
1151.833 840.993
1149.5 840.9481
1147.173 840.9481
1144.846 840.9481
1142.907 840.9481
1140.968 840.9481
1139.011 840.9551
1137.032 840.7392
1134.809 839.8494
1132.465 839.4242
1130.067 839.4813
1127.67 839.6024
1125.273 839.7236
1123.675 839.8043
1121.278 839.9255
1119.281 840.0264
1117.283 840.1273
1114.911 839.8987
1113.355 839.5605
1110.956 839.5057
1108.556 839.5009
1106.156 839.4961
1104.156 839.4921
1102.156 839.488
1099.756 839.4832
1098.156 839.48
1095.756 839.4752
1093.756 839.4712
1091.756 839.4672
1089.356 839.4623
1087.356 839.4583
1085.356 839.4543
1083.356 839.4503
1081.375 839.659
1079.193 840.6234
1077.604 840.9115
1076.505 840.9115
1075.636 840.9115
1074.977 840.9115
1074.088 840.9115
1073.624 840.9115
1073.624 840.9115
1073.624 840.9115
1073.624 840.9115
1073.624 840.9115
1073.624 840.9115
1073.624 840.9115
1073.624 840.9115
1073.618 840.9166
1073.615 840.9177
1073.615 840.7929
1073.517 839.9879
1072.288 838.503
1070.001 837.806
1067.656 837.3357
1065.599 836.1407
1063.616 834.8017
1061.378 834.0199
1059.02 834.4362
1057.361 835.5021
1056.492 837.7076
1056.889 840.0619
1058.06 842.6003
1059.441 844.56
1060.199 845.9983
1060.199 847.4609
1060.224 849.452
1059.774 851.7731
1058.664 853.9011
1057.758 856.1155
1056.857 857.9013
1056.074 860.1548
1056.053 861.7517
1056.83 864.0159
1057.566 866.2989
1057.713 869.083
1058.395 871.3683
1059.4 873.5424
1059.766 875.9032
1059.856 878.3015
1059.947 880.6998
1060.022 882.6984
1060.097 884.697
1060.172 886.6956
1060.252 889.0939
1060.252 891.0925
1060.252 893.091
1060.252 895.4893
1060.252 897.0882
1060.037 899.4705
1059.285 901.3175
1058.919 904.0869
1058.794 906.4836
1058.69 908.4808
1058.585 910.4781
1058.565 912.8735
1059.045 914.3985
1059.457 915.9139
1058.592 917.3441
1058.563 919.7273
1058.563 922.1224
1058.563 924.1184
1058.563 926.1144
1058.563 928.5095
1058.563 930.1063
1058.563 932.5014
1058.563 934.4974
1058.563 936.4933
1058.563 938.8885
1058.563 940.8845
1058.563 942.8804
1058.563 945.2756
1058.664 947.2715
1058.792 949.2675
1058.944 951.6627
1059.046 953.2594
1059.198 955.6545
1059.351 958.0497
1059.452 959.6465
1059.605 962.0416
1059.757 964.4368
1059.884 966.4327
1060.011 968.4287
1060.164 970.8239
1060.25 973.219
1060.25 975.215
1060.25 975.215
1060.25 975.215
1060.25 975.215
1060.25 975.215
1060.25 975.215
1060.25 975.215
1060.25 975.215
1060.25 975.215
1060.25 975.215
1060.25 975.215
1060.25 975.215
1060.25 975.215
1060.25 975.215
1060.25 975.215
1060.25 975.215
1060.25 975.215
1060.25 975.215
1060.123 973.219
1059.996 971.223
1059.905 968.8287
1060.236 966.5
1060.236 964.3085
1060.236 962.1433
1060.238 959.8369
1060.252 957.4537
1060.108 955.0606
1059.57 952.7245
1058.65 950.511
1057.128 948.1658
1055.481 946.4235
1053.226 944.7715
1051.068 943.7274
1048.766 943.0577
1046.385 942.7813
1044.824 942.8989
1044.823 943.3077
1044.822 943.7661
1044.822 943.7661
1044.822 943.7661
1044.822 943.7661
1044.822 943.7661
1044.822 943.7661
1044.822 943.7661
1044.822 943.7661
1044.785 944.4526
1044.785 946.1688
1044.785 947.885
1044.764 950.1078
1044.753 951.6805
1044.746 954.4791
1044.746 956.8656
1044.746 959.5552
1044.746 961.7341
1044.746 963.8264
1044.746 965.2003
1044.746 965.2003
1044.746 965.2003
1044.746 965.2003
1044.746 964.0396
1044.746 961.748
1044.746 959.5535
1044.746 957.5421
1044.747 955.4797
1044.747 953.2471
1044.747 950.9755
1044.747 948.7872
1044.747 946.5682
1044.747 944.2447
1044.921 941.8553
1045.008 941.0601
1046.596 941.2507
1048.57 941.5708
1051.259 942.3394
1053.417 943.3832
1055.405 944.7267
1054.435 944.019
1052.433 942.6966
1050.297 941.6072
1048.017 940.8676
1045.645 940.5187
1044.824 940.5311
1044.824 940.7795
1044.756 938.9434
1044.756 936.5688
1044.756 934.1943
1044.756 932.2155
1044.756 930.2368
1044.756 927.8622
1044.756 926.2792
1044.798 923.8913
1045.386 921.9901
1046.894 920.1359
1048.672 917.9759
1049.625 915.7856
1050.195 913.4557
1050.727 911.1155
1050.949 909.1363
1050.544 907.1857
1049.279 905.1674
1047.787 903.2905
1046.71 901.1772
1046.726 898.8007
1047.539 896.558
1048.393 894.3251
1049.541 892.2349
1051.29 890.5994
1052.849 888.7841
1053.846 886.6157
1054.421 884.3008
1054.273 881.9188
1053.447 880.1043
1052.552 877.4609
1052.443 875.4714
1052.554 873.074
1052.665 870.6765
1052.758 868.6786
1052.85 866.6808
1052.943 864.683
1052.624 862.3172
1051.927 860.8882
1050.263 859.177
1048.183 857.9861
1045.933 857.1588
1044.821 856.5659
1044.815 855.6011
1044.803 854.1756
1044.8 852.4435
1044.784 850.4882
1044.76 848.5838
1044.76 846.3912
1044.461 844.241
1043.189 842.9682
1043.106 842.5305
1042.995 842.2209
1042.259 841.2631
1040.236 840.5463
1037.993 839.6926
1035.75 838.8387
1033.881 838.1272
1031.638 837.2734
1030.143 836.7042
1027.843 836.0649
1025.86 836.2244
1023.235 837.1932
1020.858 837.4645
1018.475 837.1738
1016.093 836.8831
1014.108 836.6409
1012.123 836.3986
1010.137 836.1564
1008.152 835.9141
1005.768 835.9534
1003.9 836.6528
1001.575 837.2186
999.1746 837.2333
996.7747 837.2481
994.7747 837.2604
992.3748 837.2751
990.7748 837.285
988.3749 837.2997
986.3749 837.312
984.3749 837.3243
981.975 837.3391
979.975 837.3513
977.975 837.3636
975.5751 837.3784
973.9751 837.3882
971.5752 837.403
969.1752 837.4177
967.5753 837.4276
965.1753 837.4423
963.1754 837.4546
961.1754 837.4669
958.7754 837.4816
956.7755 837.494
954.7755 837.5062
953.1755 837.5161
953.1755 837.5161
953.1755 837.5161
953.1755 837.5161
953.9755 837.5112
956.3755 837.4964
958.3754 837.4841
960.3754 837.4718
962.7753 837.4571
964.7462 837.7433
966.6102 838.4641
969.0228 839.8816
971.2101 840.571
973.9255 840.5861
975.9188 840.5972
978.3082 840.4031
981.0079 839.6774
983.1727 838.6475
985.1354 837.271
986.841 835.5864
988.2418 833.641
989.2985 831.4892
989.9816 829.1913
990.2333 826.8115
989.8923 824.4398
989.0549 822.2142
989.7894 821.864
991.1716 821.852
993.6929 821.8209
996.0748 821.9764
998.3322 822.7894
1000.944 823.7977
1003.183 824.6619
1004.676 825.2381
1006.915 826.1024
1009.154 826.9666
1011.131 827.2271
1013.084 826.8347
1015.686 825.8114
1018.052 825.4448
1020.84 825.7037
1022.895 826.1606
1024.007 826.8936
1026.374 827.2214
1028.554 828.1916
1030.166 829.9488
1031.773 831.7275
1032.873 833.8508
1033.444 836.1794
1034.188 838.4572
1035.45 840.4866
1037.111 840.5416
1038.796 840.5416
1040.549 840.5493
1042.017 841.007
1043.987 842.3599
1045.58 844.1345
1046.376 846.3923
1046.339 848.7791
1045.924 851.1396
1045.838 853.5298
1046.416 855.8483
1047.27 858.0911
1048.125 860.3339
1048.836 862.2029
1049.548 864.072
1050.26 865.941
1050.972 867.81
1051.372 869.7596
1051.187 871.7464
1051.308 874.1359
1051.896 876.4629
1052.483 878.7898
1053.071 881.1168
1053.463 882.6681
1054.05 884.995
1054.442 886.5463
1054.422 888.9316
1054.686 891.3027
1055.145 893.6584
1055.528 895.6216
1055.857 897.5914
1055.546 899.9577
1054.944 902.2721
1054.948 904.6674
1055.103 907.0624
1055.232 909.0582
1055.361 911.054
1055.516 913.449
1055.619 915.0457
1055.774 917.4407
1055.903 919.4365
1056.032 921.4323
1056.187 923.8273
1056.291 925.424
1056.446 927.819
1056.575 929.8148
1056.704 931.8107
1056.859 934.2057
1056.962 935.8023
1056.895 938.1885
1056.201 940.4824
1056.167 942.8821
1056.153 945.2821
1056.141 947.2821
1056.129 949.282
1056.115 951.682
1056.58 953.6212
1056.779 955.6064
1056.864 958.0049
1056.949 960.4034
1057.034 962.8019
1057.105 964.8006
1057.176 966.7994
1057.261 969.1979
1057.331 971.1966
1057.402 973.1954
1057.487 975.5939
1057.558 977.5926
1057.558 977.5926
1057.558 977.5926
1057.558 977.5926
1057.629 979.5914
1057.699 981.5901
1057.784 983.9886
1057.869 986.3871
1057.94 988.3859
1058.011 990.3846
1058.096 992.7831
1058.167 994.7819
1058.237 996.7806
1058.322 999.1791
1058.407 1001.578
1058.478 1003.576
1058.549 1005.575
1058.634 1007.974
1058.103 1009.452
1057.372 1010.902
1057.37 1012.898
1057.37 1015.297
1057.37 1017.695
1057.37 1019.694
1057.37 1022.093
1057.37 1024.091
1057.37 1026.49
1057.37 1028.888
1057.37 1031.287
1057.398 1033.685
1057.469 1035.684
1057.54 1037.683
1057.625 1040.081
1057.71 1042.48
1057.78 1044.479
1057.851 1046.477
1057.936 1048.876
1057.964 1049.675
1057.879 1047.277
1058.021 1044.892
1058.774 1042.618
1059.8 1040.912
1060.202 1038.958
1060.202 1037.529
1060.202 1036.008
1060.203 1035.402
1060.207 1035.398
1060.207 1035.398
1060.207 1035.398
1060.207 1035.398
1060.207 1035.398
1060.207 1035.398
1058.721 1037.283
1057.083 1039.035
1055.209 1040.529
1053.118 1041.705
1050.539 1042.791
1048.662 1043.483
1048.662 1043.483
1048.662 1043.483
1048.662 1043.483
1048.662 1043.483
1049.786 1043.061
1051.629 1042.286
1054.068 1040.918
1056.239 1039.154
1057.929 1037.45
1059.014 1036.274
1059.014 1036.274
1059.014 1036.274
1059.014 1036.274
1058.472 1036.862
1056.782 1038.566
1055.289 1039.896
1054.375 1040.674
1054.375 1040.674
1054.375 1040.674
1054.375 1040.674
1054.375 1040.674
1054.375 1040.674
1053.759 1041.184
1052.185 1042.418
1049.825 1043.92
1047.952 1045.414
1046.287 1047.131
1045.129 1049.213
1044.76 1051.515
1044.767 1054.315
1044.784 1057.115
1044.931 1059.103
1045.964 1061.258
1047.602 1063.521
1048.331 1065.793
1048.822 1068.143
1049.394 1070.884
1049.549 1073.267
1049.128 1075.216
1049.089 1077.999
1049.341 1080.386
1049.634 1083.171
1050.071 1085.523
1050.891 1087.767
1051.258 1090.139
1051.624 1092.511
1051.99 1094.882
1052.357 1097.254
1052.347 1099.634
1052.083 1102.006
1052.287 1104.397
1052.576 1107.584
1052.756 1109.576
1052.973 1111.966
1053.154 1113.958
1053.37 1116.349
1052.897 1118.684
1052.24 1120.97
1052.196 1123.37
1052.169 1126.57
1052.149 1128.97
1051.677 1130.734
1050.939 1132.641
1050.919 1135.041
1050.899 1137.441
1050.878 1139.841
1050.858 1142.24
1050.194 1144.535
1048.707 1146.411
1046.639 1147.624
1044.817 1148.589
1044.809 1150.078
1044.776 1152.489
1044.752 1154.834
1044.752 1157.069
1044.752 1159.546
1044.752 1161.905
1044.752 1163.367
1044.752 1163.983
1044.752 1163.908
1044.752 1164.017
1044.752 1164.653
1044.48 1165.934
1041.976 1167.679
1039.857 1168.806
1037.739 1169.934
1035.267 1171.25
1033.501 1172.189
1030.904 1173.194
1028.517 1173.122
1025.747 1173.42
1023.481 1174.21
1020.837 1175.132
1018.571 1175.922
1016.683 1176.58
1014.416 1177.371
1012.15 1178.161
1009.765 1178.209
1007.47 1177.541
1004.709 1177.112
1001.932 1177.469
999.5517 1177.775
997.1713 1178.081
994.7909 1178.387
992.4105 1178.693
990.0301 1179
987.6497 1179.306
985.2701 1179.161
983.1226 1178.115
980.8651 1177.314
978.4818 1177.101
975.686 1176.948
973.2896 1176.817
971.2925 1176.707
969.2955 1176.598
969.2955 1176.598
969.2955 1176.598
969.2955 1176.598
969.2955 1176.598
969.2955 1176.598
969.2955 1176.598
969.2955 1176.598
969.2955 1176.598
969.3442 1175.799
969.5286 1173.808
969.0719 1171.051
968.4703 1168.73
967.8501 1166.413
967.1553 1163.879
965.6757 1163.855
964.5906 1164.987
963.5081 1167.004
962.3663 1169.112
961.5883 1171.38
961.1456 1174.141
961.0267 1176.938
961.0171 1178.538
961.0171 1178.538
959.0171 1178.534
957.0171 1178.53
954.6171 1178.525
952.2171 1178.52
949.8171 1178.515
947.8171 1178.511
945.8171 1178.507
943.4171 1178.502
941.0454 1178.287
939.3904 1176.674
939.5588 1174.301
940.261 1172.009
941.3356 1169.866
942.7526 1167.932
944.7849 1166.013
947.1127 1164.46
949.2162 1163.305
949.571 1163.121
949.571 1163.121
949.571 1163.121
951.7244 1162.061
952.4507 1161.726
952.4507 1161.726
951.783 1160.272
950.9484 1158.454
949.9468 1156.273
948.9453 1154.092
947.9438 1151.911
946.9423 1149.73
946.1077 1147.913
945.1061 1145.732
944.6886 1143.783
944.8928 1141.399
944.6491 1138.626
943.8737 1135.936
943.2091 1133.63
942.5445 1131.323
941.9906 1129.402
941.326 1127.096
940.7722 1125.174
940.1075 1122.868
939.4429 1120.562
938.7783 1118.255
938.1136 1115.949
937.8932 1113.969
938.5656 1112.264
939.8205 1110.236
939.8157 1108.647
939.8312 1106.003
939.8519 1103.721
939.7787 1101.35
939.1522 1099.047
938.019 1096.935
937.5544 1094.589
937.5461 1092.193
938.0824 1089.873
939.3422 1087.847
940.6396 1085.835
941.3394 1083.556
941.8153 1081.203
942.3705 1078.459
942.6855 1076.491
942.4157 1074.12
942.2645 1071.749
942.5161 1069.362
942.7838 1066.977
943.0069 1064.99
943.23 1063.002
943.4977 1060.617
943.7654 1058.232
943.8345 1056.637
943.6051 1054.26
943.7824 1051.866
943.9597 1049.473
944.137 1047.079
944.2848 1045.085
944.4325 1043.09
944.6099 1040.697
944.7576 1038.702
944.7576 1038.702
944.7576 1038.702
944.7576 1038.702
944.7576 1038.702
944.7576 1038.702
944.7576 1038.702
944.7576 1038.702
944.7576 1038.702
944.7576 1038.702
944.7576 1038.702
944.7576 1038.702
944.7576 1038.702
944.7576 1038.702
944.7576 1038.702
944.7576 1038.702
944.7576 1038.702
944.7576 1038.702
944.8758 1037.106
945.0236 1035.112
945.2009 1032.719
945.3191 1031.123
945.2803 1028.736
944.6474 1026.424
944.566 1024.027
944.5707 1021.627
944.5746 1019.627
944.5785 1017.627
944.5831 1015.227
944.5839 1014.827
943.384 1014.835
940.9871 1014.948
938.6124 1015.289
937.5863 1014.51
937.562 1012.272
937.562 1009.932
937.6447 1007.55
938.0623 1006.014
939.6369 1003.7
940.5916 1001.504
940.965 998.7321
941.1619 996.3401
941.326 994.3469
941.4901 992.3536
941.3583 989.9728
940.7299 988.5052
940.038 985.796
939.9478 983.3977
939.8424 980.5997
939.7822 979.0009
940.025 976.6291
940.7133 974.7538
940.8992 972.3627
941.0115 969.565
941.0918 967.5666
941.1721 965.5682
941.2683 963.1702
941.3486 961.1718
941.4288 959.1734
941.5091 957.175
941.5893 955.1766
941.6856 952.7785
941.7659 950.7802
941.7659 950.7802
941.7659 950.7802
941.7659 950.7802
941.7659 950.7802
941.7659 950.7802
941.7659 950.7802
941.7659 950.7802
941.7659 950.7802
941.7659 950.7802
941.7659 950.7802
941.7659 950.7802
941.7659 950.7802
941.7659 950.7802
941.7659 950.7802
941.7659 950.7802
941.7659 950.7802
941.7659 950.7802
941.7659 950.7802
941.7659 950.7802
941.7659 950.7802
941.7659 950.7802
941.8461 948.7817
941.9424 946.3837
942.0226 944.3853
942.1029 942.3869
942.1992 939.9888
942.2955 937.5908
942.3597 935.9921
942.456 933.594
942.5362 931.5956
942.6165 929.5972
942.7128 927.1992
942.793 925.2007
942.8732 923.2024
942.9695 920.8043
943.0498 918.8059
943.13 916.8075
943.2263 914.4094
943.3066 912.4111
943.3868 910.4127
943.4831 908.0146
943.5473 906.4159
943.6436 904.0178
943.7238 902.0194
943.8041 900.0211
943.8843 898.0226
943.9646 896.0243
944.0609 893.6262
944.1251 892.0275
944.2214 889.6294
944.3016 887.631
944.3818 885.6326
944.4621 883.6343
944.5424 881.6359
944.6387 879.2378
944.7028 877.6391
944.7991 875.241
944.8633 873.6423
944.9597 871.2443
945.0399 869.2458
945.1201 867.2474
945.2164 864.8494
945.2806 863.2507
945.3769 860.8526
945.1518 858.8746
944.2876 857.0766
942.5762 855.4064
939.7432 853.9326
938.2655 853.3207
937.6079 851.8246
937.5934 850.0469
937.5905 848.0875
937.5905 846.1281
937.5905 844.4952
937.5905 842.5358
937.5905 840.903
937.0516 839.1981
935.6657 837.2387
934.2798 835.2792
933.3559 833.973
931.8813 832.0864
930.2177 830.9797
928.2952 830.4588
925.1155 830.7204
922.8201 831.4122
920.6724 832.477
918.7322 833.8851
916.993 835.5375
915.1174 837.0259
912.9421 838.0037
910.6028 838.5359
908.2242 838.6679
905.943 837.9596
904.0227 836.5214
901.877 835.4633
899.5474 834.9329
897.1632 834.6578
894.7791 834.3827
892.3948 834.1076
890.8054 833.9242
888.4212 833.6491
886.037 833.374
884.0502 833.1448
882.0634 832.9155
879.6792 832.6404
877.295 832.3654
875.3005 832.2964
873.3574 832.7604
870.9767 832.9084
868.5787 832.8102
866.1807 832.712
863.7827 832.6137
861.3848 832.5155
859.3864 832.4336
857.3881 832.3517
855.0853 832.9779
852.8276 833.7347
850.4415 833.9656
847.647 834.1414
845.6509 834.2669
843.2557 834.4175
840.8604 834.5682
838.5954 835.3209
837.3131 836.2724
835.9498 838.2343
834.8303 840.7996
833.569 842.5326
831.3447 843.483
829.3649 844.8397
827.3853 846.1965
825.4056 847.5533
824.0858 848.4578
822.1061 849.8145
820.3511 851.4284
819.5776 852.8242
819.2282 855.5883
819.0093 858.1204
818.2034 858.1276
816.9664 858.1324
815.3925 858.6011
813.9977 860.4984
813.1427 861.8508
811.8602 863.8794
810.7914 865.5699
809.7693 867.2857
809.1911 869.6019
809.3797 871.5879
809.3914 874.3834
808.7275 876.686
807.9377 878.9523
807.1479 881.2186
806.6215 882.7296
805.5638 884.7545
804.9056 886.6431
804.1159 888.9095
803.4578 890.7981
802.7996 892.6867
802.6522 894.6721
802.5839 897.056
802.0086 899.3848
801.4006 901.7065
800.7927 904.0283
800.3873 905.576
799.7794 907.8978
799.2727 909.8326
799.2771 911.8195
799.743 914.1705
799.5579 916.5607
799.2151 918.9362
798.8724 921.3115
798.6439 922.8951
798.3583 924.8746
798.0726 926.8541
797.7299 929.2296
797.5014 930.8132
797.4674 933.1995
797.9518 934.7209
799.1171 936.8164
799.6337 939.15
799.7583 941.5467
799.8829 943.9435
799.9867 945.9408
800.0906 947.938
800.1944 949.9354
800.2982 951.9327
800.402 953.93
800.5059 955.9273
800.6097 957.9246
800.7135 959.9219
800.8173 961.9192
800.9211 963.9165
801.025 965.9138
801.1288 967.9111
801.2327 969.9084
801.3365 971.9057
801.4403 973.903
801.5441 975.9003
801.6479 977.8976
801.7518 979.8949
801.8557 981.8922
801.9595 983.8895
802.0633 985.8868
802.1671 987.8842
802.2709 989.8815
802.3748 991.8787
802.4786 993.876
802.5824 995.8734
802.6655 997.4712
802.7901 999.868
802.8731 1001.466
802.8731 1001.466
802.8731 1001.466
802.8731 1001.466
802.8731 1001.466
802.8731 1001.466
802.8731 1001.466
802.8731 1001.466
802.8731 1001.466
802.8731 1001.466
802.8731 1001.466
802.8731 1001.466
802.8731 1001.466
802.8731 1001.466
802.8731 1001.466
802.8731 1001.466
802.8731 1001.466
802.8731 1001.466
802.8731 1001.466
802.8731 1001.466
802.8731 1001.466
802.8731 1001.466
802.8731 1001.466
802.8731 1001.466
802.8731 1001.466
802.8731 1001.466
802.8731 1001.466
802.8731 1001.466
802.8731 1001.466
802.8731 1001.466
802.8731 1001.466
802.8731 1001.466
802.8731 1001.466
802.8731 1001.466
802.8731 1001.466
802.8731 1001.466
802.8731 1001.466
802.9562 1003.064
803.0392 1004.661
803.1639 1007.058
803.2469 1008.656
803.3715 1011.053
803.4753 1013.05
803.5792 1015.047
803.683 1017.045
803.7868 1019.042
803.8906 1021.039
803.8906 1021.039
803.8906 1021.039
803.8906 1021.039
803.8906 1021.039
803.8906 1021.039
803.8906 1021.039
803.8906 1021.039
803.8906 1021.039
803.8906 1021.039
803.8906 1021.039
803.8906 1021.039
803.8906 1021.039
803.9737 1022.637
804.0775 1024.635
804.1813 1026.632
804.2852 1028.629
804.389 1030.626
804.4929 1032.624
804.6174 1035.021
804.7005 1036.618
804.8251 1039.015
804.6049 1040.597
803.7249 1042.824
803.3168 1045.177
803.1867 1047.573
803.0566 1049.97
802.9698 1051.567
802.8397 1053.964
802.753 1055.562
802.6229 1057.958
802.5144 1059.955
802.406 1061.952
802.2759 1064.349
802.1891 1065.946
802.059 1068.343
801.9722 1069.94
801.8421 1072.337
801.7554 1073.934
801.6252 1076.331
801.5168 1078.328
801.4083 1080.325
801.2999 1082.322
801.1915 1084.319
801.083 1086.316
800.9746 1088.313
800.8445 1090.71
800.7578 1092.307
800.6276 1094.704
800.5408 1096.302
800.4107 1098.698
800.324 1100.296
800.1938 1102.692
800.0854 1104.689
799.977 1106.686
799.8685 1108.683
799.7601 1110.68
799.6299 1113.077
799.5432 1114.674
800.0471 1117.006
801.4535 1118.934
803.1632 1120.615
804.533 1122.577
805.3351 1124.832
805.522 1126.749
805.532 1128.746
805.0172 1131.085
804.8743 1133.465
805.2136 1135.841
805.5535 1138.217
806.3592 1140.457
807.2664 1141.771
808.2335 1143.953
808.8311 1146.278
809.4286 1148.602
809.9266 1150.539
810.4246 1152.476
811.0198 1154.382
812.1129 1156.052
814.0326 1157.465
816.3129 1158.19
818.694 1158.468
821.0881 1158.346
823.4283 1157.826
825.0501 1157.817
826.1247 1158.851
827.6906 1160.382
829.0507 1162.184
830.182 1164.289
831.5602 1166.236
833.42 1167.743
835.4246 1169.063
837.7289 1169.71
840.1097 1169.545
842.2992 1168.584
844.3935 1167.419
846.6255 1166.551
849.0076 1166.445
851.7853 1166.742
853.7831 1166.838
856.1803 1166.953
858.5632 1167.185
860.3924 1167.98
862.4438 1169.213
865.1452 1169.916
867.5032 1170.363
869.8613 1170.81
871.8262 1171.182
873.7913 1171.555
876.1493 1172.002
878.5073 1172.449
880.4723 1172.821
882.4373 1173.194
884.8119 1173.247
886.7638 1172.823
889.5554 1173.028
891.9423 1173.277
894.3293 1173.526
896.7164 1173.776
899.1033 1174.025
900.6947 1174.192
903.0817 1174.441
905.4687 1174.691
907.8557 1174.94
910.2427 1175.189
912.6297 1175.439
914.6188 1175.647
916.608 1175.854
918.9774 1175.5
921.0274 1174.285
922.787 1172.122
924.0106 1169.609
924.6536 1167.299
924.9401 1164.918
925.3456 1163.879
926.439 1163.872
928.1493 1163.865
929.6152 1163.865
931.0812 1163.865
932.748 1163.491
934.0233 1163.263
935.5188 1163.222
936.7792 1162.58
937.5574 1160.613
937.5574 1157.626
937.5574 1155.384
937.549 1153.034
937.8073 1150.651
938.1172 1148.272
938.4271 1145.892
938.7371 1143.512
939.047 1141.132
939.3569 1138.752
939.6668 1136.372
939.9767 1133.992
940.2867 1131.612
939.8455 1129.266
939.2053 1127.375
939.1422 1124.577
939.1821 1122.177
939.2222 1119.778
939.2622 1117.378
939.2955 1115.378
939.3356 1112.979
939.3689 1110.979
939.4089 1108.579
939.4489 1106.179
939.489 1103.78
939.5223 1101.78
939.5623 1099.38
939.5956 1097.381
939.6357 1094.981
939.7872 1092.992
939.8403 1091.17
939.8403 1089.468
940.5266 1087.688
942.6623 1086.794
945.4408 1086.485
947.8321 1086.655
950.1775 1086.937
952.5488 1086.951
954.2624 1086.629
954.2659 1085.873
954.2659 1084.946
954.2659 1084.151
954.2659 1083.357
954.2659 1082.694
954.2659 1081.9
954.2659 1081.105
954.2659 1080.443
954.2659 1079.781
954.2659 1078.987
954.2661 1078.195
954.2661 1077.533
954.2771 1076.495
954.3001 1074.624
954.3269 1072.345
954.317 1069.156
954.0638 1067.174
953.2522 1066.432
952.4724 1066.431
952.066 1066.431
952.2991 1066.431
952.7496 1066.431
953.2754 1066.431
953.8931 1066.429
954.2693 1066.413
954.2693 1066.413
954.2693 1066.413
954.2693 1066.413
954.2693 1066.413
954.2693 1066.413
954.2693 1066.413
954.2693 1066.413
953.6841 1066.413
952.3088 1066.413
950.5498 1066.408
948.5143 1066.266
945.933 1065.192
943.3585 1064.097
942.1199 1062.053
941.6599 1059.724
941.9376 1057.352
942.8971 1055.161
944.2864 1053.208
945.8629 1051.403
946.7552 1049.407
946.7828 1046.717
946.7939 1043.94
946.794 1041.963
946.5453 1039.981
945.6947 1037.742
945.3676 1035.376
945.3948 1032.977
945.422 1030.577
945.4492 1028.177
945.4764 1025.777
945.4945 1024.177
945.5217 1021.777
945.6306 1020.184
946.5549 1017.979
946.7511 1016.346
946.7511 1015.636
946.7511 1015.979
946.7511 1017.32
946.7511 1019.237
946.7511 1020.682
946.7511 1020.682
946.7511 1020.682
946.7511 1020.682
946.7511 1020.682
946.7511 1020.682
946.7511 1019.307
946.7511 1017.657
946.7511 1016.557
946.7511 1014.907
946.7511 1013.257
946.7511 1012.246
946.7511 1011.461
946.7511 1011.317
946.7511 1010.723
946.7511 1009.794
946.7511 1009.381
946.7511 1008.585
946.8271 1007.192
948.3074 1005.452
950.383 1004.25
952.4791 1003.081
954.6765 1002.142
956.2679 1002.026
958.9806 1002.716
961.3719 1002.808
964.0957 1002.161
966.4211 1001.568
968.4161 1001.584
970.4066 1001.433
973.152 1000.883
975.113 1000.489
977.4952 1000.606
979.8694 1000.624
982.2481 1000.305
984.6268 999.9858
987.0055 999.6666
988.5912 999.4539
990.9699 999.1346
992.5557 998.9219
994.9344 998.6027
996.9166 998.3367
998.8989 998.0707
1001.278 997.7515
1003.26 997.4855
1005.241 997.7035
1007.589 998.0764
1009.986 997.9635
1012.382 997.8214
1014.378 997.7029
1016.375 997.5845
1018.771 997.4424
1020.767 997.324
1022.764 997.2055
1025.159 997.0634
1027.156 996.9449
1029.152 996.8265
1031.548 996.6844
1033.145 996.5897
1034.53 996.0858
1034.488 994.7347
1034.509 992.6492
1034.514 992.0769
1034.514 992.0769
1034.452 992.0769
1034.455 992.0769
1034.461 992.0769
1034.465 992.0713
1034.478 992.0577
1034.478 992.0577
1034.478 992.0799
1034.478 992.4131
1034.478 993.1376
1034.478 994.2331
1034.481 995.6688
1035.803 997.7582
1037.81 999.0676
1040.105 999.7488
1042.855 1000.275
1044.844 1000.128
1046.69 999.3644
1048.703 997.4376
1050.027 995.439
1050.679 992.736
1050.01 990.4607
1048.488 988.6196
1048.088 986.8457
1048.078 984.4777
1047.605 982.616
1047.097 980.2734
1047.374 977.493
1047.834 975.1375
1048.294 972.7819
1048.677 970.819
1049.137 968.4634
1049.52 966.5005
1049.903 964.5375
1050.363 962.182
1050.823 959.8265
1051.206 957.8635
1051.589 955.9006
1051.641 953.9127
1051.248 951.9543
1051.432 949.5632
1051.707 947.179
1051.982 944.7948
1052.257 942.4106
1052.487 940.4238
1052.716 938.437
1052.991 936.0527
1053.174 934.4633
1053.449 932.0791
1053.678 930.0923
1053.795 928.1005
1053.076 925.8275
1052.389 923.5379
1052.289 921.1439
1052.249 918.7443
1052.21 916.3446
1052.184 914.7448
1052.144 912.3451
1052.111 910.3454
1052.079 908.3456
1052.039 905.946
1052.013 904.3462
1051.974 901.9465
1051.941 899.9468
1051.908 897.9471
1051.875 895.9473
1051.842 893.9476
1051.803 891.5479
1051.777 889.9481
1051.737 887.5485
1051.704 885.5487
1051.672 883.549
1051.639 881.5493
1051.606 879.5496
1051.567 877.1498
1051.54 875.55
1051.501 873.1504
1051.475 871.5506
1051.435 869.1509
1051.402 867.1512
1051.37 865.1515
1051.337 863.1517
1051.304 861.152
1051.271 859.1523
1051.238 857.1525
1051.206 855.1528
1051.173 853.1531
1051.14 851.1534
1051.107 849.1536
1051.074 847.1539
1051.041 845.1542
1051.009 843.1544
1051.029 841.1573
1051.575 839.2436
1052.738 837.6261
1054.121 835.2019
1054.69 832.8757
1055.153 830.5208
1055.539 828.5583
1056.002 826.2034
1056.31 824.6334
1056.773 822.2784
1057.159 821.8799
1057.545 821.8799
1058.008 821.8799
1058.316 821.8799
1058.856 821.8799
1059.165 821.8799
1059.551 821.8799
1060.014 821.8799
1059.859 822.6649
1058.219 824.4117
1056.788 825.8083
1055.191 827.5993
1053.664 829.9408
1052.738 832.1521
1052.194 834.4868
1052.416 836.8627
1053.971 838.6054
1056.081 839.7277
1058.356 840.4838
1060.623 841.2655
1061.926 841.0308
1063.261 840.9156
1063.261 840.9156
1063.264 840.916
1063.264 840.6343
1063.743 839.2311
1065.267 838.2557
1067.609 837.7711
1069.978 837.39
1072.323 836.9309
1074.681 837.321
1076.9 838.2295
1079.123 839.1303
1081.486 839.4979
1083.874 839.3037
1085.856 839.0308
1088.233 838.7034
1090.534 838.0726
1091.939 837.3116
1094.271 836.7485
1096.623 836.2704
1098.974 835.7923
1101.326 835.3142
1102.894 834.9955
1105.246 834.5174
1107.206 834.119
1109.166 833.7206
1111.126 833.3222
1113.086 832.9238
1115.438 832.4457
1115.75 832.6
1116.158 833.2434
1117.215 833.9633
1119.095 834.0828
1121.084 834.1194
1122.901 834.8482
1124.508 836.6282
1125.69 838.7092
1125.622 839.9072
1125.622 839.9072
1125.622 839.9072
1127.22 839.9991
1129.173 839.7267
1131.28 838.5909
1133.212 837.1736
1135.391 836.2155
1137.74 835.7325
1139.707 835.3738
1141.675 835.015
1144.036 834.5845
1145.61 834.2975
1147.971 833.8671
1149.957 833.6643
1151.902 834.0719
1153.91 835.3561
1155.708 836.9415
1157.776 838.1403
1160.085 838.762
1162.436 839.2443
1164.787 839.7266
1166.746 840.1285
1168.706 840.5304
1171.057 841.0127
1173.016 841.4146
1174.959 841.8731
1177.003 843.1053
1178.396 845.0396
1179.452 847.192
1180.746 849.2045
1182.582 850.7368
1184.555 852.103
1186.199 853.2415
1187.844 854.38
1189.488 855.5185
1190.791 857.0275
1191.591 859.2672
1191.63 861.6566
1191.271 864.0289
1191.203 866.4269
1191.703 868.7664
1192.639 870.976
1193.576 873.1857
1194.201 874.6588
1195.137 876.8683
1195.918 878.7097
1196.699 880.5511
1197.635 882.7607
1198.165 884.2671
1198.229 886.6543
1198.303 889.0391
1198.924 891.3544
1199.596 893.6583
1200.269 895.9622
1200.829 897.8821
1201.389 899.802
1202.062 902.1058
1202.001 903.9229
1202.001 905.8427
1202.006 908.1996
1201.445 910.5131
1200.979 912.8616
1201.128 915.2497
1201.397 917.6346
1201.667 920.0194
1201.936 922.4043
1202.059 924.7892
1202.328 927.174
1202.553 929.1614
1202.822 931.5463
1203.046 933.5337
1203.315 935.9185
1203.584 938.3034
1203.853 940.6883
1204.122 943.0731
1204.302 944.663
1204.536 947.0479
1204.536 949.4328
1204.536 951.8176
1204.536 954.2025
1204.536 956.5873
1202.944 957.5399
1200.547 957.6398
1198.149 957.5377
1198.08 957.4435
1198.08 957.4435
1198.08 957.4435
1198.247 955.4506
1198.448 953.059
1198.649 950.6674
1198.85 948.2758
1199.017 946.2828
1199.218 943.8912
1199.385 941.8983
1199.586 939.5067
1199.787 937.1151
1199.988 934.7235
1200.155 932.7305
1200.356 930.3389
1200.557 927.9474
1200.724 925.9544
1200.925 923.5628
1201.126 921.1712
1201.193 920.374
1201.193 920.374
1201.193 920.374
1201.193 920.374
1201.193 920.374
1201.193 920.374
1201.193 920.374
1201.193 920.374
1201.193 920.374
1201.193 920.374
1201.193 920.374
1201.193 920.374
1201.193 920.374
1201.193 920.374
1201.193 920.374
1201.193 920.374
1201.193 920.374
1201.193 920.374
1201.193 920.374
1201.059 921.9684
1200.892 923.9614
1200.691 926.353
1200.49 928.7446
1200.289 931.1362
1200.155 932.7305
1199.954 935.1221
1199.754 937.5137
1199.553 939.9053
1199.385 941.8983
1199.184 944.2899
1199.017 946.2828
1199.5 948.6092
1200.517 950.7697
1200.88 953.5354
1201.036 956.3311
1201.169 958.7274
1201.258 960.3249
1201.258 960.3249
1201.258 960.3249
1201.258 960.3249
1201.258 960.3249
1201.258 960.3249
1201.346 961.9224
1201.48 964.3187
1201.613 966.715
1201.746 969.1113
1201.879 971.5076
1202.012 973.9039
1202.19 977.099
1202.279 978.6965
1202.412 981.0928
1202.545 983.4891
1202.678 985.8854
1202.834 988.6812
1202.967 991.0775
1202.381 993.3984
1202.11 995.7778
1202.085 998.1776
1202.055 1000.977
1202.034 1002.977
1202.009 1005.377
1201.979 1008.177
1201.954 1010.577
1201.924 1013.377
1201.899 1015.777
1201.873 1018.177
1201.852 1020.176
1201.823 1022.976
1201.797 1025.376
1201.797 1025.376
1201.797 1025.376
1201.797 1025.376
1201.797 1025.376
1201.797 1025.376
1201.789 1026.176
1201.764 1028.576
1201.738 1030.976
1201.713 1033.376
1201.692 1035.375
1201.666 1037.775
1201.645 1039.775
1201.615 1042.575
1201.594 1044.575
1201.569 1046.975
1201.544 1049.375
1201.518 1051.775
1201.506 1052.975
1201.506 1052.975
1201.506 1052.975
1201.506 1052.975
1201.506 1052.975
1201.506 1052.975
1201.506 1052.975
1201.506 1052.975
1201.506 1052.975
1201.506 1052.975
1201.501 1053.375
1201.476 1055.774
1201.451 1058.174
1201.43 1060.174
1201.404 1062.574
1201.383 1064.574
1201.358 1066.974
1201.332 1069.374
1201.307 1071.774
1201.307 1071.774
1201.307 1071.774
1201.307 1071.774
1201.307 1071.774
1201.307 1071.774
1201.294 1072.973
1201.273 1074.973
1201.248 1077.373
1201.222 1079.773
1201.201 1081.773
1201.176 1084.173
1201.522 1086.531
1201.824 1088.898
1201.899 1091.297
1201.974 1093.695
1202.048 1096.094
1202.123 1098.493
1202.198 1100.892
1202.273 1103.291
1202.348 1105.69
1202.422 1108.089
1202.485 1110.088
1202.56 1112.486
1201.963 1114.798
1200.954 1116.967
1200.562 1119.737
1200.344 1122.126
1200.125 1124.516
1199.453 1126.814
1199.06 1129.178
1198.703 1131.955
1198.346 1134.732
1198.091 1136.716
1197.786 1139.096
1196.847 1141.293
1195.169 1142.995
1192.741 1144.387
1190.963 1145.993
1189.647 1147.985
1189.098 1151.122
1189.777 1153.416
1191.043 1155.448
1193.253 1157.754
1195.216 1159.13
1196.121 1158.903
1197.263 1157.772
1198.286 1156.753
1198.822 1156.219
1198.822 1156.219
1198.822 1156.219
1198.822 1156.219
1198.822 1156.219
1198.822 1156.219
1198.683 1156.358
1198.517 1156.524
1198.351 1156.69
1198.185 1156.856
1198.019 1157.022
1197.853 1157.188
1197.687 1157.354
1196.672 1156.117
1194.895 1153.953
1193.626 1152.407
1191.849 1150.243
1190.326 1148.388
1188.971 1146.418
1188.223 1144.139
1188.158 1142.089
1189.043 1141.204
1189.094 1141.153
1187.686 1143.573
1185.971 1145.2
1184.007 1146.214
1182.647 1147.573
1181.952 1148.268
1180.55 1149.629
1178.331 1151.841
1176.647 1153.521
1174.744 1155.566
1173.279 1157.932
1171.504 1159.521
1169.473 1160.707
1168.729 1162.449
1166.982 1164.633
1165.132 1166.118
1162.669 1167.436
1160.683 1169.399
1159.056 1171.164
1157.066 1172.479
1154.985 1173.656
1152.914 1175.54
1150.33 1176.575
1147.95 1176.854
1145.704 1177.653
1142.804 1178.943
1140.42 1178.785
1138.176 1177.95
1135.115 1177.055
1132.731 1177.039
1129.56 1177.468
1127.181 1177.79
1124.803 1178.111
1122.425 1178.433
1119.896 1179.595
1117.629 1180.366
1114.891 1180.95
1112.152 1181.533
1109.414 1182.117
1107.041 1181.947
1104.773 1181.185
1102.392 1181.007
1099.198 1181.201
1096.802 1181.347
1094.007 1181.517
1091.212 1181.687
1088.817 1181.833
1086.421 1181.979
1083.626 1182.149
1080.832 1182.32
1078.436 1182.465
1076.041 1182.594
1073.348 1181.87
1071.207 1180.091
1069.957 1178.045
1068.853 1175.049
1068.477 1172.681
1068.598 1169.49
1068.63 1167.093
1068.19 1164.74
1066.896 1163.872
1065.383 1163.636
1063.782 1162.169
1062.487 1159.686
1061.562 1157.913
1060.453 1155.785
1059.56 1155.23
1059.708 1155.23
1060.323 1155.23
1060.256 1155.23
1059.751 1155.23
1059.065 1155.23
1058.55 1155.23
1058.035 1155.23
1056.836 1155.225
1054.949 1155.202
1052.703 1155.073
1050.229 1153.773
1048.287 1151.793
1047.566 1149.522
1047.586 1147.14
1048.389 1144.886
1050.117 1142.2
1050.89 1140.475
1050.89 1138.99
1050.89 1136.853
1050.911 1134.799
1050.915 1132.58
1051.793 1129.966
1052.112 1127.597
1051.661 1125.656
1050.339 1123.19
1049.694 1120.48
1049.651 1118.088
1049.738 1115.689
1049.84 1112.891
1049.927 1110.493
1050.014 1108.094
1050.115 1105.296
1050.188 1103.298
1050.275 1100.899
1050.362 1098.501
1050.449 1096.102
1050.551 1093.304
1050.638 1090.906
1050.725 1088.507
1050.812 1086.109
1050.899 1083.711
1050.986 1081.312
1051.073 1078.914
1051.16 1076.515
1051.233 1074.517
1051.32 1072.118
1051.407 1069.72
1051.479 1067.721
1051.566 1065.323
1051.653 1062.924
1051.74 1060.526
1051.827 1058.127
1052.552 1055.914
1054.635 1055.114
1054.74 1057.503
1054.401 1059.879
1054.062 1062.255
1053.723 1064.631
1053.384 1067.007
1053.045 1069.383
1052.706 1071.759
1052.48 1073.343
1052.48 1073.343
1052.48 1073.343
1052.48 1073.343
1052.762 1071.363
1053.045 1069.383
1053.384 1067.007
1053.723 1064.631
1053.994 1062.251
1053.519 1059.916
1052.304 1057.857
1051.2 1055.295
1050.871 1052.921
1050.595 1050.135
1050.358 1047.747
1050.161 1045.756
1049.964 1043.766
1049.727 1041.378
1049.49 1038.99
1049.253 1036.601
1049.056 1034.611
1048.684 1032.651
1047.424 1030.628
1045.499 1029.214
1044.818 1028.351
1044.818 1027.873
1044.818 1027.531
1044.818 1026.938
1044.809 1025.708
1044.809 1024.287
1044.809 1022.865
1044.809 1021.681
1044.809 1021.381
1046.13 1023.303
1046.943 1025.561
1047.847 1027.784
1048.98 1029.897
1050.449 1031.791
1052.213 1033.415
1054.278 1034.617
1056.929 1033.735
1057.313 1032.188
1057.321 1030.486
1057.321 1028.964
1057.321 1027.772
1057.321 1026.943
1057.321 1026.145
1057.325 1023.741
1057.308 1021.393
1056.463 1019.179
1055.151 1017.169
1052.53 1015.372
1050.992 1014.945
1048.122 1015.156
1048.118 1015.793
1048.118 1016.36
1048.118 1016.495
1048.118 1015.955
1048.102 1014.335
1047.867 1012.671
1047.172 1010.38
1046.816 1007.603
1046.129 1004.893
1044.428 1003.216
1042.206 1002.343
1039.821 1002.341
1037.496 1002.923
1035.302 1003.889
1033.3 1005.208
1031.053 1006.874
1028.923 1007.965
1026.57 1008.38
1023.781 1008.426
1021.79 1008.611
1019.799 1008.796
1017.409 1009.018
1015.418 1009.204
1013.426 1009.389
1011.873 1009.264
1011.868 1008.71
1011.868 1008.18
1011.868 1008.143
1011.868 1008.106
1011.868 1008.076
1011.851 1007.527
1011.412 1006.437
1009.703 1004.243
1008.759 1002.48
1007.135 1000.203
1005.296 998.6745
1002.719 997.6401
1000.333 997.6385
998.4434 998.2691
996.6852 999.8903
995.8135 1002.117
995.9648 1004.907
994.2869 1005.321
991.9197 1005.344
990.3415 1005.344
990.3415 1005.344
990.1544 1004.159
989.8781 1001.776
989.7467 999.3793
989.7317 998.9796
989.7317 998.9796
988.9323 999.0096
986.9337 999.0847
984.5353 999.1749
982.5367 999.2499
980.5382 999.325
978.1399 999.4151
976.541 999.4752
974.1427 999.5652
971.7444 999.6553
970.1455 999.7155
967.7472 999.8055
965.7486 999.8806
963.75 999.9557
961.3517 1000.046
959.7529 1000.106
957.3546 1000.196
955.356 1000.271
953.3574 1000.346
950.959 1000.436
948.5607 1000.526
948.161 1000.541
948.161 1000.541
948.161 1000.541
948.161 1000.541
948.161 1000.541
948.161 1000.541
948.161 1000.541
948.161 1000.541
948.161 1000.541
948.161 1000.541
948.161 1000.541
948.161 1000.541
947.7613 1000.556
945.363 1000.646
943.7641 1000.706
941.3658 1000.797
938.9675 1000.887
937.6243 1000.947
937.6243 1001.037
937.6243 1001.127
937.6243 1001.127
937.6243 1001.127
937.6243 1001.127
937.6243 1001.127
937.6117 1000.369
937.6047 999.1454
937.6047 997.7673
937.6047 997.6322
937.6047 997.6322
937.6047 997.6322
937.6047 997.6322
937.6047 997.6322
937.6047 997.6322
937.6047 997.6322
937.6047 997.6322
937.6047 997.6322
937.5494 999.228
937.5482 1000.426
937.5482 1000.426
937.5482 1000.426
937.5482 1000.426
937.5482 1000.426
937.5482 1000.426
937.5482 1000.388
937.5482 1000.274
937.5482 1000.255
937.5482 1000.255
937.5482 1000.255
937.5482 1000.255
937.5482 1000.255
937.5482 1000.255
937.5482 1000.255
937.5482 1000.255
937.5482 1000.255
937.5482 1000.255
937.5482 1000.255
939.5458 1000.35
941.4756 1000.79
943.2814 1001.647
945.3138 1002.919
947.3839 1004.13
949.6136 1005.011
951.959 1005.346
954.3542 1005.344
956.753 1005.317
959.1518 1005.264
962.0847 1005.34
960.2912 1005.34
958.0229 1005.34
955.6457 1005.354
953.2549 1005.178
950.9269 1004.606
948.7271 1003.653
946.7168 1002.347
944.8337 1000.862
942.8552 999.5067
940.6606 998.5983
938.2863 998.2535
937.6236 997.9344
937.6236 997.6154
937.6236 997.3495
937.6232 997.5554
937.6204 997.9594
937.6204 997.8572
937.6204 997.7167
937.6204 997.7167
937.6204 997.7167
937.6204 997.7167
937.6204 997.7167
937.6204 997.7167
937.6204 997.7167
937.6204 997.7167
937.6204 997.7167
937.6204 997.7167
937.6204 997.7167
937.6204 997.7167
937.6204 997.7167
937.6204 997.7167
937.6204 997.7167
937.6204 997.7167
937.6204 997.7167
